0.0	9099.418066063323	22.25731802665025	1120.6933888360566	220.22955860160326	475.83155697097334	7532.238992647228	23.328030473719508	1920.2574150551195	376.3915273644486	477.03904651828964	6142.372839484403	24.829793275532577	2633.2967253844545	509.80603074750763	472.759987078265	1711.7896954696919	13.58832167829073	5446.177791241422	743.0687074360393	467.8036244905155	5755.297940884698	4.186472360382533	3807.2857401239567	166.3907589063491	475.82727561466896
0.25	9099.448757048749	22.257547681974597	1120.66980458523	220.23498453564903	475.8212094158132	7532.270981610529	23.125356436977928	1920.1891300218333	376.37543549684	477.0727957067692	6142.462893998708	24.74703437979537	2633.238330312119	509.7902441972746	472.8139547847142	1711.7754768759019	13.587524258322343	5446.212380546958	743.0550621539555	467.8084804116715	5755.223448206471	4.18636378015699	3807.3305761076326	166.34643142918273	475.87246609105165
2.75	9099.575510511519	22.24872698662173	1120.7091075525263	220.26380160514893	475.97709726783467	7534.184729205965	22.71201025500326	1918.7076654806688	375.83244845781877	476.9351927634004	6143.463869032817	24.501097270744285	2632.422421002176	509.5172539856348	472.84364941160754	1711.9220227381495	13.587195445487922	5446.467739489146	742.8203243122878	467.80719581166545	5755.170641627755	4.1767717488742075	3807.7824750007244	166.15093855841977	475.81602063384224
5.25	9099.593064806837	22.250693189257877	1120.6812076037927	220.26502048890964	475.9139668169656	7536.278885967449	22.863492484846276	1917.0979113556057	375.2276481191442	476.6642088185054	6144.667046497041	24.39969520147551	2631.3543778039707	509.1717558297633	472.70109597902854	1712.1242561940016	13.584715293665003	5446.7490603489405	742.5766673912935	467.82902962115793	5754.796246909566	4.155919787790512	3808.3176161312126	165.9180443376074	475.91937078412985
7.75	9099.707433866926	22.25828966823653	1120.7358324520335	220.2971081909681	475.80332252930884	7537.910047029802	23.038531924162516	1915.7821340115747	374.8182676608191	476.40971041419743	6145.958569794158	24.3277362071918	2630.15267738521	508.79471919545944	472.65570794614547	1712.0942911197317	13.58759830712869	5447.077806698713	742.3520226596313	468.0509527486167	5754.7161017635335	4.145500765971398	3808.8195748878456	165.68042654883877	475.74788886574544
10.25	9099.758928198826	22.249689738733853	1120.7425915328492	220.34703210001067	475.8956331914771	7539.302579233918	23.21317927730959	1914.8049669119173	374.49800463726154	476.10955791738036	6147.772659122656	24.229185570358492	2628.76560793061	508.3239936747325	472.58609733885555	1712.033632826775	13.589363862525664	5447.338267424022	742.1011180654469	468.31086435973765	5754.575258913279	4.1386113215427285	3808.947443325454	165.68000725033082	475.77010388795634
12.75	9099.785823658945	22.26013834706858	1120.6526737644529	220.28595044106936	475.78750431227144	7539.923125694935	23.219591776445736	1914.30528786709	374.3254955794228	476.0922476960849	6149.974532868283	24.22738598220669	2627.2114467393158	507.8100982298073	472.3401603628573	1712.1909189771627	13.58626194746453	5447.631339544007	741.8371515430406	468.37031445452	5754.719336508795	4.123741098915472	3809.1743612477244	165.5222354805905	475.773164726617
15.25	9100.012137588154	22.255554698465932	1120.6706811364759	220.31480770527196	475.9286662698483	7541.5153667674285	22.928984286759217	1913.0649143649805	373.9163039888133	475.905052542222	6151.374755771528	24.454440567876404	2626.1425085657697	507.50085881376015	472.24321582677555	1712.1645517509482	13.581835483481347	5447.899346473466	741.511487766746	468.411236536126	5754.670056285527	4.125505398281428	3809.1993899720455	165.49877773229366	475.7584276173626
17.75	9100.042035158587	22.25352795181262	1120.664727008522	220.28662845776861	475.8272427293716	7542.64491406916	23.042792034491313	1912.0600134039528	373.5930367124193	475.91400875532815	6152.8813211429615	24.42043627651553	2624.912555962804	507.103422310237	471.96564726951084	1712.233114708677	13.577330920187407	5448.118471874145	741.1878183339571	468.64882658820846	5754.561613569841	4.1255061403608115	3809.25843005849	165.4455359036595	475.83526550899023
20.25	9100.124407221767	22.25506831553141	1120.5671320470117	220.2774979800594	475.8471551928795	7544.437187535776	22.970002950084037	1910.7461170541592	373.1646748713024	475.8561684343059	6154.449800730834	24.489116623185442	2623.83893920704	506.81872167001217	472.0144818620505	1712.2103928895324	13.575845414315355	5448.392245563422	740.8962740015195	468.58378341429756	5754.548969327671	4.126849732227996	3809.6106604061265	165.27769951747524	475.99521719416384
22.75	9100.349491873158	22.26230600559374	1120.4938658512212	220.26557758272313	475.76310952281415	7545.344489900446	23.28677428211747	1910.1062844119476	372.983062327923	475.75684124055874	6156.030257190484	24.410028256083343	2622.7160730177807	506.4822319466899	471.75618462616177	1712.336023320169	13.578530656396898	5448.6177872908465	740.6499899392936	468.44364966163414	5754.127970826243	4.117214102461458	3810.0670487179477	165.00956467772806	476.1250452182185
25.25	9100.582654802616	22.264345245988228	1120.4685255393615	220.29835701135585	475.7403990718929	7546.245785717059	23.265505240088835	1909.6043150484102	372.836062272782	475.70961019380917	6157.484584887611	24.436115175477525	2621.480405375091	506.0954858499218	471.4840326171652	1712.5296851637256	13.580906249628987	5448.779754978381	740.3908795744037	468.72330938782864	5753.948748254761	4.118855918540158	3810.4567764617295	164.7746446410752	475.9774328381422
27.75	9100.62762012302	22.269026025182765	1120.444333413837	220.28935333847426	475.62327304707395	7546.83261148063	23.350747277221558	1909.192506925238	372.74027454928296	475.73635580555873	6158.954217531458	24.44240387096566	2620.3293943090716	505.72883209285834	471.2237156028864	1712.665376185175	13.575077035017477	5448.957825181675	740.1206864473393	468.758938773489	5754.012516975107	4.116135211539641	3810.692631333637	164.62316278958937	476.10918521817916
30.25	9100.526223626772	22.265321277344142	1120.4547401927925	220.3003198715997	475.68012842296196	7547.297554143809	23.37706399101442	1908.759772632613	372.65959898991406	475.7234487005593	6160.389930491671	24.447785557861966	2619.252116143929	505.37727071708605	471.069297212951	1712.6779798000637	13.571394623728166	5449.205019848603	739.826112005654	468.7146725521308	5754.12676436664	4.110183178276548	3810.8344949573816	164.51056700121327	475.9657164918943
32.75	9100.518817677792	22.27891645398267	1120.4967281474355	220.26222247009207	475.5967964637188	7547.61127218699	23.43510948314232	1908.525958507348	372.61749760570694	475.74438947776116	6161.902959272417	24.457470687042104	2618.1559317833544	505.04400975919344	470.9184302874829	1712.8241376231213	13.586088537559794	5449.297351820592	739.5167453341286	468.6147125254603	5754.165901474761	4.099035946420457	3810.9871281978662	164.44825748821336	476.0466081465998
35.25	9100.620178505827	22.276543117720898	1120.4798840881288	220.26920408241378	475.5124710917441	7548.010605714681	23.535740483466853	1908.2779272821563	372.6080688338093	475.68281124573116	6163.232189177747	24.87279749354249	2617.146213010911	504.7202111483798	470.7548704372032	1712.6107166241761	13.58404344923419	5449.45043644387	739.231507010636	468.418236135989	5754.096625404967	4.0990145004804885	3811.1355624220996	164.31738367993103	476.10965327834856
37.75	9100.577542780931	22.285201910751073	1120.416631207392	220.24540689293812	475.5726802424783	7547.970085787776	23.70298782920795	1908.4188890485475	372.70136644816273	475.89047439390913	6161.964435353147	25.788904263622147	2617.8103445520087	505.04026306220493	470.92569844738057	1712.9404059608573	13.590596857973589	5449.585368667027	738.9664464529205	468.4980573218722	5754.18627556513	4.116335935062072	3811.295104280841	164.16075806057486	476.0702620504907
40.25	9100.698209966185	22.277774936562395	1120.3525976659032	220.22890168005398	475.6007646234495	7547.453941863309	23.7218608283048	1908.6923933934995	372.8537450675242	475.8493128330803	6160.318739788289	25.79763608040146	2618.9994609145056	505.5075124323195	471.1706943001761	1713.2310311059373	13.599581825040309	5449.762279455232	738.6536210047686	468.531162242261	5754.111627777707	4.125758862951485	3811.387276066123	164.03934881566528	476.2131698480569
42.75	9100.667322760866	22.284177922931036	1120.3454799192698	220.22767536810713	475.4866690434567	7547.077586753674	23.771388780382686	1908.9104828402833	372.9784158496063	475.88610071427894	6158.853696524419	25.756534088996084	2620.184799099168	505.98609222173303	471.6533175756575	1713.3513800754306	13.592600160885286	5449.955292634114	738.3981403124326	468.57910877525353	5753.882536337745	4.137138402438147	3811.807734272099	163.8160682236921	476.2265886273766
45.25	9100.771836941885	22.2789545744292	1120.3404139510014	220.24315637510745	475.69793435033984	7546.416597737217	23.8655371316761	1909.405224460879	373.1855981555656	476.03166187198946	6157.268210768207	25.7010647362701	2621.2357971774913	506.37979746204314	471.8875924396643	1713.1960242144178	13.607550972534511	5450.185771537584	738.1235930049617	468.4901604482542	5753.8978634003315	4.141503240170455	3812.302265424155	163.5821985821322	476.3522496975965
47.75	9101.014105328744	22.267607536428816	1120.3578901132416	220.24472604052124	475.7960561563797	7545.646247381233	23.95885897035869	1909.9724415949374	373.4270486827345	476.01791953761153	6155.761146432093	25.63694972875862	2622.3507403424583	506.82846627995445	472.2863120243518	1713.3176777384888	13.613508805243745	5450.315756772642	737.886066588003	468.49102511889856	5753.70321418053	4.141349929275371	3812.6909960248777	163.34021267644744	476.3668627435408
50.25	9100.861221606527	22.26674422933575	1120.2988043107744	220.18821456248628	475.73538939304376	7544.264750951937	24.223984853119696	1910.9582593520697	373.80787759637127	476.25063959092347	6154.812631654091	25.48590139099729	2623.2154254270877	507.15488667053404	472.5904246322453	1713.286636537561	13.617053600557036	5450.581331259483	737.638638031707	468.5245297266173	5753.477954547041	4.134746415908536	3813.2650541340363	163.04717092775755	476.47016619299677
52.75	9100.895512023284	22.27307640298041	1120.3663168019716	220.17408023069535	475.6891308141096	7542.792064788516	24.18554904234144	1912.1524176207406	374.283043776614	476.4299142714667	6153.878749064229	25.49094293173326	2623.9102060466075	507.47965224752	472.7090092908547	1713.264458832424	13.623563318446102	5450.824590299074	737.3633604223392	468.5641968720439	5753.206789183685	4.143152353417942	3813.8293467748667	162.74809262155185	476.59291102907787
55.25	9100.711301320542	22.247509019451105	1120.4004363516517	220.17245236711008	476.14426829378345	7541.5917653973	23.556834367270127	1912.903119536058	374.5593462058166	476.42207127212106	6152.600209557038	25.167777807236753	2624.9757891167696	507.852893101941	473.020056158745	1713.3442091475706	13.629580531228605	5450.975479690048	737.136502280514	468.60864350893604	5753.0300448663975	4.1443150537410585	3814.4448960172917	162.4382273898946	476.58404689471234
57.75	9100.523371109593	22.221932278507072	1120.3971716084086	220.17915248426692	476.28623131059544	7542.995123121666	22.722401793601133	1911.8403608354554	374.1684893890598	476.35130525264117	6153.942902700052	24.069100822566334	2623.991731178408	507.5331733911636	472.84215007165756	1713.3906262134817	13.625158495641427	5451.138258123263	736.8803425890335	469.0138796252066	5752.7111370513985	4.130649633993924	3815.282357660356	162.00162060936944	476.9263822993411
60.25	9100.396104896356	22.2208353841358	1120.4151592762967	220.13378583615255	476.27135808142526	7545.091506102585	22.723715066127138	1910.3297274642798	373.6389334763099	475.9377816739295	6155.917584382433	24.044933832548914	2622.3715005361637	506.98731414742383	472.62377791100124	1713.311324648107	13.624422077237732	5451.374699065923	736.6540629472372	468.86956361975507	5752.125899447898	4.1082572724090385	3816.0696203221537	161.56452233097238	476.888506918132
62.75	9100.426932569602	22.220658371797754	1120.4438257896174	220.11885756138088	476.26496887078764	7547.2746074456645	23.09532038308192	1908.8642704042413	373.0940286935755	475.6371526828075	6158.085735421291	24.091205135121204	2620.7070172008584	506.4045831071111	472.16804896317444	1713.4152944682946	13.627880501198238	5451.618050394152	736.4448079970441	469.1101351372204	5751.780054170487	4.09808579533334	3816.6746121150586	161.25005122952123	476.8402306003298
65.25	9100.434386278946	22.223561616259556	1120.3481471679056	220.16102924287014	476.28642909973274	7547.0933669128	23.694008235144572	1908.9830203431036	373.15263475020413	475.628537735889	6160.227631524823	24.28408685493341	2619.1145461412293	505.88228096687055	471.9673745801879	1713.4561351879427	13.619710065515221	5451.855671533043	736.1722354073903	469.15269126179874	5751.773236355409	4.090007649887959	3816.985111777644	161.0879099991846	476.8133182691103
67.75	9100.536540678804	22.223777670149893	1120.3172306407284	220.14891394281537	476.3942412571967	7547.253102487508	23.36450106379094	1908.7359271026492	373.0791383510043	475.60986047070776	6161.319168644192	24.603967051861126	2618.2295231543817	505.60372914772177	471.80883852599106	1713.5255627738327	13.620720383494415	5452.042251403247	735.9582149393228	469.2358705165263	5751.602364101533	4.07804364363477	3817.113989860823	160.98939480531405	476.8523994122716
70.25	9100.655359512724	22.207495176636737	1120.3086672267762	220.1570785082586	476.5851714615862	7547.585196685777	23.445080676653994	1908.4200786406418	373.0059223959932	475.5238504671245	6162.323016504485	24.61408927607165	2617.5988167616974	505.38389086687533	471.5684254632501	1713.7091771867545	13.611562074828084	5452.177520253605	735.7054561227674	469.282980144656	5751.58746324842	4.076303658284056	3817.379310579261	160.89917270362162	476.71688954602047
72.75	9100.775403674146	22.200380143280764	1120.229351276455	220.14260747090174	476.5863603905441	7548.036454814497	23.53917126517216	1908.1304269897967	372.9012037148216	475.54321809625196	6163.138520374418	24.858371357806433	2616.8213075845924	505.1744599251221	471.4591592702724	1713.7344705790842	13.612258365033837	5452.367251058118	735.4419679908775	469.1235033619326	5751.681927255753	4.080187100263299	3817.3265935247377	160.89528251535287	476.72079281988056
75.25	9100.833391163616	22.204457600665954	1120.1833099444018	220.1739861612013	476.55505181777204	7547.973678032869	23.71463686506922	1908.3159015728602	372.97631935390734	475.68679803897993	6162.6622575341435	25.39347192025261	2617.186071832951	505.29434137773904	471.4398393663424	1713.819969197184	13.617616366498346	5452.528284086271	735.1534250542504	469.3464802264537	5751.676907150282	4.086784806031434	3817.412122821758	160.8624090283187	476.77884258352225
77.75	9100.576468441537	22.21717076095977	1120.068422554815	220.15242431868714	476.47615861397145	7547.652850897491	23.677627998163047	1908.546725660319	373.0866867961178	475.664940682269	6161.729362800838	25.440032805779925	2617.696301244479	505.51799171655847	471.3119386177278	1713.8833232546212	13.621888544436306	5452.652940718306	734.8853625880084	469.25373766070584	5751.8173601323815	4.091319266745459	3817.29584153526	160.85137972142465	476.7317572890953
80.25	9100.658873673568	22.211089437444986	1120.0492157396793	220.162429221601	476.4803487988574	7547.581864147849	23.674450194826882	1908.6521739865084	373.157684267845	475.71422533572564	6160.800773435957	25.42330675655905	2618.4058352786465	505.77050404277594	471.64420886685224	1713.859030382568	13.620051799523957	5452.826119423705	734.6522498579934	469.31620510859165	5751.785617208878	4.097608162893889	3817.3578207288965	160.79079943058883	476.79251021426205
82.75	9100.673041917897	22.20079880134243	1119.9997559897965	220.19155659005014	476.57046759599973	7547.178345634938	23.70594722174403	1908.993389794454	373.28568565759133	475.91406291170483	6159.877610550504	25.405530488887397	2618.9874690157094	506.02603775994925	471.61476202716443	1713.9715471058948	13.628211616604625	5452.923482752147	734.3827651921099	469.1900596206031	5751.723805910934	4.102124507646642	3817.570663237783	160.6661505365954	476.9307560921685
85.25	9100.553224158042	22.20906912034557	1120.0115318335206	220.17641236340228	476.406472099004	7546.832092541234	23.615584089574792	1909.1492871042592	373.3585119154735	475.87806885933014	6158.832763783952	25.427798102151073	2619.56139302973	506.24879135628726	471.846326873031	1713.854815402513	13.623361493543506	5453.0883109892875	734.0993514154165	469.1759594728809	5751.445796720766	4.101981823299046	3817.9969227418037	160.4431867083905	476.8856722569981
87.75	9100.632474017928	22.214262090953316	1119.9904150442055	220.19946638022338	476.4148704032373	7546.514753110327	23.664975633711812	1909.3153696551092	373.4506588247392	475.93247103419225	6157.937954787248	25.409038781078163	2620.124095059883	506.49178359040366	471.8203437182074	1713.8073505340633	13.62478099236317	5453.1971801887985	733.8379418353517	469.26008219305675	5751.39160836542	4.105487482013933	3818.2804967457705	160.3431105906761	476.90478154068325
90.25	9100.73428045715	22.21604119052915	1120.0007330011297	220.16720114123507	476.44140638293885	7546.07577297593	23.65293426480279	1909.5186277967614	373.5014431963229	476.00187597774266	6157.096567583809	25.401964313496915	2620.7133731685767	506.71856489580796	472.06525818718393	1713.7060123271497	13.63560853923532	5453.431566634776	733.6029515656757	469.28166450176826	5751.197555843831	4.107839082752131	3818.511732048095	160.23953965093423	476.8568640048176
92.75	9100.777683419059	22.208199665608063	1119.9406911295744	220.18438556412815	476.6128084131072	7545.499194728804	23.658175564328904	1909.726905984426	373.5714447707063	476.04184407640855	6156.416765805825	25.3909018302191	2621.243768038835	506.92450887540105	472.10323743920975	1713.7102397386727	13.635106262223912	5453.622574265889	733.384963952676	469.24551175242345	5751.181198671342	4.103222866778178	3818.6960935314173	160.12831338225752	477.1114017987649
95.25	9100.667028182133	22.20232938612075	1120.0353990680057	220.2176395493652	476.72363252732697	7545.315145476696	23.64095692034721	1909.8126969157229	373.6118615345542	476.17899850044284	6155.591533724822	25.38289546283577	2621.896425649702	507.1017169351726	472.2434359692728	1713.7188376204665	13.639030954133615	5453.860886837349	733.1415017579789	469.26472012559327	5751.047105213527	4.101534260127571	3819.156457635186	159.89711016761453	477.1050945203438
97.75	9100.758657397519	22.2037235899856	1120.0856026138572	220.22026447519912	476.63236974221394	7544.977155017083	23.714087018875208	1910.0441140105008	373.72201013796763	476.0892030384641	6154.905937717817	25.361853846604987	2622.379159494553	507.31131867123923	472.27476152954404	1713.9817440752538	13.653247489644905	5453.987891532777	732.8973692850664	469.49511555522304	5750.845141525327	4.105908113734008	3819.614397625997	159.70188522605088	477.1621863379683
100.25	9100.720547007899	22.204606941365395	1120.1126898830344	220.20236646320544	476.6141227334006	7544.7642151849	23.753399964362437	1910.3426192692693	373.8186374552763	476.2151700679176	6154.166139690207	25.328280376208333	2622.9199077128887	507.5039685992959	472.45078777859857	1713.9308981709023	13.665767909600175	5454.1354913598025	732.6705909961923	469.67480599348664	5750.64216264231	4.102581916977643	3820.1421593835703	159.5026792592235	477.09298564054393
102.75	9100.729352273433	22.196436170291637	1120.2588429844038	220.23722873998852	476.73847749090373	7544.1484813398865	23.84013405554711	1910.7927524444679	374.01204597569307	476.2429326952075	6153.425721842917	25.284393011211943	2623.345540638098	507.65490509014967	472.4960997941844	1714.0565311903492	13.670828690201084	5454.356520732119	732.4412873873546	469.84295942360416	5750.8148523587015	4.10079008699844	3820.2323578460455	159.44764336425504	477.02602337177433
105.25	9100.684335738888	22.187410736254627	1120.2671928861187	220.2430040229379	476.75932827240973	7543.299130793905	23.75297541264102	1911.2305003222157	374.1699006703891	476.16317764579554	6152.827227414599	24.909587068818848	2623.747557978396	507.8264563153683	472.86933046350254	1714.0462521307877	13.669029043202993	5454.56733683692	732.2200896025731	469.9610102421002	5750.770160792738	4.101044971246446	3820.2304474037333	159.39712834820642	477.0779501936905
107.75	9100.725957979892	22.182421637819658	1120.2443005629918	220.23635820149102	476.9171665523734	7543.275219169993	23.382045784815126	1911.3512597126576	374.16371055068925	476.2730497604719	6154.012040396593	24.173175629554066	2622.545924840019	507.4473504636822	472.7271058214251	1713.9887604486396	13.661875442126657	5454.785530903544	732.0024305760292	470.1442962612416	5750.445172021759	4.0953169254300406	3821.0213180547084	158.9790710927132	477.7656110724821
110.25	9100.745695345322	22.184953141336216	1120.1976919671908	220.27656974173408	476.78051195268694	7544.308504218684	23.084277958996758	1910.5602471965194	373.9006932121298	476.18794130663116	6155.5960143183875	24.337079989486885	2621.452629736588	507.07153623268493	472.7654353794179	1714.196801430836	13.657019843058576	5455.030487016242	731.7374326105662	470.02388058716076	5749.754124638854	4.08955149126767	3822.177968480452	158.38640642552724	477.5553874277425
112.75	9100.721562785937	22.185182663376256	1120.1920535389436	220.2785772765806	476.7409575642614	7545.253010446211	23.2149036083722	1909.8492091858839	373.62875320322775	476.15857582942	6156.919453441664	24.292316284119178	2620.361182928949	506.6823528017017	472.63932741337356	1714.0681112454538	13.651601698984914	5455.271714569897	731.5035023205651	470.1061188664963	5749.454843316801	4.084352209174461	3822.844816389387	158.0020816253582	477.5893910886681
115.25	9100.86089859774	22.18544181505644	1120.2076338563409	220.29406651163973	476.77391536329424	7546.101653330926	23.25231730180985	1909.349071344135	373.43741945209774	476.00981142111067	6158.606727006668	24.28315512132876	2619.19351105669	506.2918802599477	472.60996702715005	1713.9250297123353	13.651834321361974	5455.482931478254	731.2999391493101	469.9057498250796	5749.376873135152	4.066837620201953	3823.331399436558	157.73878157984814	477.4558903928321
117.75	9100.905566776792	22.186933108726848	1120.1964909675805	220.27241691281242	476.78105513588804	7546.855932224608	23.28979629311346	1908.7602552308103	373.2917486514886	475.8657898202879	6160.2154285829265	24.290922148296403	2618.0115606103946	505.93033323939324	472.26953499622624	1713.796937132469	13.653972502916687	5455.723824713394	731.0238280014823	469.8046645090149	5749.25037844627	4.0560243869995745	3823.49649868731	157.6307912197252	477.4806881925726
120.25	9100.819385016988	22.185795734099774	1120.2554680876847	220.27213777584882	476.6927272772409	7547.430710243755	23.36192558164946	1908.2539879946992	373.1691065044346	475.9030366922896	6161.81967500812	24.441888854484375	2616.9616528576075	505.53689913482566	472.1447918058009	1713.7556449979147	13.654012501646207	5455.973899061737	730.8076102575119	469.9070692964362	5749.233879887033	4.0494470513368155	3823.7215296961776	157.51842671562332	477.5017962147305
122.75	9100.64217447115	22.197943892765455	1120.167392416145	220.26073026306076	476.5566729755477	7547.644942961456	23.479179635372162	1908.094793261506	373.1043886898184	475.9052464226698	6162.318636059007	24.78398387234984	2616.5416413454504	505.3658052951622	472.1738920049475	1713.6406785998429	13.65646632289717	5456.074897641569	730.5738979090564	469.8523606902891	5749.066925972148	4.049704675524219	3823.923489271647	157.44468211895426	477.61031607451844
125.25	9100.52510532401	22.190107258190704	1120.1527826382255	220.26100424407076	476.7135789349543	7547.823806283102	23.51304965448582	1908.00560317459	373.1079634101555	475.9784936120934	6162.720410720131	24.80938890141755	2616.346632214791	505.2908532207897	472.20587411649063	1713.7582113317123	13.650541833096746	5456.339851667701	730.3173180142721	469.9050379843778	5748.588881644118	4.049591024407924	3824.494005396148	157.18288619604388	477.7658918261906
127.75	9100.484417568177	22.18807380173469	1120.0499769553464	220.20024817584329	476.788879303552	7547.602477745197	23.527181181099525	1907.9986218077536	373.1365415593593	476.1335160279199	6163.145668821331	24.94832624273736	2616.1698732477635	505.19258337380626	472.15286143765195	1713.8614476244609	13.650709326363222	5456.491061420239	730.0686527463641	469.9933399491628	5748.288356642093	4.044971454550984	3825.1079602397485	156.8421138319884	477.8854591355481
130.25	9100.681321344033	22.183972916204816	1120.0967127620042	220.16317074552146	476.82106727140615	7547.664305272917	23.4835871213213	1907.960162277171	373.081521015463	476.1793694739077	6162.955498938123	25.14117173907984	2616.4037852601355	505.2615896604409	472.02811385458534	1714.2129931975671	13.64335047801494	5456.662903292639	729.824660246745	470.0327372457089	5748.199136608441	4.049642784410516	3825.583527477285	156.58917156415134	477.76506662068675
132.75	9100.817152372476	22.187066443822317	1120.1832344240242	220.113883119369	476.7443336374931	7547.5406466637705	23.53015319519264	1907.9299202399625	373.0838576853731	476.34521144069913	6162.54599852238	25.145135415509618	2616.7159124318573	505.3864297976806	472.03498648267396	1714.1673918126628	13.645295434839085	5456.69415946895	729.5684561651967	469.8273096876898	5748.200756533738	4.046958243778658	3825.6978090304056	156.510553364436	477.7688965007397
135.25	9100.981170414361	22.185146528215476	1120.1536152424858	220.10730842815897	476.8649116607569	7547.557398361082	23.49240481588326	1907.9465797492342	373.07908414118685	476.4588051228924	6162.273644456401	25.156232127352418	2616.950079812586	505.5397240845432	472.01026939297407	1714.1780223073854	13.647536683959126	5456.84743387161	729.3518181268191	469.98251958012924	5748.142852811017	4.039859202427439	3826.054611132799	156.3447085767993	477.8786949875362
137.75	9101.02557700116	22.1813324253125	1120.0975202052086	220.07273483648677	476.8521952680962	7547.51102527862	23.45679897395939	1907.8443714440846	373.0369074865693	476.63561587261484	6161.67314239547	25.16233897216748	2617.1608160652545	505.69767012345307	471.94655020180994	1714.2305980881229	13.650115279634226	5456.980535348981	729.1272648915425	469.89265172378254	5748.069988643407	4.038119825063198	3826.489406104224	156.1379388858215	477.83979835023524
140.25	9100.899156208941	22.175691208439922	1120.0426894347702	220.0625063259853	476.97076017985637	7547.692401874319	23.527021223405143	1907.8140565212932	373.0064095043941	476.38691766820307	6161.240192903497	25.13405708246482	2617.4127050838747	505.80416228424906	472.2575827146692	1714.4275202146932	13.649423343985676	5457.156727578888	728.8625810169136	469.7584214562207	5748.087583589967	4.039739798185249	3826.7498440632066	155.98109316736753	477.8631104047008
142.75	9100.984022092121	22.1731505810789	1119.9459500464984	220.0790702405402	476.9711134467735	7547.388967868189	23.646130001151185	1907.9937843309285	373.0692572799408	476.33513346715336	6160.9151749610555	25.114035976835034	2617.6310044714037	505.9392534118956	472.47826436836584	1714.6682423181098	13.655196070919622	5457.292703802271	728.639355937325	469.870645980372	5747.928958940158	4.037411056203309	3827.0628688846136	155.81022390373684	477.9154271178436
145.25	9100.9258637052	22.177507067968445	1119.9411740968874	220.08430083198087	476.8907818799372	7547.162222392534	23.5437275789973	1908.236531093662	373.16197264754175	476.5407048140838	6160.463994021472	25.12897196462099	2617.8382223791077	506.0135004861784	472.53657750178456	1714.7760248764318	13.651345528088106	5457.43574357159	728.4287931325335	469.8167060450705	5747.787347912422	4.03484547256444	3827.3245469882913	155.65187063050652	477.8613178222953
147.75	9100.964697722808	22.16812645258605	1119.985553552385	220.1080821830346	477.0360855721595	7547.3879109059	23.44381019624471	1908.1710885175546	373.1477724853024	476.55897309886365	6160.16248807565	25.15626311687774	2618.112242290182	506.12940532826036	472.5345947610779	1714.7993169505626	13.657694113885	5457.6007753441445	728.2200012451361	469.84312765558514	5747.842470319084	4.03437985152298	3827.370341276674	155.62410025352978	477.90109568208237
150.25	9101.040958435087	22.163827774118804	1119.9915780469548	220.11134681496267	477.0649540722125	7547.352570014064	23.445027361928638	1908.1820083981147	373.17187771336296	476.8493440813426	6159.851721266084	25.155867139348743	2618.4191227174106	506.2518929711893	472.4803828816041	1714.8248608631807	13.664427296462136	5457.824287453579	728.0384373951207	470.1103951856628	5748.084857730471	4.0321338972837815	3827.158503169187	155.71730672726775	477.63500256241474
152.75	9101.08301560426	22.156885135283357	1119.967175994264	220.11669728392724	477.1868971252994	7547.757657571773	23.390043159121497	1907.8979433845686	373.10774430023395	476.88692645773364	6159.559154515584	25.172535598071452	2618.7325439164956	506.39143703930085	472.5426738273079	1714.7611837498007	13.658822632356978	5457.938953521613	727.8169208534863	470.0510238259184	5748.096757740013	4.038426040252399	3826.723231904779	155.90712455824095	477.6379767663715
155.25	9101.070848356867	22.146900545631375	1119.9440631189896	220.12393711214057	477.2067737934488	7547.633738894223	23.489078864437744	1907.9113939580566	373.08018757546864	477.0006554391541	6159.18287821726	25.182941245651925	2618.9782043338455	506.53141544334113	472.50826848184346	1714.806982556366	13.66480321248689	5458.064593736835	727.6595561523843	470.2551572482066	5748.358366154478	4.041896337487574	3826.398349646957	156.0545627508137	477.6212385656066
157.75	9101.063004777197	22.144985483223554	1119.9123504575196	220.1095896731706	477.38365512353806	7547.703156834601	23.41299163018442	1907.824894435305	373.03776031973143	476.88254168736756	6158.858890630903	25.176569675176637	2619.2668921003897	506.63495053036087	472.73355692180786	1714.720433543151	13.665034461345076	5458.212532225608	727.4624081918971	470.0412240967152	5748.750982597859	4.041843275532057	3826.1113487890257	156.20379234833268	477.66109876612876
160.25	9101.0625913227	22.13524280114285	1119.9175815789724	220.12769688075437	477.5434347987069	7547.758716486932	23.447722098944688	1907.8331744016748	373.0622444266143	477.0451262384142	6158.610051066677	25.14945822196199	2619.5905942698514	506.766039791074	472.9443005858155	1714.7805103879236	13.66876208392082	5458.361309251817	727.308503293798	470.03410090414815	5748.631388593419	4.039689233681749	3826.2208393017186	156.14900625330054	477.6538118927165
162.75	9101.006527893853	22.11915349614486	1119.930050163877	220.13769927183728	477.73636599392256	7548.080210744084	23.289026402065932	1907.7721480033554	373.02791683987783	477.10290405410075	6158.09251101456	25.133427288178915	2619.840221047801	506.8788982689638	473.0986720663192	1714.8318026775485	13.677603848724834	5458.589002149667	727.1438025255708	470.1554542212614	5748.664903059717	4.039118755220142	3826.2367671808283	156.16966374545206	477.71067516184814
165.25	9101.097323446415	22.11722238588757	1119.8823714990208	220.14449611956826	477.67349942740566	7548.67866225944	23.19031490729435	1907.3254504111542	372.867750762161	476.9969481180789	6157.832871394025	24.96829495450217	2620.0760717371772	507.00860762507887	473.3511916385824	1714.8912151534958	13.680779840634477	5458.758318435067	726.9561163251069	470.28446736689847	5748.794029092277	4.038292041686302	3826.2125104116108	156.17285945443166	477.8160498708737
167.75	9101.097218511464	22.12233446974843	1119.865487126183	220.11822331128838	477.61958266187673	7549.030183224884	23.174990726280818	1907.109296874012	372.77926962495036	477.0781515275961	6158.462909965463	24.58186252480684	2619.7536545133844	506.88977324403777	473.48555826643513	1714.7454954120026	13.674894815228472	5458.912900773905	726.7545306792055	470.30292583237235	5748.803477039555	4.033815948819274	3826.3728188138916	156.04665514898645	477.82029677730634
170.25	9101.112170432863	22.11684970520378	1119.8625643559517	220.12345887882316	477.68785942110003	7550.172537697166	23.313879196543457	1906.1791535793682	372.44508540969093	476.7730290494071	6159.445126696767	24.54882321484046	2618.9424185533408	506.5972330655239	473.36721081399094	1714.845320455158	13.67571046329769	5459.048478442435	726.5460702626397	470.2209426258581	5748.781282863906	4.022521102208581	3826.5621417878388	155.9543829773173	477.9136952305612
172.75	9100.953125549488	22.11448864864952	1119.8940638040228	220.12200394011023	477.63115106184074	7549.097936795212	23.873599100451685	1907.153205198521	372.79971286502706	477.1375925988053	6159.753013339516	24.89852254858345	2618.635413162831	506.47950174593484	473.1337322303732	1714.754932293246	13.67529543960543	5459.198385729466	726.3657270189989	470.25209993228526	5748.536620836835	4.025321714437644	3826.7619402148393	155.83293465914252	477.7532483532548
175.25	9100.927612941397	22.12168033350259	1119.915773160325	220.1104974877129	477.60120459474274	7549.2670494746035	23.2666554940905	1907.0748618836965	372.7359641629324	477.10541868043657	6160.053683558778	24.94497692012205	2618.476784360587	506.41842920759564	473.10664646687866	1714.846047718055	13.67367759679773	5459.322732265432	726.1303261761476	470.2960322479256	5748.587940744938	4.021329979142432	3826.591203859802	155.90127802651068	477.7551713922254
177.75	9101.089707623149	22.12892934318493	1119.9924686810434	220.09492823518195	477.5069278175929	7549.211715142642	23.59009969087615	1907.1639945499267	372.77056474161964	476.91910852000467	6159.78971953208	25.094712036579597	2618.572707808577	506.4529340809311	473.06080340026233	1714.6674722453852	13.667365017926745	5459.472805865038	725.8748029636791	470.10351487156504	5748.65366925841	4.027012374699255	3826.496399506721	155.98292667840985	477.7542854083334
180.25	9101.194737304482	22.132441129852637	1119.9670102953357	220.10392967457872	477.4003280398467	7548.628767280156	23.55084058827778	1907.6403949466742	372.91015300585894	477.03976345710316	6159.331298874838	25.107541355759768	2618.8517346760727	506.56805474629357	473.11308317861784	1714.7238908008385	13.664327999434601	5459.657327659789	725.666398623737	470.01876388591444	5748.5065451492355	4.032241302489811	3826.660772283089	155.91605237990993	477.88512785149453
182.75	9101.224185575575	22.146307529028487	1119.9880842949092	220.110165348609	477.2847555141772	7548.771835209177	23.34756439206557	1907.494943217512	372.8692158656219	476.9215102854158	6159.127976169126	25.09247916049019	2619.0922746575097	506.6908155309208	473.0987936008684	1714.7145290508847	13.664859708425546	5459.8273200992935	725.4615659090085	470.1727985192527	5748.395165662534	4.037480599987084	3826.8687810487177	155.78966031226383	477.76496747149986
185.25	9101.007665997364	22.15776908833758	1119.9818668237194	220.07016315879576	477.1071873414318	7548.519225490169	23.45872954439374	1907.5238578118704	372.9322928741413	477.00731175832334	6158.546091623597	25.051772670946395	2619.295134025979	506.79127118305377	473.33041728498506	1714.732301042199	13.663308944055924	5459.992363217335	725.2470640981925	470.2412135057019	5748.308320898867	4.037245878427594	3826.9097724928047	155.73152366261007	477.9376092962344
187.75	9100.953422058372	22.167108562682827	1120.0772739776394	220.059106259337	477.0900161737037	7548.724060134661	23.425561831312134	1907.3770085654944	372.8598564094761	476.9430362947683	6158.659705725994	24.809207607064195	2619.2709770636206	506.7227882972361	473.34598192033263	1714.6780450737492	13.663680028453092	5460.118265318388	725.0481754462149	470.37548522465204	5747.95746264719	4.043876397274978	3827.297639639827	155.5488404242429	478.10704364207896
190.25	9100.930982532012	22.17144257080517	1120.0386843740132	220.06791769513018	476.9528866317707	7548.413226484133	23.720260238844013	1907.7203850524795	372.9760909749165	476.7764825217171	6158.957050353503	24.729219870729963	2618.97375676791	506.59952242311795	473.05630108042004	1714.7609741789022	13.661531120234534	5460.289800553844	724.8610089725835	470.4025745353714	5747.81227281221	4.039679097373607	3827.8446971632875	155.24187231583363	478.1666339529172
192.75	9100.802308809461	22.1746081085064	1120.0213871249714	220.10623616971412	476.90857349688935	7547.851677264874	23.688056260422876	1908.2335391730458	373.13864979454956	476.76865537048644	6159.446807011474	24.735118826126826	2618.605236423927	506.4989185767912	473.1295900211796	1714.8550886823123	13.6652585823338	5460.440440281184	724.6740054138248	470.3639328182838	5747.658229115619	4.036371332170976	3828.275827883596	155.02915405035498	478.198611418205
195.25	9100.759212960167	22.182249668740617	1120.041529495996	220.12199468758504	476.87843568645286	7547.557483017469	23.523800632899317	1908.4750708438366	373.2472508388133	476.9166872172492	6160.0532629546915	24.76833263040911	2618.350948537345	506.394743233842	473.05656401157717	1714.8053158568448	13.657268605524377	5460.61373243437	724.5157893790571	470.2913089190044	5747.235354508841	4.029298798411411	3828.781595896111	154.80627778538548	478.26196137962603
197.75	9100.796536252	22.17984797503216	1120.0742982639006	220.10171996575806	476.92083436126006	7547.657064899022	23.36926888388166	1908.378701749041	373.1922412765873	476.84257814530355	6160.443479845802	24.81077347254302	2618.1045074037247	506.33407790952725	473.11960637828554	1714.7875482169775	13.656096206959191	5460.77514551528	724.3131689526683	470.18884807525717	5747.006972100218	4.022728235655133	3829.01777886513	154.64929363700466	478.1740440337932
200.25	9100.879988452964	22.18715112862066	1120.1257237129678	220.11042205539928	476.81572796076404	7547.828645365314	23.40166177617554	1908.2640661124653	373.1350638239187	476.96019157343864	6160.71851568851	24.79571959633267	2617.869085359051	506.28094315925534	473.2573720904233	1714.7633451449738	13.662891839874368	5460.959301477876	724.1129596568425	470.2955704437306	5746.829276691974	4.02424485231448	3829.4510133227163	154.4006355072658	478.43998300330884
202.75	9100.822595443677	22.1857513083642	1120.1285602895061	220.07936512593722	476.75754899819134	7549.29864772775	22.673188361984828	1907.2561430617438	372.7784057354546	476.82627913872085	6160.803111264297	24.820426589757556	2617.687765475298	506.24027805952164	473.4087955746018	1714.7204952301174	13.658473205353038	5461.110166480987	723.9073421913188	470.4770958723027	5746.56435612351	4.02536637911511	3830.0324787508252	154.12654693887578	478.3598963421496
205.25	9100.920747502843	22.170128818097318	1120.197690019282	220.0614275038044	477.05300949044346	7551.138050907521	22.654494250814185	1905.9051578132394	372.29170867198883	476.77826598252494	6160.856153707936	24.645473990188773	2617.6482327602375	506.2299524363612	473.388321446933	1714.6754622459468	13.662424800585782	5461.274002567312	723.6992627243114	470.3124842946811	5746.622827552758	4.016011958698045	3830.2058012897432	154.02978246869083	478.3365137871978
207.75	9100.880835622851	22.15911728929155	1120.1640842626314	220.0813050249286	477.0047927034879	7552.988054319992	22.66939757456316	1904.6401804672482	371.8006490833262	476.5653597194778	6162.564137738919	24.007412849620557	2616.3904293861883	505.7864020035192	473.3794101060154	1714.7608745400976	13.658714839958296	5461.424068736484	723.4932693345733	470.2439784516846	5746.331807844068	4.006023195016595	3830.403134298543	153.90945779753903	478.3678263955813
210.25	9101.107202282816	22.166991807522574	1120.155677171368	220.04983875267934	477.03931071772814	7554.751316413656	22.662659073829264	1903.4134535110122	371.34918555788295	476.54403339260284	6164.9485614632595	24.088856907888367	2614.825433708437	505.1741150233333	473.1573756323305	1714.960585280203	13.648911874287544	5461.49887135694	723.3122047653203	470.40419725587884	5745.988536818153	3.9993210348439048	3830.7598691864546	153.7254419514792	478.33923014198064
212.75	9101.12016649012	22.159581399949005	1120.1426025930375	220.04369151878558	477.05345240998207	7556.350201986488	22.66494715950874	1902.1683587817242	370.8990306038254	476.56625035869916	6166.664508024399	24.35077152265358	2613.640464122312	504.7820083861853	473.22609452006134	1715.1280885820788	13.649856600013527	5461.616868921519	723.1024607700732	470.62208706304216	5746.0963237464575	3.992037745656113	3830.60188154205	153.84387477391672	477.9597513176574
215.25	9101.099785001918	22.16194808358174	1120.1097059803233	220.02267415876824	477.0535124299963	7557.700344225443	22.65761886749885	1900.9509619418297	370.47661004576	476.67690757286556	6167.951878792279	24.400003224139564	2612.688389865808	504.49791120437834	473.2319741441791	1715.1511868208397	13.64753333727312	5461.647041362818	722.8942483764702	470.6690623288394	5746.507287131327	3.987797809778269	3829.8924226737136	154.1455755828401	477.8836474345523
217.75	9101.144792925978	22.170254900871836	1120.041485049719	219.93205002860364	477.05872345287577	7559.205712132006	22.634546386091397	1899.8357572054776	370.084457457397	476.9375340356648	6169.390771323961	24.60482456105957	2611.67534599118	504.2159339013824	473.10150091894207	1715.234781625182	13.643675293369666	5461.63318417323	722.6691008350876	470.6788945025864	5746.550469733907	3.988369394067046	3830.0100850787967	154.09638164218202	478.5760563891458
220.25	9101.245187305338	22.17110083515636	1120.027086585427	219.92831042602168	476.9276751126106	7560.761900198834	22.63599245340907	1898.624189011229	369.7035248361991	476.9201095011547	6169.5399923286905	25.07110904472473	2611.543470410491	504.1900243139495	473.05535735534846	1715.3588516230245	13.643058068368724	5461.657894841533	722.4484341308139	470.8997202737746	5746.185119906583	3.9964558145084754	3830.7249138861725	153.75317825054236	478.4809822781557
222.75	9101.235884891361	22.16043587997329	1120.0394152548602	219.8978518074012	477.17706207516835	7562.216269204349	22.62168811121795	1897.4783214581744	369.3458930003844	477.1487032265359	6169.3897315170225	25.057313386115887	2611.731170650552	504.24662459900014	473.39224508733076	1715.5043058993037	13.640300746630942	5461.791135818708	722.2089477552784	470.85118020030234	5746.070561006476	3.9980721803561736	3830.662225402206	153.7798072056677	477.9690165633111
225.25	9101.186387029707	22.161474134224623	1120.0111757724392	219.927850375626	477.0912673638127	7563.738118532768	22.62604270812272	1896.482364187522	369.02920961598323	476.9182983462687	6169.317370311915	25.049078041840957	2611.849764674425	504.29776193175707	473.42377096360474	1715.7005590925144	13.648759341091491	5461.771858353344	721.9912746884072	470.96762803124665	5746.454557537213	3.998546649266941	3830.268707122992	153.99870383086892	478.01774754336066
227.75	9101.187136287088	22.17011219893589	1119.9362941631575	219.90426124674465	476.9199925352121	7565.193870329728	22.651636001719396	1895.450832070243	368.6952655415448	476.5124901844166	6169.366896783976	25.056172561105168	2611.8847724692932	504.3516154564925	473.42884363375816	1715.8198182294789	13.648001004095633	5461.799004781754	721.7878970987265	470.9203662231541	5746.704960280734	3.9988192669627383	3830.123628174464	154.0457377186287	478.23020204440695
230.25	9101.054449544641	22.171150878874762	1119.8633214600309	219.94613744039265	477.00608618284235	7566.740107516945	22.635928272858983	1894.4600807917022	368.3833582705078	476.89447841636274	6169.292491119128	25.222353997921083	2611.8752112944458	504.3771717500921	473.69356416202885	1716.0204343994774	13.642775345474659	5461.853881433659	721.6020692258821	470.9358277944645	5746.666913010198	3.9993185961995383	3829.96919384868	154.03729126274095	478.2486698771039
232.75	9101.21427875167	22.16446528907421	1119.8426495063723	219.94524995924206	477.0652939825175	7568.084907153703	22.642622175474873	1893.5204991753574	368.0687856878088	476.61716689542243	6168.138406684466	25.624829487854708	2612.6588951685535	504.6702729695583	473.92214143811793	1716.2601866474893	13.645229363348257	5461.929591239538	721.3930423258915	471.0060804288384	5746.554857363576	4.007253333709349	3830.0526228557815	154.0233635072916	478.3115465714193
235.25	9101.221053984602	22.166149030015045	1119.7463010233555	219.94213111102957	477.0712260798502	7569.309860706758	22.638971323478273	1892.5837771934298	367.8079962415272	476.6607382148856	6166.817332274003	25.611054326302416	2613.717644695724	505.0343270402764	474.20447430952885	1716.523062152584	13.651028624133135	5462.086218287366	721.2118811477374	470.7588396258021	5746.144428991245	4.012317140633286	3830.393087957117	153.8434335627629	478.2680306502405
237.75	9101.23396969031	22.159223127135284	1119.7351228453385	219.94778645267942	477.212177694902	7570.398010267214	22.635801790662057	1891.574830710874	367.5463184915508	476.8012538968268	6165.653594141444	25.596271791317545	2614.6131303550055	505.3751344479813	474.42392326833783	1716.5730335895348	13.656277460285262	5462.164579360285	721.0729858920812	470.848861942343	5746.163929317547	4.018368447262517	3830.4891721527397	153.7914210302325	478.3357555118273
240.25	9101.287506335859	22.146893580994515	1119.7313946567144	219.94654287690784	477.2703594219705	7571.381094707446	22.629361606070265	1890.6638007418294	367.30819665549956	476.90857525958387	6164.5015594421175	25.543267162909206	2615.3905236342416	505.6817252127351	474.20673258336575	1716.7092235379964	13.655562481138478	5462.351634900827	720.9114887093034	470.9363139687792	5746.008947959984	4.029626343401256	3830.6513923334114	153.69569961147084	478.32644883305875
242.75	9101.142599145633	22.15632745859968	1119.6611247140856	219.94480058780925	477.19591048251635	7572.540004918666	22.605329593827225	1889.8270372174366	367.0813743989569	477.1379306087153	6163.791363934248	25.294266930834503	2615.8816740309544	505.9032917869139	474.39539041934574	1716.7680274805814	13.650233740635453	5462.501547226163	720.7416275268889	471.03100491071876	5745.902952755158	4.030801461702908	3830.6536233263587	153.67813940172772	478.25117232925703
245.25	9101.115005354912	22.145466622310753	1119.790818847984	219.9298618150182	477.30239316397024	7573.4770401349415	22.61861019266081	1888.9732493454167	366.840024331822	476.9257978679229	6164.03645050291	25.005102310489022	2615.8478984879216	505.89164751844856	474.4251875369844	1716.77371460657	13.654560605896515	5462.561498731377	720.5933883823266	471.0056278428069	5745.885543629785	4.022180452915776	3830.6135354921153	153.7437763866642	478.2093749866424
247.75	9101.160882839551	22.151483832345477	1119.7438672516448	219.94688889425458	477.1988161060652	7574.292615751159	22.59684346601245	1888.2849563811678	366.6274729351589	477.1245650055741	6164.339940618697	25.00420405912486	2615.534740052501	505.82051615423296	474.295804565555	1716.7245598924194	13.659342848657774	5462.616127505563	720.4170900867255	471.0719887951559	5745.931462127333	4.01877148935934	3830.4989545559984	153.80917025442577	478.244543200508
250.25	9101.177446051886	22.15849307135533	1119.7220345344188	219.9796949368602	477.1037092150633	7575.298410741053	22.62175769921575	1887.4239146226712	366.383862001544	476.7441500674311	6164.633877024384	24.999216408812238	2615.2029394866368	505.714052154337	474.39680990605046	1716.8117258250784	13.660239159722243	5462.7081714765345	720.2104762107922	470.893659203888	5745.831341969958	4.018668538754946	3830.534682105962	153.77840509605116	478.3971307717525
252.75	9101.10508748427	22.163173873905436	1119.727586521309	219.9960503193876	477.11020729231456	7576.442234531482	22.61267863736859	1886.7246608999762	366.21937062870387	476.9415244868218	6165.002862188396	25.01832887639363	2614.852210206491	505.60684727223247	474.0817672191325	1716.897341654385	13.657711112698056	5462.728648313624	720.0645839306826	470.92043289959656	5745.7669160658215	4.018569266712732	3830.4687052324225	153.8184038759205	478.21992241401017
255.25	9101.237473606736	22.16431255377779	1119.7232342496502	219.98555806556158	477.0249975703586	7577.532092340712	22.624514942246424	1885.9589720043903	365.98559707831726	476.7921274050848	6165.636715604789	25.00956903730549	2614.5594316290208	505.49145823193953	474.33694854746517	1716.8975172268638	13.666228854350543	5462.737319570539	719.8730791996725	470.7939510571866	5745.829323017879	4.021025081987159	3830.273049660062	153.88936961879165	478.096464091555
257.75	9101.149326648272	22.156925956902803	1119.6167819920913	220.01244453954547	477.0753244851551	7578.488074654305	22.60339189542864	1885.3331564291648	365.7873916136433	477.15143984021034	6165.922225060233	25.01783073655497	2614.1612359538426	505.3713491171191	474.15749231925554	1716.986360662231	13.664946038288837	5462.843179367089	719.7294671499656	470.7727994874987	5746.188048804064	4.021805347248038	3829.8921318461544	154.08115782197612	478.0497013765725
260.25	9101.12361577468	22.15944574176115	1119.599244530091	219.98335603610334	477.16836679844903	7579.430213462933	22.614515432358093	1884.6020529246273	365.57736890245127	476.90313296439	6166.617051778411	25.00753716670904	2613.8533840530467	505.25347909911847	474.2794318118595	1716.7175180941974	13.65833094590568	5462.902181564974	719.5972044225566	470.73859933029763	5745.886096433311	4.012561291527033	3830.3575469164557	153.86544906798227	478.578452875787
262.75	9101.231356923097	22.143918486728666	1119.6592910664165	219.93258417170935	477.337532883455	7580.251735960685	22.606037114061245	1883.9603846696539	365.4011779397202	476.91625964618476	6166.950732582011	25.184321228224874	2613.452204071998	505.11394455508395	474.0728533105616	1716.9195689644541	13.65809399098018	5462.940216646939	719.4467973258429	470.6363715985543	5746.082786069486	4.011225501652129	3830.5714047383435	153.7621574738917	478.19782259632683
265.25	9101.219974647593	22.140882870768664	1119.6155412892172	219.9660114119022	477.3624203352703	7581.000336395774	22.617756158756958	1883.338894078915	365.1960842162957	476.6876721108006	6166.4212222135875	25.529697490535206	2613.6667325263425	505.2022061561789	474.1390411552166	1717.095404611893	13.664788918443987	5463.012071965675	719.3191396439654	470.7139113756482	5746.116702140677	4.014695316350208	3830.411036663514	153.83570491674448	478.1930819415841
267.75	9101.164389487145	22.13444291005891	1119.7240435143333	219.98092374562736	477.51120554066307	7581.668928464489	22.604014904121556	1882.7599158154521	365.00816139315657	477.02575645657055	6165.71290487569	25.52900385969781	2614.1591339270226	505.41154836629266	474.3881849782845	1717.1177575290385	13.669188673836722	5463.0628656853205	719.1710193048827	470.8208018912632	5746.212068874338	4.024374004553048	3830.1347357836758	153.96445344293005	478.0129121499204
270.25	9101.030091174538	22.13688219625041	1119.734649528099	220.0115056553873	477.4839961322768	7582.3540645078765	22.615498481000806	1882.1684555490085	364.85274262896195	476.79716753587365	6165.0818379839675	25.495499964691458	2614.509774478525	505.6102277650598	474.65831613787657	1717.1460705604227	13.674921476807922	5463.149030115457	719.0206394921288	470.8004897944475	5746.311724585556	4.03077366312379	3829.7826075353114	154.09563110532653	478.1514112300231
272.75	9101.215764100169	22.136638843295025	1119.6956407406728	219.96458968201105	477.36431232630406	7582.927611677594	22.594610623750356	1881.5374732537869	364.6972959685447	477.17575288512757	6164.71524866574	25.50875676926958	2614.852762869625	505.82264791231285	474.580276044328	1717.0173852907678	13.67778597714272	5463.306678431429	718.8865275831082	470.5992597381845	5746.2544375279485	4.030615509821972	3830.151223820072	153.9543279280895	478.5319311717355
275.25	9101.253368948275	22.143551372353176	1119.6167873523189	219.95885697442117	477.3194127848401	7583.517957439082	22.60446177946642	1880.9597386352589	364.50392135658814	476.9465879030651	6164.227844352791	25.48466648854505	2615.16390798126	506.0003813546172	474.8785363380619	1717.0856083409142	13.680215227782993	5463.410977152454	718.748929474716	470.5928190997213	5745.917022882556	4.022077396827368	3830.7789549580984	153.6665054544158	478.51652092243796
277.75	9101.462928949202	22.159447332587156	1119.5572425418738	219.97335621339636	477.1417852190026	7584.166443271216	22.589230434086968	1880.3957164261026	364.37425913326445	477.15459930442654	6163.898133183518	25.46668117562382	2615.4327113896543	506.126718773751	474.798388457989	1717.0966406285197	13.678590605156476	5463.487928438289	718.6110661044181	470.6226175194728	5745.7288862097	4.0177432558463595	3830.7732522885253	153.62061799270805	478.15736350081283
280.25	9101.612893113339	22.159127447289794	1119.567069145372	219.9794257422221	477.1542070840699	7584.700474416749	22.602774291404355	1879.8677251844178	364.26691527870514	476.83768139412615	6163.760588013436	25.3729957494329	2615.543882368365	506.2303909218191	475.014398462801	1716.9706766548247	13.682345053215618	5463.572871491425	718.4673905182474	470.5633194534545	5745.8998895059285	4.02134812260047	3830.640969574322	153.64717561923788	478.3172463797922
282.75	9101.537371347233	22.156667223311178	1119.5100841618857	219.96824136812364	477.13435105906524	7585.3886864366	22.59756104481567	1879.347844445399	364.13584128104475	476.98945190997654	6163.679899210217	25.360978201718297	2615.559001005077	506.2746026166701	474.7443485034506	1717.1562933443672	13.68005936413124	5463.698741883768	718.2819221317458	470.62591785826345	5745.888321356935	4.016675937997999	3830.7041096913313	153.59197178897426	478.34067667825695
285.25	9101.463227497767	22.154023758319155	1119.5083632777119	219.9834074652163	477.24514009938935	7586.122516017373	22.60866839510903	1878.9317943983576	363.9817594611281	476.8138156062272	6163.6648503344495	25.358751870912332	2615.6280180700355	506.32833024944404	474.72769033626474	1717.2159678181622	13.68366114073998	5463.919292462081	718.1405384237966	470.6000587281295	5745.895217653403	4.01369892073214	3830.692815906071	153.61055174748375	478.28159069357645
287.75	9101.403069731872	22.164221891084406	1119.46674270076	219.99254507188198	477.0812734332414	7586.601733545176	22.589578982831906	1878.5163328013364	363.8793626539731	477.10874015216484	6163.553486536297	25.360018323413986	2615.5217059776032	506.35692617948365	474.69534821948645	1717.2185230264274	13.685878768746859	5463.960684607757	718.0168588826359	470.7580671407247	5746.003222494331	4.022063844170339	3830.5191850915735	153.6974695774781	478.18694368610716
290.25	9101.412622202382	22.16394045659165	1119.5563844771436	219.96625257902562	477.0323668597435	7587.190231094407	22.614080123595077	1878.1176809723709	363.73431308470765	476.77272905841	6163.759826323048	25.34715393770637	2615.5071496514397	506.37075895307777	474.67930948262284	1717.097349788518	13.68883913867947	5464.063254323476	717.8853790932939	470.72196552081294	5746.032406691762	4.028035533271859	3830.501019420351	153.7355983078697	478.33092355513924
292.75	9101.39529921465	22.172855939523284	1119.592868843307	219.9790747385258	476.9682834086382	7587.60030554554	22.594297544294097	1877.6274612388715	363.6302953795072	477.09229836668453	6163.721755393115	25.369631915456782	2615.394052057662	506.35531091310537	474.4356983637461	1717.377887823136	13.688324574742305	5464.2062784093005	717.7284789813039	470.56387225609666	5745.819729041386	4.02786914068688	3830.7657339890125	153.6255204268374	478.28937141317095
295.25	9101.571462268254	22.174975778451273	1119.5335530553564	219.9872585810066	476.8833860405135	7588.122651122963	22.6125077241846	1877.228235345062	363.5623634982617	476.7124134727548	6163.788224874455	25.36816364254403	2615.298508204116	506.3439449286196	474.5400949830132	1717.2567144114637	13.688404252116815	5464.272070676441	717.6121822629668	470.6735288233187	5745.861491665319	4.024596218506532	3830.445687458906	153.8141875013408	478.06448205305475
297.75	9101.4313328035	22.17630347132343	1119.5737638306605	219.9754211098903	476.89108559491075	7588.5538956361215	22.589115813488544	1876.9258947411702	363.44628386684593	477.14038214705715	6163.606496387831	25.385806487482878	2615.1328674279525	506.38211617592066	474.25503151577783	1717.4318344936064	13.691986582837663	5464.319502482673	717.4725112351272	470.7589058404995	5746.131355976705	4.026732037445816	3830.209085299714	153.9471910226171	478.2391960943406
300.25	9101.433560692805	22.17806169973877	1119.5627625128434	219.9779680133687	476.8388256924862	7589.000151089585	22.59611857441765	1876.5343559589217	363.3559999479846	476.92425155783116	6163.533066682977	25.372888945671537	2615.069008794815	506.4083625102935	474.5103397478022	1717.5129290174136	13.69089912673863	5464.3849703602245	717.4063346649609	470.59302547575834	5746.182417356422	4.026230569334278	3830.289051730833	153.90921161936288	478.3070265049512
302.75	9101.510541983736	22.186572321260527	1119.5868109045346	219.9725617187634	476.7953301707983	7589.660292985762	22.613268151662233	1876.112975056503	363.2328233933556	476.6145261392108	6163.720824518312	25.348202119971546	2615.042505378052	506.39641869757884	474.730978328994	1717.7904112009226	13.69949117612813	5464.49644856958	717.3139761872853	470.40775449355857	5745.8811761965	4.027582901243585	3830.550134636169	153.7972944398965	478.372051486919
305.25	9101.534617468747	22.17742552209996	1119.5530997995497	219.96258675107347	476.9122815266882	7590.086570081172	22.60168685582332	1875.768105088988	363.16656835216133	476.9335187754096	6163.805815063972	25.37264265410445	2614.9609042106176	506.3557719019822	474.3167317501008	1718.0337607182312	13.702066333808332	5464.6048351091595	717.1669904655238	470.4783518029438	5746.061053938722	4.031484442264006	3830.4678638262226	153.8003327801997	478.1856155923634
307.75	9101.654576027546	22.182081887311963	1119.6149011837688	219.97762639682	476.89026795319825	7590.476836101115	22.605122310012927	1875.375165304904	363.0350120429375	476.795452732368	6163.883147762843	25.36315440341155	2614.788931239892	506.33224111109433	474.57201046538563	1718.1608774951867	13.708254397980184	5464.718268790463	717.063174156882	470.3039701182123	5746.140897771863	4.0341397357923805	3830.3517352801473	153.8882479102054	478.18491117238295
310.25	9101.58638030702	22.16931166522112	1119.7064242738948	220.00439988483987	477.09876077830785	7591.011463687197	22.58456921938597	1875.000752831964	363.0029951597778	477.10757009423213	6163.884470963585	25.372157737949216	2614.550308124681	506.3392624593667	474.42493922441935	1718.2140169562213	13.708956867441726	5464.832193563727	716.9476070420662	470.17132334382796	5745.998843653326	4.0277547656496555	3830.3083218615943	153.89761524289347	478.2430851410137
312.75	9101.503519418357	22.1659144760703	1119.7610009543366	219.99087946119107	476.99170520489275	7591.471603040297	22.615071047335483	1874.579960152873	362.95303959679273	476.6269539595356	6163.955239369486	25.3572870775773	2614.392133883049	506.287803785556	474.6272713107365	1718.3726401236197	13.705901801521183	5464.943125840562	716.8337411807014	470.14034930717344	5746.196041450649	4.029095327262506	3830.0632744791897	153.95958436793342	478.05488003490507
315.25	9101.235598674708	22.165994626662837	1119.734349432488	219.99535830863474	477.03515337101373	7591.883690566764	22.584768812983228	1874.4083562971284	362.873842423812	477.2366517777511	6164.338896078877	25.370777865531053	2614.2891364402803	506.2476626032872	474.28834775767376	1718.412899138557	13.712777245466624	5465.0854991175975	716.6885771350233	470.09812650007365	5746.431229486408	4.032476380605558	3829.80214417522	154.08372898327562	478.1923328955151
317.75	9101.245832525465	22.17188557891058	1119.8406021681503	220.0028088256814	477.0321025311375	7592.210542269755	22.595245359758497	1874.1886362604573	362.80182612598884	476.9705177607022	6164.314475984564	25.365241205782926	2614.1212960897806	506.2157381750092	474.49622067426145	1718.4865830704905	13.716294246682018	5465.214538919205	716.5938787081888	470.2925644549434	5746.466882222769	4.029886654360844	3829.9210998761155	154.0310792476199	478.35229568248525
320.25	9101.26894995345	22.15849483236839	1119.8386375736377	220.01006165706565	477.1709082514633	7592.43273163811	22.572984515925903	1873.916349093061	362.7281495322132	477.2935554087963	6164.3770104319765	25.363131292424317	2613.978341449153	506.1928585165018	474.4711102561649	1718.7070852650193	13.716753458945044	5465.285177371828	716.4724808820914	470.2891650484881	5746.314277685625	4.031184187203313	3830.188659754763	153.8778508055889	478.33333107885085
322.75	9101.225664862972	22.149776093646548	1119.799459769519	220.00725928119843	477.27474506292276	7592.7823306984565	22.573462153394917	1873.6614128315462	362.6522936317087	477.0121777078571	6164.557221013368	25.335160082310484	2613.8478703678684	506.1596058285856	474.91802712339233	1718.6473038050108	13.712816178502672	5465.316395791431	716.336101434453	470.2884167179928	5746.080583149927	4.027519240444697	3830.47570945249	153.75478475322547	478.3875570363835
325.25	9101.182785986439	22.151645015571333	1119.8905011832137	220.01545593324258	477.18597186926627	7593.180939665094	22.60490090199853	1873.4084057037844	362.60072330324596	476.7090405631488	6164.7780761177955	25.327107068996284	2613.67463060125	506.13505490970505	474.98055542742816	1718.425259548931	13.70435296472511	5465.399909088809	716.2381571313135	470.32081664934867	5746.049969181218	4.020166941729236	3830.458062628667	153.7551888012286	478.16971089475834
327.75	9101.219353015564	22.156854868051678	1119.9434925511587	219.99195215701337	477.0912757876643	7593.412800272766	22.607258031909108	1873.0812022400744	362.51007984998404	476.7263538302303	6165.09684456982	25.33210814950293	2613.47922036645	506.0515218843398	474.8555662962911	1718.4198337096307	13.706699047740667	5465.469008575368	716.1278412168667	470.40063307843405	5746.303112358369	4.021162400650989	3830.0581100262234	153.86744941559422	478.02629559725665
330.25	9101.146588987234	22.156692175242522	1119.948892533558	220.04624593245543	477.13391456393333	7593.691835094683	22.591859666158424	1872.8220659105968	362.43596859012007	476.95310643572066	6165.341197132217	25.336553234110806	2613.3218235767154	506.02005803233436	474.7979769818525	1718.6933350844483	13.710760570626007	5465.4790069846495	716.0307544928606	470.3340491900366	5746.601213364032	4.019299338531314	3829.814955642747	153.98546199113346	478.18451090796486
332.75	9100.928346826264	22.166553095433084	1119.864152295476	220.02031412073347	477.0416286881146	7594.063066014627	22.613784196974308	1872.5519328283115	362.3486236622072	476.64375289649547	6165.505116698935	25.315487475007036	2613.1243393210557	505.99582546392685	475.0313735262444	1718.6969806452012	13.705617008062198	5465.539119070129	715.917216128734	470.3448831131879	5746.720567723558	4.027440184641767	3829.7740051234514	154.0145349850752	478.16243928098856
335.25	9101.281252496306	22.168504263584843	1119.8102983331464	220.01645929713774	476.99338030269985	7594.445806499122	22.59905350474239	1872.2983542798224	362.31183607576764	477.01121968266887	6165.771250677898	25.33809729257679	2612.977601293166	505.932990242088	474.6745399319269	1718.7549774694592	13.711428698949524	5465.5575446152525	715.7863149232915	470.5315466873967	5746.434172880118	4.022084842991522	3829.9732543274426	153.87823152333183	478.4400415681706
337.75	9101.435570753541	22.169074583043045	1119.727637282843	220.02043966768846	477.0501611086534	7594.757612369473	22.581070507718504	1872.0801964258042	362.2569004982591	477.1217456254702	6165.846862617766	25.33869093743469	2612.8378489944425	505.8797286641363	474.78207394123257	1718.7131676765614	13.705633201375846	5465.589323662339	715.6625102646799	470.49005926249913	5746.374552409166	4.019143281917754	3830.27504726748	153.64596064151476	478.3383331930957
340.25	9101.403214935935	22.172491104490696	1119.738727722491	219.9860838624795	476.99747429446506	7595.165608317884	22.589532990936736	1871.7835519244027	362.2167689766524	477.0323280272052	6166.1066817856845	25.326290874174106	2612.667339410289	505.8687698310778	475.02179003141106	1718.8113902994091	13.702819716090223	5465.645212493466	715.573125572118	470.38232208188873	5746.368901742897	4.025824432903982	3830.3764572550367	153.57089786245382	478.2999919529617
342.75	9101.580035966206	22.169431708291338	1119.7338139321394	220.00281722199878	477.0125133349158	7595.601072210351	22.57219954522183	1871.601391032548	362.19575680619806	477.21896517587516	6166.292316456522	25.332371970602832	2612.492856972669	505.8692240369247	474.89921966661166	1718.8610605113092	13.71135642640531	5465.703636972744	715.446388027259	470.5497842319762	5746.597563174887	4.024508478576954	3830.1821837535254	153.6593305345593	478.2106499854263
345.25	9101.726303653877	22.166759463344984	1119.7109957858252	220.00661972022792	477.0257701540998	7595.901868701899	22.601467749471627	1871.418412354208	362.15213737608326	476.73235021907846	6166.578126235897	25.303770063885658	2612.292326740565	505.83985770369014	475.2092034781224	1718.9847546948627	13.720805695739648	5465.620308793846	715.3378562054467	470.51308871977574	5746.592894732212	4.026104452080555	3829.84141371857	153.82434675573182	478.0217798352098
347.75	9101.764887366253	22.1648303191171	1119.6676772501319	220.02119551762326	477.13328917018214	7596.013676901107	22.58424612973008	1871.3133351683146	362.1170932478917	477.04908861560506	6166.962271707028	25.30805404206923	2612.133959031369	505.8065733546368	475.1767787164278	1719.1068352754946	13.726685376839203	5465.630972807699	715.2160834028484	470.61346015928405	5746.637876117655	4.028597263680026	3829.4726413091535	153.9833860318992	478.2475534861073
350.25	9101.935424725245	22.15103425350594	1119.6494945233258	220.00382318319666	477.26244703478585	7596.0700602188135	22.59503192385895	1871.0460963342382	362.0670265864715	476.8579946643536	6167.206110465034	25.290662342938663	2611.944297882828	505.7827804323091	475.31791911060066	1719.2077544223716	13.724552418174023	5465.695555925838	715.0989583476537	470.7445519229691	5746.6651166956	4.030900349596501	3829.758924419629	153.8550563603428	478.3423795729529
352.75	9102.107499851061	22.147944466176845	1119.6497636484326	220.01157411860058	477.2553586554183	7596.331003009007	22.594696381727477	1870.874377824092	362.0116017493408	476.9250151446405	6167.499026417502	25.299082410550213	2611.7324813733467	505.74419246155946	475.17406666870806	1719.2146541316547	13.729063514317968	5465.673568785875	715.0172803625458	470.8777174549934	5746.688650758565	4.035634094364971	3829.8250942509185	153.80113811045152	478.26068114936083
355.25	9102.148535577786	22.148760126041047	1119.6300600352038	219.99479524428014	477.24643396686287	7596.962930032957	22.571342461113115	1870.7436830081447	361.978789687554	477.222980839984	6167.7579278731755	25.31250510590825	2611.623467774519	505.6781480202709	474.98726757438783	1719.3033533429957	13.730011368652121	5465.716246651883	714.8962104261315	470.94923388962144	5746.591006691101	4.0372557786053545	3829.730765359213	153.8374642465674	478.1376575303589
357.75	9102.264094677836	22.15365661370592	1119.6690732497082	220.02936021006803	477.21633043048416	7596.9857720407335	22.5713064577729	1870.5142270201818	361.92847861482926	477.12693685747143	6168.2470928354505	25.300008067130662	2611.4819162441268	505.65228940601736	475.15633473619704	1719.3451241156956	13.733851656475903	5465.64466841031	714.7677177554649	470.64303286937644	5746.530388068618	4.033691796034369	3829.850239313925	153.72730349754204	478.46607794375655
360.25	9102.051560027816	22.153005137632228	1119.6323165790382	220.0218506460372	477.3074506732026	7597.301322012358	22.583511186565072	1870.371236776853	361.86419411763467	476.95756026875046	6168.3662450522415	25.281671923503538	2611.2136564167376	505.6443220696937	475.46768647660645	1719.4962543442723	13.739294312662986	5465.632520304656	714.6354632815545	470.6468679942255	5746.40904219955	4.036872072581943	3830.3675578093294	153.48264543399245	478.53240030614796
362.75	9102.240055588954	22.164746661400486	1119.5881736235024	220.02144147522858	477.05659340128244	7597.712379943652	22.595668155924578	1870.2221744262245	361.8115958700943	476.82893084828356	6168.444245377382	25.26786390570221	2611.1229685733983	505.5987340706233	475.5119392950568	1719.7138845841052	13.743554451774369	5465.658082510197	714.5745620684776	470.651699880458	5746.490229019923	4.035312218626678	3830.6079060921465	153.34791964682967	478.3418562747982
365.25	9102.194898358437	22.154710952896334	1119.6257701348138	220.01655325627857	477.27018321429364	7598.0151372956925	22.581521657062748	1870.0849036438788	361.7705534156542	477.15332365828107	6168.661821505092	25.285317087562127	2610.969929841711	505.55595243328276	475.37819613900143	1719.717054877584	13.741641020246785	5465.656386633683	714.4440995333707	470.6313797392316	5746.3792699813785	4.028232107651424	3830.4143707351636	153.43013998712894	478.32267871975523
367.75	9102.07135142652	22.155119398997314	1119.6177774409489	220.0089730978558	477.1595128506188	7598.22721801992	22.591158410512545	1869.8717210679479	361.7350261150058	476.7209518169605	6168.9511031774255	25.26864413386851	2610.7441266166907	505.55109687001317	475.6037504848747	1719.831644807324	13.747475598300445	5465.810157516131	714.3631358965586	470.7145897091413	5746.303001245345	4.034127330775816	3830.509455888666	153.35935514496612	478.38236996335723
370.25	9102.06665834307	22.14779524964052	1119.6611859944792	219.99933331334006	477.3220260588199	7598.453640256277	22.588367635301363	1869.7362285993577	361.69928951864534	476.9838553632092	6169.23209250296	25.297660428611955	2610.533379608306	505.50392451446015	475.1354259208904	1719.987960122324	13.748365020019676	5465.816650182372	714.2779361883676	470.83655346966884	5746.398000724714	4.018343145308039	3830.364472115348	153.42272867870054	478.1858024698642
372.75	9101.98488330257	22.140599702132562	1119.6996445832258	220.00603963559323	477.3693229595697	7598.488272752403	22.60096933747827	1869.544823833329	361.68135049353015	476.77623105869446	6169.518476095265	25.29052749417161	2610.3121460732714	505.4928928637972	475.2942548712274	1719.9756546278716	13.741659056154068	5465.8046076215205	714.1497034685958	470.98215023103694	5746.516800879112	4.021391055044089	3829.9980494304573	153.60717200029165	478.11024322829985
375.25	9101.755183329213	22.148984736850462	1119.6261575508706	220.0002459819028	477.3067071190366	7598.717825830778	22.584507175201658	1869.4610393037394	361.6604344244262	477.0042366218669	6169.772083412776	25.29069129845253	2610.0452240190693	505.46805936689225	475.30222345285796	1720.0051142013126	13.732392944122736	5465.915304884137	714.0699103430017	470.92415488150107	5746.531635511444	4.023284062641042	3829.936750950673	153.66514154606537	478.39455006649223
377.75	9101.733944221993	22.15754032606497	1119.6619597144718	219.96646542552108	477.0208038385871	7598.81643509109	22.593754334972992	1869.35669085071	361.6367322308653	476.86996114940234	6169.87143067565	25.283677774776027	2609.903333116117	505.4175158157662	475.41905183079155	1720.3041729573756	13.732197288466383	5465.92839850276	713.9676149881643	470.76151104660926	5746.32176516977	4.0204579710468105	3830.3080254828133	153.52911153390758	478.4639531317073
380.25	9101.649120816695	22.15831470182039	1119.6540983701282	219.94736858008253	477.14510313563443	7599.108002525237	22.575830994515727	1869.2118291821928	361.5973639502455	477.13628168528476	6170.022087265761	25.289133065738397	2609.711457415071	505.3667360750858	475.3062822489791	1720.3760375367963	13.724329274714858	5465.823825038944	713.8773821170354	470.8149937957391	5746.062339766413	4.02100635278211	3830.627407113566	153.42136048348524	478.35218481444446
382.75	9101.834338297122	22.17459454605328	1119.5828185702674	219.91924383660006	476.8422438246743	7599.3490140106705	22.597894016412457	1869.056211819377	361.6009412239999	476.8360583335571	6170.167194918907	25.265122301905325	2609.4856586780284	505.32385854780955	475.6191243198731	1720.4478058704483	13.724267490237196	5465.72577114329	713.7716488316998	470.68190246321916	5746.179121757847	4.023630719613481	3830.3038547511005	153.6094316437206	478.0218189438297
385.25	9101.758292322254	22.16004640292888	1119.5578555278305	219.96732278348617	477.21581990717874	7599.559045645515	22.57717458493575	1868.9430070968951	361.5926892778317	477.08873430570424	6170.2963203627105	25.286168531074253	2609.335509725167	505.2829687946052	475.32754012168635	1720.6436207474787	13.723189993229921	5465.722547768301	713.7049485738765	470.5651961612876	5746.43557590024	4.026151788890582	3829.7866506155065	153.8812779831247	478.10359296016844
387.75	9101.862640171848	22.160491681495188	1119.595119642465	219.93623785325173	477.2077503483882	7599.782254881807	22.596095251175004	1868.8366463212963	361.58240821671995	476.8468882850256	6170.6028103045755	25.27344332377586	2609.2141551251084	505.2501659033856	475.47334497492875	1720.7442617417864	13.726925736243693	5465.699659906201	713.6104956375881	470.49617191292964	5746.355075408719	4.020917670615116	3830.0018491068895	153.78804660094545	478.5700765133299
390.25	9101.761899851539	22.149664292620667	1119.5182889907899	219.98178376161158	477.35149626050156	7599.998900121881	22.567771767381142	1868.7597800406234	361.56068383665746	477.28625906939857	6170.784572919438	25.288946865317666	2609.0498171562117	505.160101246192	475.2556042071894	1720.8861539800616	13.724645541666582	5465.711547943609	713.516146699519	470.6212956737072	5745.981795115054	4.019670426916652	3830.647806016918	153.46538372911647	478.65348894799024
392.75	9101.805810153732	22.132627233796466	1119.505867258773	219.97481503087582	477.4851588432839	7600.024446979346	22.56904222472436	1868.6196353075943	361.53893657189167	477.0363018358686	6170.988498675518	25.275429927659363	2608.870065392205	505.12153728033303	475.39283404075763	1720.8788056705364	13.722333601257743	5465.704295896628	713.3936945390237	470.40479705797804	5746.017391858901	4.020975727379106	3830.5934846331397	153.5432498017491	478.041316467419
395.25	9101.851083903339	22.141465339514493	1119.4556139977076	220.00667614698975	477.3508139599479	7600.237772581082	22.596334594047278	1868.599254530835	361.4810908011542	476.71211834424344	6171.042712336337	25.284829173944882	2608.6584713905077	505.1062734543182	475.3229264007532	1720.9843603859583	13.717509187585499	5465.659184718785	713.3282057644391	470.6263113070479	5746.237566815605	4.018160188919961	3830.2499590656885	153.72904759194049	478.1617285153426
397.75	9101.815844997805	22.1428619437327	1119.3900953696805	220.0246967490039	477.39716299880007	7600.215722894963	22.581059395400175	1868.5432857110752	361.44832841932924	477.00839935093853	6171.11240852264	25.289081444488996	2608.468509344446	505.10260960786565	475.3148829713621	1721.0614251390134	13.7214294311908	5465.64042016538	713.246126404392	470.6493801386747	5746.340349419509	4.018654558507484	3829.786548545907	153.93451733479998	478.144962027256
