0.0	9099.418066063323	22.25731802665025	1120.6933888360566	220.22955860160326	475.83155697097334	7532.238992647228	23.328030473719508	1920.2574150551195	376.3915273644486	477.03904651828964	6142.372839484403	24.829793275532577	2633.2967253844545	509.80603074750763	472.759987078265	1711.7896954696919	13.58832167829073	5446.177791241422	743.0687074360393	467.8036244905155	5755.297940884698	4.186472360382533	3807.2857401239567	166.3907589063491	475.82727561466896
0.25	9099.448757048749	22.257547681974597	1120.66980458523	220.23498453564903	475.8212094158132	7532.270981610529	23.125356436977928	1920.1891300218333	376.37543549684	477.0727957067692	6142.462893998708	24.74703437979537	2633.238330312119	509.7902441972746	472.8139547847142	1711.7754768759019	13.587524258322343	5446.212380546958	743.0550621539555	467.8084804116715	5755.223448206471	4.18636378015699	3807.3305761076326	166.34643142918273	475.87246609105165
2.75	9099.575510511519	22.24872698662173	1120.7091075525263	220.26380160514893	475.97709726783467	7534.184729205965	22.71201025500326	1918.7076654806688	375.83244845781877	476.9351927634004	6143.463869032817	24.501097270744285	2632.422421002176	509.5172539856348	472.84364941160754	1711.9220227381495	13.587195445487922	5446.467739489146	742.8203243122878	467.80719581166545	5755.170641627755	4.1767717488742075	3807.7824750007244	166.15093855841977	475.81602063384224
5.25	9099.593064806837	22.250693189257877	1120.6812076037927	220.26502048890964	475.9139668169656	7536.278885967449	22.863492484846276	1917.0979113556057	375.2276481191442	476.6642088185054	6144.667046497041	24.39969520147551	2631.3543778039707	509.1717558297633	472.70109597902854	1712.1242561940016	13.584715293665003	5446.7490603489405	742.5766673912935	467.82902962115793	5754.796246909566	4.155919787790512	3808.3176161312126	165.9180443376074	475.91937078412985
7.75	9099.707433866926	22.25828966823653	1120.7358324520335	220.2971081909681	475.80332252930884	7537.910047029802	23.038531924162516	1915.7821340115747	374.8182676608191	476.40971041419743	6145.958569794158	24.3277362071918	2630.15267738521	508.79471919545944	472.65570794614547	1712.0942911197317	13.58759830712869	5447.077806698713	742.3520226596313	468.0509527486167	5754.7161017635335	4.145500765971398	3808.8195748878456	165.68042654883877	475.74788886574544
10.25	9099.758928198826	22.249689738733853	1120.7425915328492	220.34703210001067	475.8956331914771	7539.302579233918	23.21317927730959	1914.8049669119173	374.49800463726154	476.10955791738036	6147.772659122656	24.229185570358492	2628.76560793061	508.3239936747325	472.58609733885555	1712.033632826775	13.589363862525664	5447.338267424022	742.1011180654469	468.31086435973765	5754.575258913279	4.1386113215427285	3808.947443325454	165.68000725033082	475.77010388795634
12.75	9099.785823658945	22.26013834706858	1120.6526737644529	220.28595044106936	475.78750431227144	7539.923125694935	23.219591776445736	1914.30528786709	374.3254955794228	476.0922476960849	6149.974532868283	24.22738598220669	2627.2114467393158	507.8100982298073	472.3401603628573	1712.1909189771627	13.58626194746453	5447.631339544007	741.8371515430406	468.37031445452	5754.719336508795	4.123741098915472	3809.1743612477244	165.5222354805905	475.773164726617
15.25	9100.012137588154	22.255554698465932	1120.6706811364759	220.31480770527196	475.9286662698483	7541.5153667674285	22.928984286759217	1913.0649143649805	373.9163039888133	475.905052542222	6151.374755771528	24.454440567876404	2626.1425085657697	507.50085881376015	472.24321582677555	1712.1645517509482	13.581835483481347	5447.899346473466	741.511487766746	468.411236536126	5754.670056285527	4.125505398281428	3809.1993899720455	165.49877773229366	475.7584276173626
17.75	9100.042035158587	22.25352795181262	1120.664727008522	220.28662845776861	475.8272427293716	7542.64491406916	23.042792034491313	1912.0600134039528	373.5930367124193	475.91400875532815	6152.8813211429615	24.42043627651553	2624.912555962804	507.103422310237	471.96564726951084	1712.233114708677	13.577330920187407	5448.118471874145	741.1878183339571	468.64882658820846	5754.561613569841	4.1255061403608115	3809.25843005849	165.4455359036595	475.83526550899023
20.25	9100.124407221767	22.25506831553141	1120.5671320470117	220.2774979800594	475.8471551928795	7544.437187535776	22.970002950084037	1910.7461170541592	373.1646748713024	475.8561684343059	6154.449800730834	24.489116623185442	2623.83893920704	506.81872167001217	472.0144818620505	1712.2103928895324	13.575845414315355	5448.392245563422	740.8962740015195	468.58378341429756	5754.548969327671	4.126849732227996	3809.6106604061265	165.27769951747524	475.99521719416384
22.75	9100.349491873158	22.26230600559374	1120.4938658512212	220.26557758272313	475.76310952281415	7545.344489900446	23.28677428211747	1910.1062844119476	372.983062327923	475.75684124055874	6156.030257190484	24.410028256083343	2622.7160730177807	506.4822319466899	471.75618462616177	1712.336023320169	13.578530656396898	5448.6177872908465	740.6499899392936	468.44364966163414	5754.127970826243	4.117214102461458	3810.0670487179477	165.00956467772806	476.1250452182185
25.25	9100.582654802616	22.264345245988228	1120.4685255393615	220.29835701135585	475.7403990718929	7546.245785717059	23.265505240088835	1909.6043150484102	372.836062272782	475.70961019380917	6157.484584887611	24.436115175477525	2621.480405375091	506.0954858499218	471.4840326171652	1712.5296851637256	13.580906249628987	5448.779754978381	740.3908795744037	468.72330938782864	5753.948748254761	4.118855918540158	3810.4567764617295	164.7746446410752	475.9774328381422
27.75	9100.62762012302	22.269026025182765	1120.444333413837	220.28935333847426	475.62327304707395	7546.83261148063	23.350747277221558	1909.192506925238	372.74027454928296	475.73635580555873	6158.954217531458	24.44240387096566	2620.3293943090716	505.72883209285834	471.2237156028864	1712.665376185175	13.575077035017477	5448.957825181675	740.1206864473393	468.758938773489	5754.012516975107	4.116135211539641	3810.692631333637	164.62316278958937	476.10918521817916
30.25	9100.526223626772	22.265321277344142	1120.4547401927925	220.3003198715997	475.68012842296196	7547.297554143809	23.37706399101442	1908.759772632613	372.65959898991406	475.7234487005593	6160.389930491671	24.447785557861966	2619.252116143929	505.37727071708605	471.069297212951	1712.6779798000637	13.571394623728166	5449.205019848603	739.826112005654	468.7146725521308	5754.12676436664	4.110183178276548	3810.8344949573816	164.51056700121327	475.9657164918943
32.75	9100.518817677792	22.27891645398267	1120.4967281474355	220.26222247009207	475.5967964637188	7547.61127218699	23.43510948314232	1908.525958507348	372.61749760570694	475.74438947776116	6161.902959272417	24.457470687042104	2618.1559317833544	505.04400975919344	470.9184302874829	1712.8241376231213	13.586088537559794	5449.297351820592	739.5167453341286	468.6147125254603	5754.165901474761	4.099035946420457	3810.9871281978662	164.44825748821336	476.0466081465998
35.25	9100.620178505827	22.276543117720898	1120.4798840881288	220.26920408241378	475.5124710917441	7548.010605714681	23.535740483466853	1908.2779272821563	372.6080688338093	475.68281124573116	6163.232189177747	24.87279749354249	2617.146213010911	504.7202111483798	470.7548704372032	1712.6107166241761	13.58404344923419	5449.45043644387	739.231507010636	468.418236135989	5754.096625404967	4.0990145004804885	3811.1355624220996	164.31738367993103	476.10965327834856
37.75	9100.577542780931	22.285201910751073	1120.416631207392	220.24540689293812	475.5726802424783	7547.970085787776	23.70298782920795	1908.4188890485475	372.70136644816273	475.89047439390913	6161.964435353147	25.788904263622147	2617.8103445520087	505.04026306220493	470.92569844738057	1712.9404059608573	13.590596857973589	5449.585368667027	738.9664464529205	468.4980573218722	5754.18627556513	4.116335935062072	3811.295104280841	164.16075806057486	476.0702620504907
40.25	9100.698209966185	22.277774936562395	1120.3525976659032	220.22890168005398	475.6007646234495	7547.453941863309	23.7218608283048	1908.6923933934995	372.8537450675242	475.8493128330803	6160.318739788289	25.79763608040146	2618.9994609145056	505.5075124323195	471.1706943001761	1713.2310311059373	13.599581825040309	5449.762279455232	738.6536210047686	468.531162242261	5754.111627777707	4.125758862951485	3811.387276066123	164.03934881566528	476.2131698480569
42.75	9100.667322760866	22.284177922931036	1120.3454799192698	220.22767536810713	475.4866690434567	7547.077586753674	23.771388780382686	1908.9104828402833	372.9784158496063	475.88610071427894	6158.853696524419	25.756534088996084	2620.184799099168	505.98609222173303	471.6533175756575	1713.3513800754306	13.592600160885286	5449.955292634114	738.3981403124326	468.57910877525353	5753.882536337745	4.137138402438147	3811.807734272099	163.8160682236921	476.2265886273766
45.25	9100.771836941885	22.2789545744292	1120.3404139510014	220.24315637510745	475.69793435033984	7546.416597737217	23.8655371316761	1909.405224460879	373.1855981555656	476.03166187198946	6157.268210768207	25.7010647362701	2621.2357971774913	506.37979746204314	471.8875924396643	1713.1960242144178	13.607550972534511	5450.185771537584	738.1235930049617	468.4901604482542	5753.8978634003315	4.141503240170455	3812.302265424155	163.5821985821322	476.3522496975965
47.75	9101.014105328744	22.267607536428816	1120.3578901132416	220.24472604052124	475.7960561563797	7545.646247381233	23.95885897035869	1909.9724415949374	373.4270486827345	476.01791953761153	6155.761146432093	25.63694972875862	2622.3507403424583	506.82846627995445	472.2863120243518	1713.3176777384888	13.613508805243745	5450.315756772642	737.886066588003	468.49102511889856	5753.70321418053	4.141349929275371	3812.6909960248777	163.34021267644744	476.3668627435408
50.25	9100.861221606527	22.26674422933575	1120.2988043107744	220.18821456248628	475.73538939304376	7544.264750951937	24.223984853119696	1910.9582593520697	373.80787759637127	476.25063959092347	6154.812631654091	25.48590139099729	2623.2154254270877	507.15488667053404	472.5904246322453	1713.286636537561	13.617053600557036	5450.581331259483	737.638638031707	468.5245297266173	5753.477954547041	4.134746415908536	3813.2650541340363	163.04717092775755	476.47016619299677
52.75	9100.895512023284	22.27307640298041	1120.3663168019716	220.17408023069535	475.6891308141096	7542.792064788516	24.18554904234144	1912.1524176207406	374.283043776614	476.4299142714667	6153.878749064229	25.49094293173326	2623.9102060466075	507.47965224752	472.7090092908547	1713.264458832424	13.623563318446102	5450.824590299074	737.3633604223392	468.5641968720439	5753.206789183685	4.143152353417942	3813.8293467748667	162.74809262155185	476.59291102907787
55.25	9100.711301320542	22.247509019451105	1120.4004363516517	220.17245236711008	476.14426829378345	7541.5917653973	23.556834367270127	1912.903119536058	374.5593462058166	476.42207127212106	6152.600209557038	25.167777807236753	2624.9757891167696	507.852893101941	473.020056158745	1713.3442091475706	13.629580531228605	5450.975479690048	737.136502280514	468.60864350893604	5753.0300448663975	4.1443150537410585	3814.4448960172917	162.4382273898946	476.58404689471234
57.75	9100.523371109593	22.221932278507072	1120.3971716084086	220.17915248426692	476.28623131059544	7542.995123121666	22.722401793601133	1911.8403608354554	374.1684893890598	476.35130525264117	6153.942902700052	24.069100822566334	2623.991731178408	507.5331733911636	472.84215007165756	1713.3906262134817	13.625158495641427	5451.138258123263	736.8803425890335	469.0138796252066	5752.7111370513985	4.130649633993924	3815.282357660356	162.00162060936944	476.9263822993411
60.25	9100.396104896356	22.2208353841358	1120.4151592762967	220.13378583615255	476.27135808142526	7545.091506102585	22.723715066127138	1910.3297274642798	373.6389334763099	475.9377816739295	6155.917584382433	24.044933832548914	2622.3715005361637	506.98731414742383	472.62377791100124	1713.311324648107	13.624422077237732	5451.374699065923	736.6540629472372	468.86956361975507	5752.125899447898	4.1082572724090385	3816.0696203221537	161.56452233097238	476.888506918132
62.75	9100.426932569602	22.220658371797754	1120.4438257896174	220.11885756138088	476.26496887078764	7547.2746074456645	23.09532038308192	1908.8642704042413	373.0940286935755	475.6371526828075	6158.085735421291	24.091205135121204	2620.7070172008584	506.4045831071111	472.16804896317444	1713.4152944682946	13.627880501198238	5451.618050394152	736.4448079970441	469.1101351372204	5751.780054170487	4.09808579533334	3816.6746121150586	161.25005122952123	476.8402306003298
65.25	9100.434386278946	22.223561616259556	1120.3481471679056	220.16102924287014	476.28642909973274	7547.0933669128	23.694008235144572	1908.9830203431036	373.15263475020413	475.628537735889	6160.227631524823	24.28408685493341	2619.1145461412293	505.88228096687055	471.9673745801879	1713.4561351879427	13.619710065515221	5451.855671533043	736.1722354073903	469.15269126179874	5751.773236355409	4.090007649887959	3816.985111777644	161.0879099991846	476.8133182691103
67.75	9100.536540678804	22.223777670149893	1120.3172306407284	220.14891394281537	476.3942412571967	7547.253102487508	23.36450106379094	1908.7359271026492	373.0791383510043	475.60986047070776	6161.319168644192	24.603967051861126	2618.2295231543817	505.60372914772177	471.80883852599106	1713.5255627738327	13.620720383494415	5452.042251403247	735.9582149393228	469.2358705165263	5751.602364101533	4.07804364363477	3817.113989860823	160.98939480531405	476.8523994122716
70.25	9100.655359512724	22.207495176636737	1120.3086672267762	220.1570785082586	476.5851714615862	7547.585196685777	23.445080676653994	1908.4200786406418	373.0059223959932	475.5238504671245	6162.323016504485	24.61408927607165	2617.5988167616974	505.38389086687533	471.5684254632501	1713.7091771867545	13.611562074828084	5452.177520253605	735.7054561227674	469.282980144656	5751.58746324842	4.076303658284056	3817.379310579261	160.89917270362162	476.71688954602047
72.75	9100.775403674146	22.200380143280764	1120.229351276455	220.14260747090174	476.5863603905441	7548.036454814497	23.53917126517216	1908.1304269897967	372.9012037148216	475.54321809625196	6163.138520374418	24.858371357806433	2616.8213075845924	505.1744599251221	471.4591592702724	1713.7344705790842	13.612258365033837	5452.367251058118	735.4419679908775	469.1235033619326	5751.681927255753	4.080187100263299	3817.3265935247377	160.89528251535287	476.72079281988056
75.25	9100.833391163616	22.204457600665954	1120.1833099444018	220.1739861612013	476.55505181777204	7547.973678032869	23.71463686506922	1908.3159015728602	372.97631935390734	475.68679803897993	6162.6622575341435	25.39347192025261	2617.186071832951	505.29434137773904	471.4398393663424	1713.819969197184	13.617616366498346	5452.528284086271	735.1534250542504	469.3464802264537	5751.676907150282	4.086784806031434	3817.412122821758	160.8624090283187	476.77884258352225
77.75	9100.576468441537	22.21717076095977	1120.068422554815	220.15242431868714	476.47615861397145	7547.652850897491	23.677627998163047	1908.546725660319	373.0866867961178	475.664940682269	6161.729362800838	25.440032805779925	2617.696301244479	505.51799171655847	471.3119386177278	1713.8833232546212	13.621888544436306	5452.652940718306	734.8853625880084	469.25373766070584	5751.8173601323815	4.091319266745459	3817.29584153526	160.85137972142465	476.7317572890953
80.25	9100.658873673568	22.211089437444986	1120.0492157396793	220.162429221601	476.4803487988574	7547.581864147849	23.674450194826882	1908.6521739865084	373.157684267845	475.71422533572564	6160.800773435957	25.42330675655905	2618.4058352786465	505.77050404277594	471.64420886685224	1713.859030382568	13.620051799523957	5452.826119423705	734.6522498579934	469.31620510859165	5751.785617208878	4.097608162893889	3817.3578207288965	160.79079943058883	476.79251021426205
82.75	9100.673041917897	22.20079880134243	1119.9997559897965	220.19155659005014	476.57046759599973	7547.178345634938	23.70594722174403	1908.993389794454	373.28568565759133	475.91406291170483	6159.877610550504	25.405530488887397	2618.9874690157094	506.02603775994925	471.61476202716443	1713.9715471058948	13.628211616604625	5452.923482752147	734.3827651921099	469.1900596206031	5751.723805910934	4.102124507646642	3817.570663237783	160.6661505365954	476.9307560921685
85.25	9100.553224158042	22.20906912034557	1120.0115318335206	220.17641236340228	476.406472099004	7546.832092541234	23.615584089574792	1909.1492871042592	373.3585119154735	475.87806885933014	6158.832763783952	25.427798102151073	2619.56139302973	506.24879135628726	471.846326873031	1713.854815402513	13.623361493543506	5453.0883109892875	734.0993514154165	469.1759594728809	5751.445796720766	4.101981823299046	3817.9969227418037	160.4431867083905	476.8856722569981
87.75	9100.632474017928	22.214262090953316	1119.9904150442055	220.19946638022338	476.4148704032373	7546.514753110327	23.664975633711812	1909.3153696551092	373.4506588247392	475.93247103419225	6157.937954787248	25.409038781078163	2620.124095059883	506.49178359040366	471.8203437182074	1713.8073505340633	13.62478099236317	5453.1971801887985	733.8379418353517	469.26008219305675	5751.39160836542	4.105487482013933	3818.2804967457705	160.3431105906761	476.90478154068325
90.25	9100.73428045715	22.21604119052915	1120.0007330011297	220.16720114123507	476.44140638293885	7546.07577297593	23.65293426480279	1909.5186277967614	373.5014431963229	476.00187597774266	6157.096567583809	25.401964313496915	2620.7133731685767	506.71856489580796	472.06525818718393	1713.7060123271497	13.63560853923532	5453.431566634776	733.6029515656757	469.28166450176826	5751.197555843831	4.107839082752131	3818.511732048095	160.23953965093423	476.8568640048176
92.75	9100.777683419059	22.208199665608063	1119.9406911295744	220.18438556412815	476.6128084131072	7545.499194728804	23.658175564328904	1909.726905984426	373.5714447707063	476.04184407640855	6156.416765805825	25.3909018302191	2621.243768038835	506.92450887540105	472.10323743920975	1713.7102397386727	13.635106262223912	5453.622574265889	733.384963952676	469.24551175242345	5751.181198671342	4.103222866778178	3818.6960935314173	160.12831338225752	477.1114017987649
95.25	9100.667028182133	22.20232938612075	1120.0353990680057	220.2176395493652	476.72363252732697	7545.315145476696	23.64095692034721	1909.8126969157229	373.6118615345542	476.17899850044284	6155.591533724822	25.38289546283577	2621.896425649702	507.1017169351726	472.2434359692728	1713.7188376204665	13.639030954133615	5453.860886837349	733.1415017579789	469.26472012559327	5751.047105213527	4.101534260127571	3819.156457635186	159.89711016761453	477.1050945203438
97.75	9100.758657397519	22.2037235899856	1120.0856026138572	220.22026447519912	476.63236974221394	7544.977155017083	23.714087018875208	1910.0441140105008	373.72201013796763	476.0892030384641	6154.905937717817	25.361853846604987	2622.379159494553	507.31131867123923	472.27476152954404	1713.9817440752538	13.653247489644905	5453.987891532777	732.8973692850664	469.49511555522304	5750.845141525327	4.105908113734008	3819.614397625997	159.70188522605088	477.1621863379683
100.25	9100.720547007899	22.204606941365395	1120.1126898830344	220.20236646320544	476.6141227334006	7544.7642151849	23.753399964362437	1910.3426192692693	373.8186374552763	476.2151700679176	6154.166139690207	25.328280376208333	2622.9199077128887	507.5039685992959	472.45078777859857	1713.9308981709023	13.665767909600175	5454.1354913598025	732.6705909961923	469.67480599348664	5750.64216264231	4.102581916977643	3820.1421593835703	159.5026792592235	477.09298564054393
102.75	9100.729352273433	22.196436170291637	1120.2588429844038	220.23722873998852	476.73847749090373	7544.1484813398865	23.84013405554711	1910.7927524444679	374.01204597569307	476.2429326952075	6153.425721842917	25.284393011211943	2623.345540638098	507.65490509014967	472.4960997941844	1714.0565311903492	13.670828690201084	5454.356520732119	732.4412873873546	469.84295942360416	5750.8148523587015	4.10079008699844	3820.2323578460455	159.44764336425504	477.02602337177433
105.25	9100.684335738888	22.187410736254627	1120.2671928861187	220.2430040229379	476.75932827240973	7543.299130793905	23.75297541264102	1911.2305003222157	374.1699006703891	476.16317764579554	6152.827227414599	24.909587068818848	2623.747557978396	507.8264563153683	472.86933046350254	1714.0462521307877	13.669029043202993	5454.56733683692	732.2200896025731	469.9610102421002	5750.770160792738	4.101044971246446	3820.2304474037333	159.39712834820642	477.0779501936905
107.75	9100.725957979892	22.182421637819658	1120.2443005629918	220.23635820149102	476.9171665523734	7543.275219169993	23.382045784815126	1911.3512597126576	374.16371055068925	476.2730497604719	6154.012040396593	24.173175629554066	2622.545924840019	507.4473504636822	472.7271058214251	1713.9887604486396	13.661875442126657	5454.785530903544	732.0024305760292	470.1442962612416	5750.445172021759	4.0953169254300406	3821.0213180547084	158.9790710927132	477.7656110724821
110.25	9100.745695345322	22.184953141336216	1120.1976919671908	220.27656974173408	476.78051195268694	7544.308504218684	23.084277958996758	1910.5602471965194	373.9006932121298	476.18794130663116	6155.5960143183875	24.337079989486885	2621.452629736588	507.07153623268493	472.7654353794179	1714.196801430836	13.657019843058576	5455.030487016242	731.7374326105662	470.02388058716076	5749.754124638854	4.08955149126767	3822.177968480452	158.38640642552724	477.5553874277425
112.75	9100.721562785937	22.185182663376256	1120.1920535389436	220.2785772765806	476.7409575642614	7545.253010446211	23.2149036083722	1909.8492091858839	373.62875320322775	476.15857582942	6156.919453441664	24.292316284119178	2620.361182928949	506.6823528017017	472.63932741337356	1714.0681112454538	13.651601698984914	5455.271714569897	731.5035023205651	470.1061188664963	5749.454843316801	4.084352209174461	3822.844816389387	158.0020816253582	477.5893910886681
115.25	9100.86089859774	22.18544181505644	1120.2076338563409	220.29406651163973	476.77391536329424	7546.101653330926	23.25231730180985	1909.349071344135	373.43741945209774	476.00981142111067	6158.606727006668	24.28315512132876	2619.19351105669	506.2918802599477	472.60996702715005	1713.9250297123353	13.651834321361974	5455.482931478254	731.2999391493101	469.9057498250796	5749.376873135152	4.066837620201953	3823.331399436558	157.73878157984814	477.4558903928321
117.75	9100.905566776792	22.186933108726848	1120.1964909675805	220.27241691281242	476.78105513588804	7546.855932224608	23.28979629311346	1908.7602552308103	373.2917486514886	475.8657898202879	6160.2154285829265	24.290922148296403	2618.0115606103946	505.93033323939324	472.26953499622624	1713.796937132469	13.653972502916687	5455.723824713394	731.0238280014823	469.8046645090149	5749.25037844627	4.0560243869995745	3823.49649868731	157.6307912197252	477.4806881925726
120.25	9100.819385016988	22.185795734099774	1120.2554680876847	220.27213777584882	476.6927272772409	7547.430710243755	23.36192558164946	1908.2539879946992	373.1691065044346	475.9030366922896	6161.81967500812	24.441888854484375	2616.9616528576075	505.53689913482566	472.1447918058009	1713.7556449979147	13.654012501646207	5455.973899061737	730.8076102575119	469.9070692964362	5749.233879887033	4.0494470513368155	3823.7215296961776	157.51842671562332	477.5017962147305
122.75	9100.64217447115	22.197943892765455	1120.167392416145	220.26073026306076	476.5566729755477	7547.644942961456	23.479179635372162	1908.094793261506	373.1043886898184	475.9052464226698	6162.318636059007	24.78398387234984	2616.5416413454504	505.3658052951622	472.1738920049475	1713.6406785998429	13.65646632289717	5456.074897641569	730.5738979090564	469.8523606902891	5749.066925972148	4.049704675524219	3823.923489271647	157.44468211895426	477.61031607451844
125.25	9100.52510532401	22.190107258190704	1120.1527826382255	220.26100424407076	476.7135789349543	7547.823806283102	23.51304965448582	1908.00560317459	373.1079634101555	475.9784936120934	6162.720410720131	24.80938890141755	2616.346632214791	505.2908532207897	472.20587411649063	1713.7582113317123	13.650541833096746	5456.339851667701	730.3173180142721	469.9050379843778	5748.588881644118	4.049591024407924	3824.494005396148	157.18288619604388	477.7658918261906
127.75	9100.484417568177	22.18807380173469	1120.0499769553464	220.20024817584329	476.788879303552	7547.602477745197	23.527181181099525	1907.9986218077536	373.1365415593593	476.1335160279199	6163.145668821331	24.94832624273736	2616.1698732477635	505.19258337380626	472.15286143765195	1713.8614476244609	13.650709326363222	5456.491061420239	730.0686527463641	469.9933399491628	5748.288356642093	4.044971454550984	3825.1079602397485	156.8421138319884	477.8854591355481
130.25	9100.681321344033	22.183972916204816	1120.0967127620042	220.16317074552146	476.82106727140615	7547.664305272917	23.4835871213213	1907.960162277171	373.081521015463	476.1793694739077	6162.955498938123	25.14117173907984	2616.4037852601355	505.2615896604409	472.02811385458534	1714.2129931975671	13.64335047801494	5456.662903292639	729.824660246745	470.0327372457089	5748.199136608441	4.049642784410516	3825.583527477285	156.58917156415134	477.76506662068675
132.75	9100.817152372476	22.187066443822317	1120.1832344240242	220.113883119369	476.7443336374931	7547.5406466637705	23.53015319519264	1907.9299202399625	373.0838576853731	476.34521144069913	6162.54599852238	25.145135415509618	2616.7159124318573	505.3864297976806	472.03498648267396	1714.1673918126628	13.645295434839085	5456.69415946895	729.5684561651967	469.8273096876898	5748.200756533738	4.046958243778658	3825.6978090304056	156.510553364436	477.7688965007397
135.25	9100.981170414361	22.185146528215476	1120.1536152424858	220.10730842815897	476.8649116607569	7547.557398361082	23.49240481588326	1907.9465797492342	373.07908414118685	476.4588051228924	6162.273644456401	25.156232127352418	2616.950079812586	505.5397240845432	472.01026939297407	1714.1780223073854	13.647536683959126	5456.84743387161	729.3518181268191	469.98251958012924	5748.142852811017	4.039859202427439	3826.054611132799	156.3447085767993	477.8786949875362
137.75	9101.02557700116	22.1813324253125	1120.0975202052086	220.07273483648677	476.8521952680962	7547.51102527862	23.45679897395939	1907.8443714440846	373.0369074865693	476.63561587261484	6161.67314239547	25.16233897216748	2617.1608160652545	505.69767012345307	471.94655020180994	1714.2305980881229	13.650115279634226	5456.980535348981	729.1272648915425	469.89265172378254	5748.069988643407	4.038119825063198	3826.489406104224	156.1379388858215	477.83979835023524
140.25	9100.899156208941	22.175691208439922	1120.0426894347702	220.0625063259853	476.97076017985637	7547.692401874319	23.527021223405143	1907.8140565212932	373.0064095043941	476.38691766820307	6161.240192903497	25.13405708246482	2617.4127050838747	505.80416228424906	472.2575827146692	1714.4275202146932	13.649423343985676	5457.156727578888	728.8625810169136	469.7584214562207	5748.087583589967	4.039739798185249	3826.7498440632066	155.98109316736753	477.8631104047008
142.75	9100.984022092121	22.1731505810789	1119.9459500464984	220.0790702405402	476.9711134467735	7547.388967868189	23.646130001151185	1907.9937843309285	373.0692572799408	476.33513346715336	6160.9151749610555	25.114035976835034	2617.6310044714037	505.9392534118956	472.47826436836584	1714.6682423181098	13.655196070919622	5457.292703802271	728.639355937325	469.870645980372	5747.928958940158	4.037411056203309	3827.0628688846136	155.81022390373684	477.9154271178436
145.25	9100.9258637052	22.177507067968445	1119.9411740968874	220.08430083198087	476.8907818799372	7547.162222392534	23.5437275789973	1908.236531093662	373.16197264754175	476.5407048140838	6160.463994021472	25.12897196462099	2617.8382223791077	506.0135004861784	472.53657750178456	1714.7760248764318	13.651345528088106	5457.43574357159	728.4287931325335	469.8167060450705	5747.787347912422	4.03484547256444	3827.3245469882913	155.65187063050652	477.8613178222953
147.75	9100.964697722808	22.16812645258605	1119.985553552385	220.1080821830346	477.0360855721595	7547.3879109059	23.44381019624471	1908.1710885175546	373.1477724853024	476.55897309886365	6160.16248807565	25.15626311687774	2618.112242290182	506.12940532826036	472.5345947610779	1714.7993169505626	13.657694113885	5457.6007753441445	728.2200012451361	469.84312765558514	5747.842470319084	4.03437985152298	3827.370341276674	155.62410025352978	477.90109568208237
150.25	9101.040958435087	22.163827774118804	1119.9915780469548	220.11134681496267	477.0649540722125	7547.352570014064	23.445027361928638	1908.1820083981147	373.17187771336296	476.8493440813426	6159.851721266084	25.155867139348743	2618.4191227174106	506.2518929711893	472.4803828816041	1714.8248608631807	13.664427296462136	5457.824287453579	728.0384373951207	470.1103951856628	5748.084857730471	4.0321338972837815	3827.158503169187	155.71730672726775	477.63500256241474
152.75	9101.08301560426	22.156885135283357	1119.967175994264	220.11669728392724	477.1868971252994	7547.757657571773	23.390043159121497	1907.8979433845686	373.10774430023395	476.88692645773364	6159.559154515584	25.172535598071452	2618.7325439164956	506.39143703930085	472.5426738273079	1714.7611837498007	13.658822632356978	5457.938953521613	727.8169208534863	470.0510238259184	5748.096757740013	4.038426040252399	3826.723231904779	155.90712455824095	477.6379767663715
155.25	9101.070848356867	22.146900545631375	1119.9440631189896	220.12393711214057	477.2067737934488	7547.633738894223	23.489078864437744	1907.9113939580566	373.08018757546864	477.0006554391541	6159.18287821726	25.182941245651925	2618.9782043338455	506.53141544334113	472.50826848184346	1714.806982556366	13.66480321248689	5458.064593736835	727.6595561523843	470.2551572482066	5748.358366154478	4.041896337487574	3826.398349646957	156.0545627508137	477.6212385656066
157.75	9101.063004777197	22.144985483223554	1119.9123504575196	220.1095896731706	477.38365512353806	7547.703156834601	23.41299163018442	1907.824894435305	373.03776031973143	476.88254168736756	6158.858890630903	25.176569675176637	2619.2668921003897	506.63495053036087	472.73355692180786	1714.720433543151	13.665034461345076	5458.212532225608	727.4624081918971	470.0412240967152	5748.750982597859	4.041843275532057	3826.1113487890257	156.20379234833268	477.66109876612876
160.25	9101.0625913227	22.13524280114285	1119.9175815789724	220.12769688075437	477.5434347987069	7547.758716486932	23.447722098944688	1907.8331744016748	373.0622444266143	477.0451262384142	6158.610051066677	25.14945822196199	2619.5905942698514	506.766039791074	472.9443005858155	1714.7805103879236	13.66876208392082	5458.361309251817	727.308503293798	470.03410090414815	5748.631388593419	4.039689233681749	3826.2208393017186	156.14900625330054	477.6538118927165
162.75	9101.006527893853	22.11915349614486	1119.930050163877	220.13769927183728	477.73636599392256	7548.080210744084	23.289026402065932	1907.7721480033554	373.02791683987783	477.10290405410075	6158.09251101456	25.133427288178915	2619.840221047801	506.8788982689638	473.0986720663192	1714.8318026775485	13.677603848724834	5458.589002149667	727.1438025255708	470.1554542212614	5748.664903059717	4.039118755220142	3826.2367671808283	156.16966374545206	477.71067516184814
165.25	9101.097323446415	22.11722238588757	1119.8823714990208	220.14449611956826	477.67349942740566	7548.67866225944	23.19031490729435	1907.3254504111542	372.867750762161	476.9969481180789	6157.832871394025	24.96829495450217	2620.0760717371772	507.00860762507887	473.3511916385824	1714.8912151534958	13.680779840634477	5458.758318435067	726.9561163251069	470.28446736689847	5748.794029092277	4.038292041686302	3826.2125104116108	156.17285945443166	477.8160498708737
167.75	9101.097218511464	22.12233446974843	1119.865487126183	220.11822331128838	477.61958266187673	7549.030183224884	23.174990726280818	1907.109296874012	372.77926962495036	477.0781515275961	6158.462909965463	24.58186252480684	2619.7536545133844	506.88977324403777	473.48555826643513	1714.7454954120026	13.674894815228472	5458.912900773905	726.7545306792055	470.30292583237235	5748.803477039555	4.033815948819274	3826.3728188138916	156.04665514898645	477.82029677730634
170.25	9101.112170432863	22.11684970520378	1119.8625643559517	220.12345887882316	477.68785942110003	7550.172537697166	23.313879196543457	1906.1791535793682	372.44508540969093	476.7730290494071	6159.445126696767	24.54882321484046	2618.9424185533408	506.5972330655239	473.36721081399094	1714.845320455158	13.67571046329769	5459.048478442435	726.5460702626397	470.2209426258581	5748.781282863906	4.022521102208581	3826.5621417878388	155.9543829773173	477.9136952305612
172.75	9100.953125549488	22.11448864864952	1119.8940638040228	220.12200394011023	477.63115106184074	7549.097936795212	23.873599100451685	1907.153205198521	372.79971286502706	477.1375925988053	6159.753013339516	24.89852254858345	2618.635413162831	506.47950174593484	473.1337322303732	1714.754932293246	13.67529543960543	5459.198385729466	726.3657270189989	470.25209993228526	5748.536620836835	4.025321714437644	3826.7619402148393	155.83293465914252	477.7532483532548
175.25	9100.927612941397	22.12168033350259	1119.915773160325	220.1104974877129	477.60120459474274	7549.2670494746035	23.2666554940905	1907.0748618836965	372.7359641629324	477.10541868043657	6160.053683558778	24.94497692012205	2618.476784360587	506.41842920759564	473.10664646687866	1714.846047718055	13.67367759679773	5459.322732265432	726.1303261761476	470.2960322479256	5748.587940744938	4.021329979142432	3826.591203859802	155.90127802651068	477.7551713922254
177.75	9101.089707623149	22.12892934318493	1119.9924686810434	220.09492823518195	477.5069278175929	7549.211715142642	23.59009969087615	1907.1639945499267	372.77056474161964	476.91910852000467	6159.78971953208	25.094712036579597	2618.572707808577	506.4529340809311	473.06080340026233	1714.6674722453852	13.667365017926745	5459.472805865038	725.8748029636791	470.10351487156504	5748.65366925841	4.027012374699255	3826.496399506721	155.98292667840985	477.7542854083334
180.25	9101.194737304482	22.132441129852637	1119.9670102953357	220.10392967457872	477.4003280398467	7548.628767280156	23.55084058827778	1907.6403949466742	372.91015300585894	477.03976345710316	6159.331298874838	25.107541355759768	2618.8517346760727	506.56805474629357	473.11308317861784	1714.7238908008385	13.664327999434601	5459.657327659789	725.666398623737	470.01876388591444	5748.5065451492355	4.032241302489811	3826.660772283089	155.91605237990993	477.88512785149453
182.75	9101.224185575575	22.146307529028487	1119.9880842949092	220.110165348609	477.2847555141772	7548.771835209177	23.34756439206557	1907.494943217512	372.8692158656219	476.9215102854158	6159.127976169126	25.09247916049019	2619.0922746575097	506.6908155309208	473.0987936008684	1714.7145290508847	13.664859708425546	5459.8273200992935	725.4615659090085	470.1727985192527	5748.395165662534	4.037480599987084	3826.8687810487177	155.78966031226383	477.76496747149986
185.25	9101.007665997364	22.15776908833758	1119.9818668237194	220.07016315879576	477.1071873414318	7548.519225490169	23.45872954439374	1907.5238578118704	372.9322928741413	477.00731175832334	6158.546091623597	25.051772670946395	2619.295134025979	506.79127118305377	473.33041728498506	1714.732301042199	13.663308944055924	5459.992363217335	725.2470640981925	470.2412135057019	5748.308320898867	4.037245878427594	3826.9097724928047	155.73152366261007	477.9376092962344
187.75	9100.953422058372	22.167108562682827	1120.0772739776394	220.059106259337	477.0900161737037	7548.724060134661	23.425561831312134	1907.3770085654944	372.8598564094761	476.9430362947683	6158.659705725994	24.809207607064195	2619.2709770636206	506.7227882972361	473.34598192033263	1714.6780450737492	13.663680028453092	5460.118265318388	725.0481754462149	470.37548522465204	5747.95746264719	4.043876397274978	3827.297639639827	155.5488404242429	478.10704364207896
190.25	9100.930982532012	22.17144257080517	1120.0386843740132	220.06791769513018	476.9528866317707	7548.413226484133	23.720260238844013	1907.7203850524795	372.9760909749165	476.7764825217171	6158.957050353503	24.729219870729963	2618.97375676791	506.59952242311795	473.05630108042004	1714.7609741789022	13.661531120234534	5460.289800553844	724.8610089725835	470.4025745353714	5747.81227281221	4.039679097373607	3827.8446971632875	155.24187231583363	478.1666339529172
192.75	9100.802308809461	22.1746081085064	1120.0213871249714	220.10623616971412	476.90857349688935	7547.851677264874	23.688056260422876	1908.2335391730458	373.13864979454956	476.76865537048644	6159.446807011474	24.735118826126826	2618.605236423927	506.4989185767912	473.1295900211796	1714.8550886823123	13.6652585823338	5460.440440281184	724.6740054138248	470.3639328182838	5747.658229115619	4.036371332170976	3828.275827883596	155.02915405035498	478.198611418205
195.25	9100.759212960167	22.182249668740617	1120.041529495996	220.12199468758504	476.87843568645286	7547.557483017469	23.523800632899317	1908.4750708438366	373.2472508388133	476.9166872172492	6160.0532629546915	24.76833263040911	2618.350948537345	506.394743233842	473.05656401157717	1714.8053158568448	13.657268605524377	5460.61373243437	724.5157893790571	470.2913089190044	5747.235354508841	4.029298798411411	3828.781595896111	154.80627778538548	478.26196137962603
197.75	9100.796536252	22.17984797503216	1120.0742982639006	220.10171996575806	476.92083436126006	7547.657064899022	23.36926888388166	1908.378701749041	373.1922412765873	476.84257814530355	6160.443479845802	24.81077347254302	2618.1045074037247	506.33407790952725	473.11960637828554	1714.7875482169775	13.656096206959191	5460.77514551528	724.3131689526683	470.18884807525717	5747.006972100218	4.022728235655133	3829.01777886513	154.64929363700466	478.1740440337932
200.25	9100.879988452964	22.18715112862066	1120.1257237129678	220.11042205539928	476.81572796076404	7547.828645365314	23.40166177617554	1908.2640661124653	373.1350638239187	476.96019157343864	6160.71851568851	24.79571959633267	2617.869085359051	506.28094315925534	473.2573720904233	1714.7633451449738	13.662891839874368	5460.959301477876	724.1129596568425	470.2955704437306	5746.829276691974	4.02424485231448	3829.4510133227163	154.4006355072658	478.43998300330884
202.75	9100.82261833874	22.185692238193884	1120.128574532934	220.07936383202582	476.7575306643864	7548.123187633987	23.37884856082625	1908.1186359939566	373.09137313014594	477.00322314536714	6160.752651006721	24.518356982069122	2617.7239785976712	506.2545251957932	474.03986132806745	1714.7203157049462	13.65843027921107	5461.110275418818	723.9073888175169	470.4809533160845	5746.564344884394	4.02526871446541	3830.0325229843183	154.12654988372017	478.3599083172097
205.25	9100.93182849367	22.16685040477008	1120.1937465894862	220.0598437024371	477.0524236797602	7548.24824657548	23.382049150737085	1908.0292061331418	373.05753479524316	477.1837142106733	6162.300464775356	23.93437418242521	2616.5758802015707	505.857994529044	474.3492873640878	1714.6775686341198	13.658509545711848	5461.269694257256	723.6977426306694	470.3273140870459	5746.629391036574	4.007287484588569	3830.2055558171564	154.02904672955282	478.33659452301583
207.75	9100.904239940968	22.158514984788745	1120.1535433167398	220.0776118245405	477.0010016027689	7548.41774136381	23.379248506382876	1908.0042286799805	373.00723936202695	477.17343731216306	6164.276190065287	23.919770728035438	2615.113165414791	505.3516206479367	474.26302966789444	1714.7795670372798	13.65340858838249	5461.405775437301	723.4866655974097	470.2713032539521	5746.346415239475	3.9955256044396847	3830.4008140037918	153.90647401343162	478.3683087382127
210.25	9101.138638751338	22.168650459320652	1120.1404819088102	220.04478008043296	477.00020075967393	7548.590575119039	23.635833143057123	1907.9545613659125	372.9694806233517	477.145107951676	6166.401637568895	24.431213522551957	2613.73492124057	504.81157535597487	473.92609674039863	1714.9957808059075	13.643311185742531	5461.467359918925	723.3008793977134	470.435297016749	5746.0092831779175	3.9896203951835822	3830.755783951059	153.72023573949534	478.34327948347703
212.75	9101.14372764546	22.170075067537688	1120.1285154246664	220.0391145253837	476.9529192220655	7547.018138056481	23.720108937392304	1909.0374471391146	373.3629557664781	477.22569992077297	6165.390540370448	25.116738539897227	2614.5540779968123	505.1424147616586	474.0770825698402	1715.1713001251808	13.649347400842755	5461.582381106391	723.0902030544912	470.59906227281186	5746.09595526324	3.9949922726673144	3830.629720710025	153.8216953471743	477.9873576518752
215.25	9101.115476256313	22.170582315456233	1120.1007713148845	220.0189921680137	476.9124582138914	7547.895796268752	22.93557696997898	1908.1871911681887	373.0459630609063	477.0193744221824	6166.3399054482425	24.086786529722968	2613.8512850427846	504.94707615274893	473.798124847187	1715.1763928885864	13.646783222848368	5461.626415350873	722.887322168407	470.6562434654172	5746.4801693397985	3.989589771193045	3829.9640664295343	154.1045591068207	477.8545282963842
217.75	9101.15901233244	22.182129324900988	1120.033957968017	219.92761598297608	476.92446964575413	7548.111535971343	23.724054547279156	1908.039157279394	372.97632651983895	477.13266382001535	6167.782698031825	24.32986393485432	2612.837095170119	504.6623802080383	473.40074324953366	1715.242838129248	13.64200942954107	5461.624746178257	722.6676607067102	470.66850155969996	5746.784031780226	3.9885400274355294	3829.554103122159	154.32152514002138	478.19247279650807
220.25	9101.244791154988	22.159044463103218	1120.0308114899683	219.92915578333248	477.1252274726363	7546.611254881842	24.233116159567633	1909.0811542640636	373.398355921439	477.139151966365	6168.701287161627	24.43915571421047	2612.1414002636416	504.4309577131346	473.13953347879516	1715.3525397604155	13.638677429682822	5461.6561902675985	722.4533325336304	470.8844574561263	5746.4917814722085	3.991313658422504	3830.123480668026	154.0526196749947	478.60344375066086
222.75	9101.24326503029	22.14849180568387	1120.0393059758317	219.89795830378267	477.2870260917142	7544.743469855941	24.159407538869537	1910.3866753809837	373.91163999243355	477.3569158781897	6169.409941970896	24.59824980333935	2611.700186883742	504.25759401894777	473.0200430475717	1715.4922880027862	13.63284862614776	5461.790364181732	722.2164390314922	471.0284239186562	5746.064485393042	3.9866755374299774	3830.691858001505	153.7641915542853	478.2915606925202
225.25	9101.200172421019	22.154390038547678	1120.0072753504385	219.92648167340593	477.16928281389676	7543.495932044806	23.587892583159153	1911.4495582187285	374.3057333561315	477.1585744582189	6169.281635716933	25.142639546171534	2611.8648532767875	504.3186476050663	472.98188730760893	1715.6881045593123	13.6401172506177	5461.771736099594	721.9977269800488	471.1209540304648	5746.225987550238	3.985546596265544	3830.7462460661613	153.75891662344955	478.13891389119794
227.75	9101.191877578227	22.166346557276192	1119.9358100837756	219.9040210296516	476.9901516159854	7544.945934745979	22.68127229194229	1910.4641813367084	373.93156544119404	476.78135166866514	6167.578501702917	25.692975837660814	2613.19053888643	504.83453386339806	473.1295038901172	1715.8010277039136	13.641828946653126	5461.80744742763	721.7950658309319	471.09571152081224	5746.492949184946	3.992802938165607	3830.557331834437	153.82881121859563	478.18695663564114
230.25	9101.04166342047	22.172558010061504	1119.8705702482011	219.94789373651125	477.0005453818145	7547.199655617974	22.981491293146377	1908.9926045731786	373.3929605412413	476.6946098940367	6165.439846055673	25.549182089286557	2614.702534103318	505.402835182411	473.4476253201833	1715.9755040987973	13.63988490057037	5461.886304442643	721.6166037007968	471.10268723049495	5746.5227125399115	4.001293881557889	3830.242698269097	153.90494949468558	478.2165727429857
232.75	9101.187376404256	22.16501963061138	1119.8585919902166	219.9486107355492	477.0347360011018	7547.3552367059165	23.675716341804005	1908.9619026805203	373.3584632347337	476.45316516462907	6164.170837555445	25.142341283226795	2615.588449895186	505.708672427674	473.58584010903564	1716.1726594890233	13.641425889009069	5461.995458818327	721.4193456653718	471.1704507742168	5746.486792499031	4.006969166366762	3830.1524365052587	153.98466100170774	478.2291840610764
235.25	9101.19098679382	22.16787417845185	1119.7657934073443	219.9450156202993	477.00325742266614	7546.949338882799	23.657439926932447	1909.2577252338742	373.49565915586754	476.40040220197983	6163.773941178917	24.790657981936437	2615.9900300090862	505.80574910485564	473.7194720831925	1716.3965861561494	13.643936898879012	5462.180580049937	721.2487891949804	470.9118588763693	5746.1484572643285	4.00510021778713	3830.3372063524876	153.88811848783703	478.2056233163123
237.75	9101.21169958081	22.162794707156475	1119.7528898490746	219.94834713021265	477.1026403033657	7546.635855303149	23.643335529353667	1909.316648715535	373.5674887842445	476.3368877502416	6164.26861296978	24.567553473145907	2615.6862202448783	505.68746100898545	473.8141339769774	1716.419924448604	13.644129302022144	5462.276400847186	721.1166416092282	470.990518798348	5746.211954073817	4.001342762685184	3830.3469392427737	153.8821096574576	478.2970581565423
240.25	9101.278483545717	22.152292170962266	1119.7442630727012	219.94407741792367	477.1508502548489	7546.10710870058	23.759390274600026	1909.5553470017699	373.69138417236684	476.2955192553332	6164.571095229235	24.759810892993386	2615.4121977881473	505.5909621532532	473.5475411795003	1716.5471048636816	13.63863975659138	5462.467483310777	720.9566053449689	471.0761266096078	5746.026405923052	4.004702470234872	3830.581833467324	153.74957226806976	478.40154155601635
242.75	9101.143313637143	22.162187534505534	1119.6702072914964	219.94022121206714	477.0963879184745	7545.532421207315	23.783596036396766	1910.0312315059443	373.88559628307416	476.48434287220414	6164.307246437341	24.80243280664256	2615.589856014413	505.6796851994582	473.75033775829723	1716.6089772939854	13.630581469245813	5462.614326862389	720.7841657628646	471.1800758750796	5745.761062160061	4.003181964827959	3830.9152307470085	153.56406942286208	478.4613192498921
245.25	9101.124630145308	22.150529459057196	1119.7967495542143	219.92335554799976	477.2100182166158	7544.961532345019	23.73271558782185	1910.3275776944488	374.0022431423709	476.5961865406848	6164.858232839161	24.545355250617252	2615.341189984011	505.57704729809967	473.60076994881933	1716.6200488611887	13.63236283462628	5462.671141429208	720.6310700497888	471.14289803544006	5745.581785556529	3.9922231687985015	3831.2121501195425	153.45848614974898	478.3829530131703
247.75	9101.176494569801	22.155903928273972	1119.7477826124789	219.93893409874087	477.1287558696286	7544.156599694526	23.799085623125066	1910.8716662607987	374.1781351194421	476.72605996172956	6164.945443426405	24.733707365760512	2615.1980288201116	505.5522227992445	473.57675720576185	1716.577535303468	13.635649434311194	5462.723523537581	720.4486091366821	471.19721679273425	5745.533968412384	3.9889979943289786	3831.296162566781	153.42167935405016	478.39542310385485
250.25	9101.196664388353	22.16242008278264	1119.7250864849877	219.97062750571976	477.03531240822673	7543.517278790761	23.45659532334261	1911.262112879886	374.3285268536453	476.68692893091173	6164.833422716905	25.019085971549842	2615.1775146282653	505.54046580698287	473.5904715200953	1716.6675275109912	13.635377143202764	5462.817247419597	720.2362985306481	470.98781847484685	5745.380166783985	3.9896603056254345	3831.447312146072	153.3309640641213	478.50770079599823
252.75	9101.117055702642	22.17128633658671	1119.7335466556692	219.9872228280357	477.023696111499	7545.202481850699	22.970506309822586	1910.2153469212365	373.9705119342459	476.5053472349598	6163.137159870023	25.225090182135325	2616.3559979455913	505.96934494985084	473.5800094191453	1716.747524874448	13.635303480534612	5462.8484785099345	720.0879092374047	470.83466112231474	5745.419439717793	3.998609963490464	3831.1676285291487	153.47701810127816	478.1173536478128
255.25	9101.245201664919	22.168279900519426	1119.7333883042659	219.97714882372284	476.9342125365397	7545.747998497606	23.60974504930117	1909.8953350273264	373.83562744566746	476.5829353781212	6163.8369615814145	24.418436352208104	2616.0311887285857	505.8200950792474	473.64750507601343	1716.7244286470968	13.641654684051753	5462.8773776870885	719.8991368342721	470.70124511623834	5745.642044454432	3.998841239952313	3830.6494442261383	153.71078970742244	478.0261401167749
257.75	9101.159134773829	22.16527967039574	1119.6264059627945	220.0026094038244	476.93666783961675	7545.381569869293	23.750438482688402	1910.2821532478795	373.94744882152526	476.79181826299765	6163.973761128761	24.7515547626253	2615.760859326373	505.7208928635334	473.4816519219228	1716.7934959115335	13.638651110269707	5463.000179815168	719.7582052466435	470.67779427847995	5746.098344659213	3.9989734289429806	3830.072232619705	154.00153563503025	477.9479539869961
260.25	9101.129926741654	22.168602891080504	1119.6114054877498	219.97349070744013	477.0306818436578	7544.910877079537	23.74852923607072	1910.6299770989317	374.0715532724401	476.8803616643039	6164.227435981245	24.770497179458445	2615.797800946473	505.69945078590183	473.5037667404316	1716.5029785963172	13.63091566461298	5463.076917981264	719.6304781570967	470.6838887855052	5746.128541013634	3.991168609754829	3829.869736976022	154.12070322603972	478.15139869043776
262.75	9101.232759368477	22.15417454441716	1119.6743339572288	219.92312568432084	477.1845211865825	7544.376236115578	23.71180472505233	1911.026435142406	374.2135705576115	476.8109244586089	6164.03411987616	25.013960477771242	2615.8058172386104	505.6777911163212	473.3244995703408	1716.6804451277517	13.629700689823983	5463.132875424226	719.4877639668717	470.5869250047385	5746.389485756172	3.991401032034419	3829.9487317141097	154.0864846039675	478.3181707792909
265.25	9101.211339607587	22.151776603197263	1119.6362328457378	219.95763107411426	477.215093319934	7544.002379180535	23.57529080518294	1911.2734459198223	374.2625190772369	476.8804117828675	6162.635859487215	25.294003100050187	2616.6841666309356	505.97105817513	473.3480300531341	1716.824937592426	13.636149953821866	5463.229541325717	719.3688210767548	470.6550238958941	5746.236178954555	3.997219576848973	3830.15005321986	153.9823056192696	478.2753730901051
267.75	9101.14786921749	22.141962714174017	1119.7509333030691	219.97338175982767	477.38265953221355	7544.008238343189	23.339493544143725	1911.2276275828335	374.2041628888284	477.02361730585386	6162.117527867504	24.801878621441197	2617.067286540802	506.09977093794987	473.5199898323103	1716.808298258426	13.637959254617797	5463.310958905436	719.2296365701606	470.75341565031977	5746.217204391344	4.0035541808659545	3830.0926744579992	154.00563803330914	478.0508503853277
270.25	9101.013552150669	22.143206452561223	1119.7637913390292	220.0032512552329	477.36312287429735	7544.769351490017	23.12251285166526	1910.6278319028497	373.9811081240783	476.92995102020717	6162.291751749358	24.566069270525325	2616.8561924475803	506.0549658238611	473.53981083136284	1716.8020969687348	13.639774598527914	5463.42410057315	719.0857793812578	470.74270837031713	5746.360618454541	4.004382746418268	3829.6506343694314	154.18450788957873	477.9668784257322
272.75	9101.205105342473	22.138554381124138	1119.72433474694	219.95536766547625	477.29319329420656	7545.533906014351	23.190669908453714	1909.9019441449216	373.7296594954751	476.93785781666264	6163.322626474713	24.560713258766093	2616.1982859762243	505.8708871111653	473.4186349879921	1716.6503372098068	13.637420551138662	5463.597922550829	718.9555658896247	470.60159885424247	5746.661026886396	3.9973783801331493	3829.3126251554263	154.39665554011032	478.01477056485794
275.25	9101.250696212945	22.1466556901741	1119.6414797578936	219.9484860177702	477.2510377039032	7546.008639765023	23.306497286344225	1909.4515902721078	373.5247559263693	476.8921049349229	6163.20691472114	24.85366405494797	2616.2642254453694	505.92220737603975	473.53325662651633	1716.7109062921902	13.63694899022416	5463.705127798458	718.8207605242221	470.5755100295125	5746.674508278076	3.9887651985296784	3829.2493774913805	154.4518647288419	478.19033542507003
277.75	9101.471042888019	22.16030667406666	1119.5770586323783	219.96192360187234	477.08532482385107	7546.386329093192	23.412281411713813	1909.1268135639375	373.4269886463585	476.8342620478282	6163.750758380211	24.704209791340745	2615.9172780288686	505.7908219510108	473.48222926073714	1716.7191074313282	13.631305145577704	5463.779510924129	718.6849705231616	470.5882174196021	5746.394895180976	3.981176347030725	3829.442597402117	154.30353694093415	478.2762261450759
280.25	9101.630075560463	22.16184335200091	1119.5817675055648	219.9666848324844	477.0965588810072	7546.221250273372	23.55113333581172	1909.1495192382047	373.46853956888964	476.78309179583385	6163.503285003081	24.886416258760644	2616.13483915713	505.89812523649556	473.5735205999781	1716.5967970314848	13.633203104585219	5463.860387044879	718.5398142815488	470.51206712865735	5746.319661582112	3.986121912177667	3829.815814027681	154.07368988977623	478.38500874833886
282.75	9101.566563295433	22.158525294140883	1119.5195134531768	219.95363078187654	477.05998785534683	7546.160118859442	23.649958034893384	1909.216740188804	373.5002775114335	476.72212096590965	6164.079394789932	24.714597496805947	2615.69030717177	505.7452972551009	473.37365018993466	1716.784183685201	13.62729886691014	5463.98438414022	718.3510441966787	470.55865407046394	5746.1638888708985	3.978347290838576	3830.1845590528033	153.86221056365784	478.4013816732119
285.25	9101.498600749772	22.159068373914636	1119.5140741822356	219.96741368080242	477.17175229968444	7545.598398415894	23.782867656877862	1909.7847294985977	373.65838903631874	476.8995636242929	6163.304957624847	25.282353411772256	2616.3406705929933	505.9771939758591	473.3114176256641	1716.8494453507158	13.63036203689825	5464.203711562825	718.2043863299526	470.5219671947421	5745.9544832863085	3.9791599979697567	3830.6160182341346	153.65572248605616	478.5115341307545
287.75	9101.437948068546	22.16855534589595	1119.4732753135643	219.9762738662054	477.0081723045722	7545.033232272762	23.450471206982954	1910.1714574485734	373.79884913385746	477.0326091442037	6162.455128176947	25.02105723930755	2616.8020030425077	506.17675792701255	473.44326094831035	1716.8465461117892	13.631929522766784	5464.2545730126485	718.0764730372758	470.66582317110243	5745.844241990948	3.989967274795166	3830.882768899231	153.52085349721455	478.3669386895617
290.25	9101.448254665158	22.16743650132014	1119.5638676271083	219.94919632337542	476.95287025714333	7545.927126167303	23.047809900534997	1909.5893866101337	373.53247516767823	476.82308779282533	6162.459909813358	24.830980402381375	2616.9618873245468	506.217873392484	473.29227998525766	1716.7128388341057	13.633061684520792	5464.372954988655	717.9409178984281	470.61534457996413	5745.746245461209	3.995290194823465	3831.122520285484	153.4294643426395	478.479345046505
292.75	9101.436595457486	22.180003924856347	1119.5986638627373	219.95968359086856	476.8276186471734	7546.799119826668	23.136841810964786	1908.7985757417807	373.26780150000167	476.7609428241961	6162.520569335436	24.759989043105517	2616.8021788786373	506.15048857453405	473.1983452584805	1716.9793547601025	13.630095183911147	5464.53356572497	717.7791694857024	470.44308027648776	5745.462722780372	3.99311680624493	3831.5338580392167	153.24555927981822	478.448505851121
295.25	9101.617375361357	22.182806411200378	1119.5388908053505	219.96585534406012	476.72996123144463	7547.54031998835	23.300187327365972	1908.2744292940397	373.1066483207405	476.5390168824798	6162.828091353201	24.774705184509234	2616.5552341934404	506.0496717724292	473.11693989822516	1716.8452005216407	13.62746095481716	5464.61703643135	717.6565418855108	470.53651471263487	5745.301705764084	3.987077689850356	3831.6257299256754	153.22756547670105	478.4529936498823
297.75	9101.48709512188	22.19328395883582	1119.5752234678462	219.9497765713869	476.60673275855424	7547.61133455072	23.462728147916142	1908.2688051916923	373.05483825200224	476.69920323575855	6162.688483540995	24.866708774922188	2616.384083599193	506.0514520434779	473.054622437243	1717.008200920058	13.628752824464812	5464.68391825098	717.5081733223639	470.6106142976078	5745.3428857592235	3.9872738831582395	3831.8523455628256	153.12811726106824	478.5688134620329
300.25	9101.491717540137	22.19620394169263	1119.5655724709152	219.94987379124976	476.5736482715846	7547.716832944353	23.417459466788074	1908.159150892487	373.02420796822514	476.7777920530385	6162.529459976086	24.89218297925138	2616.408720625996	506.07503599300065	473.11199949863266	1717.0761627633672	13.625639867566951	5464.771413823608	717.4320171343983	470.43348762704363	5745.26651993471	3.985536649651842	3832.1920862797115	152.9594520786431	478.5984017990227
302.75	9101.568345632082	22.203315060544842	1119.5926457720566	219.9427844333295	476.5309461335657	7547.973189543931	23.488564600256606	1908.0640093304382	372.9793692071324	476.7020261015562	6162.608015727061	24.880173571311204	2616.4887180918363	506.066052240046	473.212243279457	1717.339099999362	13.632335439216872	5464.907059778297	717.3291525679532	470.234429675524	5744.899802282903	3.986028408017247	3832.5881945064684	152.7793493523969	478.63905136614454
305.25	9101.600188489161	22.20415763920608	1119.556574538514	219.92827770771586	476.4935087718339	7547.788169577976	23.54045222604632	1908.196233068805	373.0481118791174	476.76982534730706	6162.5579148657125	24.887752144020258	2616.5318725676416	506.0360189954836	473.1381176169849	1717.5664466089065	13.632992572470974	5465.041303880659	717.1715038457392	470.2929996071517	5745.044291127173	3.9890846922370593	3832.580278920965	152.74467659850106	478.4453830277863
307.75	9101.720652455544	22.21058528231455	1119.6210771470564	219.9406952744482	476.4726812626645	7547.696390672107	23.48660248178006	1908.1862567404908	373.01642925264946	476.79288826364103	6162.436615897894	24.905245117120565	2616.531258659937	506.04005682409314	473.28472726077155	1717.675892450387	13.637345178543333	5465.182325372194	717.0571573344806	470.1083179650949	5745.108553614076	3.991171318126709	3832.4979359755116	152.8153549158861	478.42927819601965
310.25	9101.655764315901	22.20431035058655	1119.7133540967209	219.96375898595403	476.58241894873015	7547.746499040739	23.531062939067418	1908.1963665675758	373.08518808896343	476.84933333610405	6162.218518225554	24.88328901527699	2616.4790138306507	506.0804340318572	473.36009229677256	1717.7092408059968	13.636215728626771	5465.325706108699	716.9314717677158	469.9665779429417	5744.9677341418965	3.9843049244604143	3832.4536896248865	152.82505353431216	478.4756689135103
312.75	9101.571035420555	22.200928081511734	1119.772318134073	219.94805189483912	476.4923965948854	7547.574459642117	23.63715394072698	1908.2676307251324	373.176116658188	476.63835227110593	6162.127827408898	24.81752937788136	2616.4647327950984	506.0468706713108	473.4019036822271	1717.8460788730106	13.631183234030678	5465.467647870489	716.8079462450567	469.92477075440775	5745.176236295498	3.984920262112915	3832.1871739136586	152.89789763038712	478.2661540346626
315.25	9101.304685673864	22.20341932572493	1119.7480335554994	219.94957843972347	476.48990725686866	7547.095365165118	23.538675001133587	1908.7763169853993	373.30856479742334	477.04688635554976	6162.57279017436	24.911139952240347	2616.3412242215827	505.9662787245042	473.17322278915555	1717.863706117001	13.635548539763056	5465.641205910604	716.6533624162674	469.85287735155345	5745.492526233983	3.986656017325859	3831.7665164562204	153.10183141292492	478.2880737959422
317.75	9101.308170706405	22.210456279025998	1119.8600506255993	219.95588610033784	476.50684702259514	7547.522865237225	23.352323093324664	1908.5139763779694	373.17924472339973	476.94889201382034	6161.597321204177	25.26909740095818	2616.8966542476137	506.16249097053463	473.3309458963747	1717.9141522728346	13.63879300403512	5465.802524250454	716.5508414917716	470.0093608576636	5745.710556761782	3.988071394865587	3831.517029611672	153.2334888607467	478.3385013501978
320.25	9101.321938626968	22.198843599216257	1119.8649760813148	219.96247783034724	476.61366034104844	7547.011254052023	23.71127208414336	1908.8060859894183	373.2755709303008	477.06201547910166	6160.746352917978	25.159239103704884	2617.4508200607943	506.3563623642975	473.49642164164226	1718.101849383086	13.638932132723658	5465.91146286633	716.4258657718204	470.02444983997447	5745.729029770965	3.992959094948551	3831.433430506363	153.25754324351453	478.28754031610464
322.75	9101.262029019581	22.18647752871026	1119.8368997942534	219.9610350380335	476.823336426407	7546.508137506143	23.745174372731036	1909.2026418920182	373.4013958691219	477.08439576049744	6160.017729570548	25.10060010476314	2618.015043574322	506.53762313996737	473.84372195022536	1718.0021116160074	13.634664843405577	5465.984834978508	716.289943470919	470.2463624291355	5745.924895526025	3.993264976022434	3830.8475871335427	153.57391301159592	477.8982423223645
325.25	9101.186755142639	22.16281164910068	1119.9488129052718	219.97680934022847	477.0914497255813	7545.52351313982	23.577399439451696	1909.9865933997025	373.69639575918956	476.73006986451617	6159.693623234314	25.13682740417526	2618.2708659308164	506.6293451927166	473.7965494139393	1717.7348371259611	13.625117632642603	5466.110453399445	716.1976820956087	470.27356283418834	5746.297830311574	3.9883983412115196	3830.007418143033	153.98954653426628	477.95529946437205
327.75	9101.198840826495	22.164619430835298	1120.0140936392554	219.9578522793275	477.009071600192	7546.76795613428	22.986375825519396	1908.948239273792	373.3044263435106	476.3108828485676	6158.510400980196	25.311514981929115	2619.2054379702886	506.91818783297236	473.94687929224835	1717.6784849593469	13.628497411720375	5466.226317121305	716.0966093788446	470.5701653435336	5746.40242537961	3.9955627730856405	3829.8775944553913	153.97270566700948	478.318247815766
330.25	9101.095972670053	22.15104317959304	1120.0371684625516	220.01836358585558	477.2205233884744	7547.021309735103	23.60648763768929	1908.735524828771	373.20941568883654	476.84635666341256	6158.294270209075	24.57870662682508	2619.416498144853	506.9791027283777	474.02043999272405	1717.8861557157522	13.631362487898437	5466.295414060613	716.0104587085107	470.4812918122871	5746.458866624886	3.99336418961158	3830.087963208048	153.87265873855148	478.2859144565336
332.75	9100.86812298829	22.155372216704574	1119.9598101748138	219.99433183382035	477.11724530300177	7546.510343146187	23.719785706235147	1909.1344700963014	373.3349072340352	476.8720071618703	6159.858075590624	23.969647363413145	2618.2129865100273	506.56134204769313	473.8813345633523	1717.824155967713	13.6208898342948	5466.412938165872	715.9054736996154	470.4705124981363	5746.50187134773	3.992135150893213	3830.183428560304	153.84130223147886	478.2062015528402
335.25	9101.228190320597	22.16130291271673	1119.9035963407555	219.98861021473363	476.9978267639058	7546.211907653333	23.598167421847755	1909.404486578587	373.45547714076605	476.9753016268267	6161.879707247544	24.181254327613154	2616.7926418177394	506.0169237288463	473.5047817911909	1717.8337163512704	13.620487233864662	5466.474924881653	715.7775834248944	470.61570338402475	5746.309773098204	3.9771135634263683	3830.1918186809853	153.80447917907412	478.2904916589992
337.75	9101.38910180847	22.169159957617058	1119.8172532919264	219.99069172370614	476.99523712624506	7546.10411757404	23.545089718419895	1909.5204916485186	373.48584375991874	476.8634095125986	6162.423642016882	24.58029709974871	2616.3317050181126	505.8168134466754	473.6311783312975	1717.7600438447237	13.611254924630291	5466.538204336382	715.6535377279743	470.55496674115165	5746.394313692373	3.9723403199029432	3830.2052019886014	153.71748702073106	478.22252374043893
340.25	9101.36057970955	22.17277480174717	1119.8270647643744	219.95570334363794	476.93504516031834	7546.102630268018	23.45006182105095	1909.550143355868	373.52880982461915	477.0535077730794	6163.283396141762	24.50028849372111	2615.7425391881097	505.62485017670355	473.59778487330914	1717.8312346085306	13.60474020677843	5466.620932617473	715.5631284431455	470.4269304728106	5746.473899823789	3.9768090768814885	3830.139689413928	153.72606452126442	478.20522743732585
342.75	9101.544410631848	22.175988453534572	1119.8180504201746	219.97062829145023	476.87180024753314	7546.727874001884	23.19886295270779	1909.2562680061524	373.4297081295622	476.9308389156903	6163.570130374844	24.68617030733307	2615.5167579486406	505.5757652226659	473.63626521462714	1717.860041262757	13.610684986745653	5466.701800654678	715.4341271288104	470.5744172999203	5746.751821166533	3.9760717382855453	3829.850787855862	153.86102327918303	478.12920946716594
345.25	9101.694175732335	22.17395595963771	1119.7938745114484	219.97371052077736	476.8818641711384	7547.623675266017	23.35058692033535	1908.6630099775655	373.20137712721237	476.5968566713392	6164.052915105817	24.637611628718982	2615.1943708173135	505.4715320620908	473.72873719435336	1717.96394613419	13.617405722729135	5466.639891552191	715.3230623446012	470.5170402421174	5746.77533144904	3.9777704161630325	3829.458485039367	154.0508839178551	477.9089385181805
347.75	9101.738363352915	22.17716360501761	1119.7473025585373	219.98672616778856	476.93194419064076	7546.987720528483	23.482059072715742	1909.12543728778	373.34664804366963	476.75283116254406	6164.349599412483	25.027780517833627	2615.1231423377867	505.4388124606398	473.90421697176663	1718.0685770132964	13.621210611476391	5466.670099799517	715.1987023594864	470.591048896683	5747.049591751679	3.9822750610762903	3828.6357777235758	154.43545670930715	477.85672343122917
350.25	9101.895180323976	22.160470054839493	1119.735288947894	219.97226983932464	477.1661248865515	7548.149183995399	23.1803606905259	1908.0704433423464	372.9792676777974	476.7547810053729	6162.856528629176	25.109084053068557	2616.2292655777446	505.8563800060737	474.07728846583154	1718.1485273517978	13.62065982315718	5466.757691222319	715.0826775995918	470.7050914266432	5747.198995460177	3.994614554008566	3828.669123607485	154.43333372673789	478.2420407717141
352.75	9102.064333780649	22.15046961778983	1119.7387412745013	219.98133557168254	477.1574228671424	7547.0995856777445	24.223050020145894	1908.8700196424932	373.2629976419618	476.6970716631987	6163.986055799014	23.991101123263075	2615.422400795491	505.576453392587	473.8641058685246	1718.1209554320408	13.621154607701472	5466.765488181132	715.0047175346341	470.82083136391026	5747.186092837239	3.9951171314333043	3828.8077396247613	154.34500685588952	478.15743454422807
355.25	9102.118852861031	22.151758767606644	1119.7132556429242	219.96238662090957	477.1322095741894	7545.7968805364635	24.21421933979429	1910.166551754813	373.7376363515376	476.986514182644	6165.814067631965	24.476043590907235	2614.1725109778195	505.08238896764914	473.52004324799344	1718.188210290539	13.616273935926124	5466.826959509128	714.8826571864661	470.86691766647226	5747.069694135876	3.989157956019489	3828.7638037553143	154.35530439487732	478.0493665351337
357.75	9102.233526941845	22.162450784539377	1119.7507382332703	219.99687899103546	477.10461466526726	7543.800345414051	23.728443804918875	1911.4286388738935	374.2153000879344	477.4443351036324	6164.816432489634	25.155586467704055	2615.1414509363544	505.4330489489735	473.66355923641197	1718.217915294803	13.620970475871799	5466.771839242093	714.7514530026916	470.4771153507139	5746.9037352711175	3.993697748767955	3829.0928784546277	154.13851152080784	478.50274147989415
360.25	9102.021059951436	22.156300731602947	1119.715507513659	219.98985390119034	477.20606247126204	7545.150049611402	22.64771440140121	1910.5552500901708	373.8473332473942	477.36488896240553	6165.491344502204	24.221813625081744	2614.4838316522646	505.25888669754056	473.6436105920056	1718.3421776461803	13.622812632989927	5466.785840815485	714.6185739572693	470.4631342033074	5746.659344105262	3.993438862184019	3829.85982182242	153.76944067060006	478.55469544772103
362.75	9102.215986207279	22.169321237690546	1119.6684910485444	219.9881559910388	476.9493126261725	7547.366097694329	22.68898597500035	1909.1043939876945	373.291711223855	477.2205538289687	6165.990787390317	24.748104857926318	2614.104412467579	505.0807892729686	473.4858494401128	1718.5409525406874	13.624016522738502	5466.832764268636	714.5536715232159	470.4483310032967	5746.605999107621	3.990038428710399	3830.3760724654176	153.49574127177874	478.4404988086647
365.25	9102.171365603845	22.164356273789064	1119.70510974299	219.98238518120297	477.11516486216294	7549.078271177176	23.00883005496319	1907.9526537683105	372.85591341405734	477.0839492818264	6165.469987409554	24.959071238668336	2614.5163056329166	505.2116528340007	473.66246996533494	1718.5256944078646	13.621751383444263	5466.855194987184	714.4184066165299	470.4084928927163	5746.37042011005	3.987040222141433	3830.4308961059464	153.4530349086049	478.3922938114503
367.75	9102.046221586057	22.163901465573208	1119.698957884939	219.9745699866873	477.00235305524836	7549.527796721255	23.148394455544867	1907.5816148535157	372.74094200625126	476.8433449822844	6165.755333905369	24.91747630536007	2614.3159982069874	505.18543593719886	473.7220499703967	1718.614537528348	13.625711465629763	5467.038695148241	714.3334825713906	470.47561166730424	5746.221657926556	3.9928674937685944	3830.670356539605	153.31049391931154	478.4129974831886
370.25	9102.031660087212	22.16169502475967	1119.7465352590204	219.96543555655504	477.13817652824326	7551.10954310894	23.17799426476001	1906.466472525603	372.3296136843992	476.6427337850799	6164.414550554067	25.23864836689541	2615.315899715314	505.54958411431727	473.651397208208	1718.742498767032	13.628341432770876	5467.07967452348	714.2456597536716	470.60260567085317	5746.378822802045	3.985319125351039	3830.3884440365073	153.44352813212055	478.0459597193026
372.75	9101.942218249746	22.150748641558557	1119.790866357123	219.97297145217985	477.18753252846113	7549.778500317885	24.13527786717583	1907.277995627894	372.67435371935255	476.8648511574154	6164.999939672598	24.535745910898562	2614.8968382974795	505.4375636819639	473.5668123531582	1718.6883944143442	13.619210788690689	5467.109019828875	714.1185719142845	470.73544012544494	5746.610005765018	3.9862856915596465	3829.789067056901	153.74760748251742	477.97229310541337
375.25	9101.707257618022	22.16051000057975	1119.7206633945243	219.9673098936741	477.12911369586556	7548.565487321861	23.770843283633862	1908.2572341126368	373.0328934777359	476.99481152244886	6165.033632367846	24.902018366845237	2614.8136359104296	505.4491039960301	473.6361507776796	1718.6812859673605	13.608581640553538	5467.256855095963	714.0395368671161	470.7004955480315	5746.808218568819	3.989248170993866	3829.353020776886	153.9951221132893	478.1014359969611
377.75	9101.678221072405	22.168684277874373	1119.7610142331878	219.93445847734802	476.8393088533979	7548.2820004008745	23.397252261987575	1908.4483673114553	373.0956422496368	477.12366475451824	6164.831227451898	24.829446670162145	2614.915854951222	505.456370236128	473.6274173573036	1718.9417084125382	13.607189895815813	5467.30730706572	713.9401879122153	470.5174326893109	5746.7850514183465	3.987993164547909	3829.341209726743	154.0531419657742	478.22151431844685
380.25	9101.587929130561	22.17270170052183	1119.7560179401603	219.91551525915852	476.9153766276117	7548.764909205601	23.372710876273732	1908.1803972499715	372.9878031172882	477.0836709056477	6164.691565892345	24.796955630725883	2614.9592900860453	505.46075171662136	473.72455920666977	1718.9730779145873	13.598100952169627	5467.240578089458	713.8543841154393	470.56257810962103	5746.592414420412	3.989858728588365	3829.5162919147288	154.02040669665837	478.23338655347135
382.75	9101.766077229071	22.189165871227576	1119.6892439692942	219.88794588338646	476.6040528185954	7548.694874673093	23.575784166844755	1908.2670909182573	373.0598073193008	477.0545197440375	6164.784113390981	24.698398329084437	2614.793838932294	505.41022484411815	473.8932096759536	1719.002111258435	13.596325947791437	5467.1821992304685	713.7532170089821	470.4790364942979	5746.503443948159	3.9919295798168184	3829.593012174996	154.0118728546775	478.21453763369254
385.25	9101.687897838458	22.18151860062308	1119.6660314115416	219.93451181540814	476.8737106097331	7548.5019103682125	23.49973756901486	1908.463160692343	373.1449133781003	477.0762304978129	6164.884162672588	24.69781470345263	2614.685514747603	505.3567070811295	473.9235884484682	1719.1538096580432	13.593412223906562	5467.221868282613	713.689190314586	470.34795910640383	5746.507840131021	3.993140316528991	3829.5682183501663	154.04136862632137	478.1702980118746
387.75	9101.785420459426	22.182732271903316	1119.7086362567775	219.90309472107543	476.878222354346	7548.700265327278	23.436245375307106	1908.390562339033	373.12531046479785	477.0566099092222	6165.166731713985	24.684384385213388	2614.6017100704994	505.3103770176927	473.88972117331315	1719.2096277436951	13.595274179830541	5467.243476553923	713.5964774701893	470.2654709523183	5746.48493870854	3.987039856116338	3829.6571869208674	154.01482533878195	478.322632753773
390.25	9101.678515037112	22.1722803490727	1119.6366221224628	219.9484508815542	477.01201441260105	7548.617018212738	23.4244458798154	1908.547189589109	373.1695272315379	477.25539342705684	6165.373935420587	24.689333208470927	2614.4379875934937	505.19433785805944	473.7639163424005	1719.3077947324489	13.591028545629575	5467.297847295509	713.5046136763588	470.3743014523027	5746.2790214755	3.985294260630649	3829.9588438992455	153.86741339545827	478.5023447353648
392.75	9101.71567178655	22.15514240931025	1119.629221047082	219.94151957568698	477.152768585896	7549.04787450453	23.174039676428244	1908.1254662938243	373.02355491086115	477.23318688416583	6165.527880020689	24.69878386919991	2614.3143815343665	505.1496709821909	473.6915731669475	1719.2574368952235	13.586959394702717	5467.33246385237	713.3846624344028	470.15306125675846	5746.096782534022	3.98596926773735	3830.3299058279945	153.7358700861199	478.36824085347297
395.25	9101.754039706835	22.16328825332208	1119.5846158525426	219.9731819756464	477.025686890686	7549.570730315482	23.581172496393894	1907.8910915777979	372.86964013700424	477.09476428053375	6165.6813635513045	24.602696097948048	2614.049079286272	505.08888611531074	473.4314566662957	1719.3183271306923	13.580180988960379	5467.33307764058	713.3193269007961	470.3794035158465	5745.969740305809	3.981341170518714	3830.6701696289188	153.58345325713938	478.35331775157266
397.75	9101.71413512245	22.16300118479554	1119.52416928177	219.9905891899525	477.0865160159734	7547.990166170903	24.029716592175653	1908.977644219836	373.25232442538	477.3238756026166	6166.226502083447	24.39432394863539	2613.5268993284167	504.9420170776245	473.3693681578942	1719.352547508541	13.58131874180975	5467.35955572975	713.2352359756768	470.57441472684786	5746.1751913987655	3.978890169810223	3829.994490271087	153.89812070664993	477.86280299189104
