0.0	-1.0	-0.4519886248689331	0.0026444140035576736	-0.0016094862826868883	1.4555936279776817E-4	7.010686393497545E-4	0.005317663019013005
2.5	-0.8345778717152342	-0.5575838737595386	0.0014149797287830459	-4.4674272458902954E-4	9.466677747387501E-4	6.561894852867797E-4	0.003410149237452731
5.0	-0.6080948237771284	-0.6927136745443284	0.0015840419727279475	-3.2088215347552014E-5	0.0013141128154859952	6.422438304683428E-4	0.0032458112732755345
7.5	-0.5035109896296684	-0.7526464474113971	0.0024206423005394277	5.150555567672494E-4	0.001691513363547038	6.241936534190039E-4	0.004398685479062024
10.0	-0.14791630202011327	-0.9621079705652211	0.0018012437430108444	0.0012842407700658417	0.002279986892773481	5.922891959415833E-4	0.00510969026024078
12.5	-0.906313001001261	-0.49835450210580234	0.002892845393575297	0.002099558344287078	0.0031092120834632754	6.055506141553685E-4	0.006059382434578836
15.0	-0.48648665763838733	-0.6923354484821336	0.001984623832500073	0.0022970553754168167	0.0034717179594811382	5.83106615620534E-4	0.00654697336630765
17.5	-0.9166427705746714	-0.508677616190102	0.0022615607034838837	0.00278337563869288	0.004865077651481571	5.551212736122726E-4	0.007499357375762348
20.0	-0.2755967818095766	-0.6858836009572159	0.0017409670120111303	0.002373088933042511	0.004560329067559874	5.514761025256274E-4	0.006354110657262091
22.5	-0.4156264786786494	-0.6425748478277976	0.0021444186209122937	0.0028960763332504056	0.006181448071811266	5.611322399841442E-4	0.005646689652963571
25.0	-0.24964940450719414	-0.6801779397937578	0.003454004433903979	0.004774618322667419	0.009468039010172144	5.911151112449095E-4	0.009098640142550848
27.5	-0.25325424738798386	-0.6792830542368371	0.004516182000245923	0.005810636399757621	0.012802602366240187	5.514090753928903E-4	0.00830980085159761
30.0	-0.15829767193010447	-0.6927970399830512	0.008620956526097774	0.010891548979192988	0.02447589519987349	7.341999512489117E-4	0.0160696525858758
32.5	-0.12938178587536978	-0.683008094157792	0.007592616509048601	0.009556251714212389	0.02260019233823622	6.732156733868081E-4	0.01075160161426138
35.0	0.191731517279517	0.8889781008445986	0.009791710081135606	0.011732926257404566	0.027017830258744623	7.230129266602511E-4	0.011055914610585292
37.5	0.23044118565094796	0.8820060675792587	0.019113062357172507	0.018939809471331726	0.04184244185282828	9.78102529818981E-4	0.022474576576403952
40.0	0.212790329613093	0.886024027517178	0.01566364757909351	0.015085535708087718	0.028958521543983658	8.20429410339639E-4	0.01554355511146136
42.5	0.41835315273012247	0.8321552119729554	0.028531883995775966	0.02523763010692184	0.03477010988016299	0.0010523297652330536	0.02481722875861049
45.0	0.3896030266322465	0.8417295260146103	0.02247804636966661	0.017751967996393614	0.0219659393735168	9.198383952180282E-4	0.018565237287024233
47.5	0.8233419169766467	0.6666539166780666	0.07142385172794563	0.04148504763744756	0.03565260679816365	0.001884286560385272	0.05544969508933511
50.0	1.0	0.564905547384495	0.05249548631474688	0.013532423971912361	0.0057431050368448745	0.0011767001241007953	0.027712075227906058
52.5	0.5340810707954647	0.8653164763650054	0.12188976745853246	-0.0027063623814308144	-0.013785071130792706	0.0019051822460890082	0.051442707029004046
55.0	-1.0	-1.0	0.40270347922952066	0.1930173118525102	-0.037458820535082454	0.9989721075171978	1.0
57.5	-0.9999199164504115	-1.0	4.4963344062095564E-4	5.560828362531143E-4	0.0014281748420382693	3.3375118170027914E-4	9.197710913268777E-4
60.0	-0.9996409769761923	-1.0	4.55187398574523E-4	8.792198414253518E-4	0.0019837129142059916	3.702251237640317E-4	9.885592501537943E-4
62.5	0.4011292106621829	-0.945752514028009	5.538266324634855E-4	0.001117441681057692	0.003245303358785031	3.57978638728468E-4	0.0016972729052153355
65.0	-0.30481565438039754	-0.40789295711625323	0.0013135596789961305	0.0027113465371458568	0.005251619562386938	3.727539928586296E-4	0.0028722960269571586
67.5	-0.15280728427151666	-0.43531902613825935	0.0018664093961720477	0.004363912872296235	0.007500338055400089	3.945014821823466E-4	0.004614339757650769
70.0	-0.14257443248976998	-0.43653230146803307	0.0027826716572143923	0.00919408599312073	0.014589077929673707	4.747113394091115E-4	0.008802494182667632
72.5	0.20286101350221186	0.45222355526759433	0.0038516991831772786	0.011323672738179691	0.01876146833715082	5.331784537362086E-4	0.009373224146196905
75.0	0.1594575390973914	0.46492506458112354	0.0031459933423674913	0.009025375735707072	0.015191815460698884	4.0267940594474404E-4	0.006781535662701504
77.5	0.0865200426614875	0.484982964207717	0.005472775679035987	0.01295396540963631	0.022517136187625717	4.794933146969797E-4	0.009207024233616598
80.0	0.2473091449433823	0.4457785592764835	0.0033121450552967492	0.008511492040764677	0.013176774112864404	4.1485991090794874E-4	0.0069878211888989945
82.5	0.044755297369823165	0.5085263569597827	0.0033250009837839526	0.007659025733550818	0.012820802823406141	4.5558862723316275E-4	0.006568353591863075
85.0	0.1577210472507542	0.4765645819404886	0.0037190940422278215	0.00718498087747829	0.010597894905178087	4.4487661622407895E-4	0.006383227109106804
87.5	0.11819822768563629	0.4885911751384497	0.009157366129930771	0.016142705271673528	0.021992105656647994	6.589169297387535E-4	0.014757874684734116
90.0	0.16398131505675992	0.4738011246134706	0.008920215502495832	0.013634968623808627	0.0167381682996127	6.377271827480361E-4	0.01502421854041698
92.5	0.09141639378982386	0.4993261829841575	0.0026097077587869523	0.004706679502074939	0.0065356432376508485	4.1864202221573044E-4	0.005231945724849673
95.0	0.21465328173464387	0.45743592362608	0.0032211811389029612	0.005495797590264087	0.006760853960756629	5.090968588801117E-4	0.009170223126338353
97.5	0.21949739629340426	0.45565843673147227	0.004373521867230808	0.006688114301244145	0.0077385271308076375	4.1365537534875536E-4	0.00721555497948941
100.0	0.4017619262044016	0.38373195158347095	0.005496648413343477	0.006765232017987346	0.006663648392166812	4.2792886729293056E-4	0.011230815956279467
102.5	0.3575434463702606	0.4037238898998734	0.021099130841662744	0.022964877514785372	0.01698056455350222	0.0011138680348301317	0.053035660764598265
105.0	0.23726926046490307	-1.0	2.2299215057108127E-4	6.215637392167103E-4	0.0020059147257850732	0.9962879032024847	1.0
107.5	-0.6321541816039407	-0.4302732660444222	1.7188738380877937E-4	5.29264020538346E-4	0.0016091599090570046	1.1511415753424208E-4	4.014755945152696E-4
110.0	-0.25871627119265345	-0.594961682295018	2.2753701696700564E-4	4.8615389076242673E-4	0.0014699480054559005	1.3104762488687968E-4	4.480144893250914E-4
112.5	-0.29179662943439866	-0.5789001083067054	2.2551914308994469E-4	5.457716643297327E-4	0.0015629061695516865	1.2151823876337115E-4	4.2009320321509977E-4
115.0	-0.2623894665497079	-0.5928684639103932	2.5065231599826133E-4	6.261575808145833E-4	0.0016218757126330154	1.4358477920255107E-4	5.512130898657115E-4
117.5	-0.3622395570301973	-0.5524657999153636	2.5727236182331156E-4	8.212641057752532E-4	0.002289184991328801	1.7985730900805356E-4	5.668177104523766E-4
120.0	-0.2568537821354821	-0.5756757069228204	5.200389212739909E-4	0.0015443901484199633	0.0035355254306973917	1.635038807124982E-4	7.104070353140825E-4
122.5	-0.1495470491370775	-0.5679835988881428	9.41358708390543E-4	0.0023553638068860923	0.004402986925657187	1.6683882338500185E-4	5.831791403813654E-4
125.0	0.17253939882802427	0.40675779751047664	7.457587049728927E-4	0.002279727262803578	0.00406740468875981	1.5625742038392359E-4	3.189475346548624E-4
127.5	-0.007265408382544442	0.47878190293673806	9.219519291148462E-4	0.002715777587184658	0.004888035287173407	1.3473111734945662E-4	2.8874316194457705E-4
130.0	0.043384463847089334	0.46791555185052225	0.00140727728622807	0.0037884333169090835	0.007250069314785377	1.3857067125030222E-4	3.7422888468922964E-4
132.5	0.04693740535617599	0.46722144836845064	0.0018460262968704431	0.0038573327690275922	0.0073949505227145695	1.6957470479905603E-4	7.392389533089664E-4
135.0	-0.05997560807045668	0.486578859915844	0.001686188663067579	0.0024880442666640216	0.006046807824052813	1.304291828048904E-4	2.846734093135141E-4
137.5	-0.12531475153595065	0.4933350451395594	0.0021727477560849026	0.0022054600867232373	0.00798185233196284	1.5024466998817115E-4	2.449497834023878E-4
140.0	0.73551542442803	0.3624086769429466	8.412469324659619E-4	0.0019183847996651292	0.0027060249426788443	1.71640323714609E-4	4.3151626255452473E-4
142.5	0.7287533472697529	0.3657365508900743	4.151841932534843E-4	4.54074359362643E-4	9.307504463225874E-4	1.5934196914736543E-4	2.1367877415735218E-4
145.0	-1.0	-1.0	1.817314931871021E-4	4.494789674790677E-4	0.0016337627602153772	0.9961484885252309	1.0
147.5	-0.42568174504490447	-0.9560117294578625	1.0633421257293961E-4	2.1897273227526536E-4	0.0016716398528869821	8.885744539631065E-5	1.870650180920596E-5
150.0	-0.08739123004507737	-0.7928979901779583	8.680170997098021E-5	1.7087315525012595E-4	0.0023897834435382464	6.138955208985275E-5	1.2306419434863597E-4
152.5	0.10386866228108188	0.5061233634150231	5.961667679270766E-5	9.332491745315334E-4	0.007882694545783364	6.12655780327775E-5	1.408842318350206E-4
155.0	-0.035186686013496525	0.51773485510693	-1.8733370629861926E-4	4.3122239326541403E-4	0.01436083930978161	3.5098297839905024E-5	1.5053436582156208E-4
157.5	-0.014048678314906514	0.5173276208246279	-9.395603042714687E-4	5.64825836450645E-4	0.008933479252705765	6.3720052408834E-5	1.8088923756752432E-4
160.0	-0.018232190740851018	0.5174498774955699	-0.0010828819219325955	1.1117653602605624E-5	0.0036257951114768475	7.737476534288734E-5	1.5910615444029633E-4
162.5	-0.24339564981117814	0.506556306734107	-0.003560465181542507	-5.735055086944972E-4	0.002013749532580675	4.8262790774830965E-5	1.478923987761959E-4
165.0	-0.40779386643174037	0.323544133303217	-0.004047114619712898	5.497432027304434E-4	-0.0013025547219784907	1.65759107187298E-5	1.2204811337348827E-4
167.5	-0.6757223035986805	-0.6715005294299567	-2.670640309805744E-4	3.4438709908498046E-5	2.3410739411758048E-4	1.2949168081613568E-5	1.0231080041692149E-4
170.0	1.0	0.0840545385493565	-1.9954592862255873E-4	1.2923777948025665E-5	2.8292480655516217E-4	2.297476776699248E-5	5.6073986163432216E-5
172.5	-0.48987125753621147	0.03992551084951835	-2.069595377611998E-4	-3.76588007224043E-5	4.273216556873357E-4	2.5126669834212676E-5	1.1469430636004294E-4
175.0	0.07259232864749121	0.32145035583722115	-1.742655929117017E-4	-2.481908780810006E-5	4.1527702879674274E-4	1.2849396874723118E-5	1.2886359611621697E-4
177.5	0.31217749124408944	0.3725214476031738	-1.5217769899070514E-4	5.649012440189853E-6	4.12253548966556E-4	4.8516339801803626E-5	1.6861732995737618E-4
180.0	-0.3623122115377829	0.2463860640348054	-9.797115833555426E-5	1.2849209793569393E-5	3.686784463086978E-4	6.351797256010737E-5	1.028306403494941E-4
182.5	0.21754351966254723	0.2657205980323393	-4.231596791085656E-5	1.7470451098088486E-5	3.9332607079434407E-4	4.1357155371873906E-5	1.1656718133406874E-4
185.0	-0.135639924532746	-0.2001019080640621	2.719214640937784E-5	1.6326017453287306E-5	3.6834499610448687E-4	2.6047824929568905E-5	8.011998039612763E-5
187.5	0.3109203792577977	-0.13821061443987792	7.410867055376145E-5	1.8346821370632933E-5	3.303204121755315E-4	6.697454799700806E-6	1.2682292883743669E-5
190.0	0.31669259761071233	-0.13861600314664654	9.215536121409359E-5	4.7390561225399675E-5	6.027621030805948E-4	-6.387197144994537E-6	-5.867155575344829E-5
192.5	0.2171671259586196	-0.11495359345529181	1.3950411644796166E-4	8.069139189716117E-5	5.777175321186686E-4	1.5520085947238906E-6	-5.187420724502166E-5
195.0	-0.18751662139285974	-0.012732658931294513	1.7171825614119762E-4	5.7013496846283765E-5	5.275934437850888E-4	1.6164791474756102E-5	-7.15915918117885E-5
197.5	-0.04095466028789337	-0.026205097896714748	1.2845751382822073E-4	5.308539141365242E-5	5.084858974234899E-4	3.518293531372835E-5	-5.0898234320961797E-5
200.0	-0.17887406815887102	-0.017517417200377996	3.3493798809781363E-4	1.7294841574867612E-5	3.567483258790035E-4	3.5781095167972924E-5	-1.3807116431776043E-4
202.5	-0.027367920501506722	-0.2692636595937931	1.901068589936812E-4	1.1927248623172983E-5	1.8931309777743064E-4	-1.647367509616846E-5	-1.1770594456537086E-4
205.0	-0.38676351266694825	-0.36479731775178104	9.216355311122385E-5	-3.9323813020454944E-5	2.385286659451331E-4	2.5804978578556847E-5	-1.0523321797323663E-4
207.5	-0.27372152741185435	-0.20745529308619876	6.496813824049404E-5	-2.0460848326111666E-5	1.0139841321625792E-4	2.2889106726616928E-5	-1.4200649791657217E-4
210.0	-0.08547369601743814	0.17202309670846247	8.997276212020676E-5	-2.4735954926356996E-5	1.0027613598415522E-4	4.728275841803114E-6	-2.898129767981665E-4
212.5	0.3874027280362891	0.18783957113023825	9.227097267557066E-5	3.0644155100705075E-7	9.749021618323249E-5	-2.193931134161657E-5	-2.3334668650613812E-4
215.0	0.10393420607695852	-0.024844627357129286	1.0524716700518409E-4	4.095801862623116E-6	9.415504654472441E-5	-1.385730787599239E-5	-1.2675086588394697E-4
217.5	-0.028936041519252463	-0.03638424703170568	1.5766901100095043E-4	-4.5498445722991736E-5	3.8235906845866525E-4	-3.5724798935399946E-5	-2.4298747948752345E-4
220.0	-0.04163396876564289	-0.04081186769610382	1.645629951465479E-4	-9.165656983233973E-5	3.7519915309770525E-4	-7.055039876286207E-5	-1.9095058929000084E-4
222.5	-0.04494853961932366	-0.04230169642023921	1.1610145984750974E-4	-1.3358782518366996E-4	3.6140365199842465E-4	-1.0605073925995875E-4	-2.425127349332715E-4
225.0	0.03602404771386413	0.022543889774316185	1.7090171336481847E-4	-2.1117829141894203E-4	4.489478965044384E-4	-1.4591779387662635E-4	-2.348961362325302E-4
227.5	0.1629079249876973	0.07221615508556878	7.986621244425715E-4	-5.563597834454435E-4	0.0014806508165428277	-1.2817871255174494E-4	-1.7669895266183818E-4
230.0	-0.10563758792899555	0.04377187223633841	3.885942079270214E-4	-3.655864241818309E-4	5.178974803478385E-4	-1.3084827788830447E-4	-1.8108397134131892E-4
232.5	0.16593091850191857	0.16645893357107874	6.836491191142488E-4	-1.586531127000781E-4	7.794178130996501E-4	-1.2775450595906365E-4	-1.7488017529622383E-4
235.0	-0.12196911376866613	0.16990498314544036	0.0017856814838664063	6.90012803388011E-6	3.29920145737818E-5	-1.0021934335655681E-4	-2.4322335624276392E-4
237.5	0.883877730921349	-0.5928785688190134	8.658372644975007E-4	-1.6621212394809882E-5	-1.2631570073080004E-4	-1.1991910135384928E-4	-6.432842388434698E-4
240.0	0.5	0.4791523064418795	1.0621100981219846E-4	2.1272117255887073E-5	6.791919780868504E-5	-1.2747606334824495E-4	-6.217236384495094E-4
242.5	0.5	-0.5794938848419801	0.009581580079297887	-0.010511603181236529	-0.0017521358114492257	-4.821470131610391E-4	-0.011320360627191722
245.0	0.5	0.02723273384004628	6.632075093490371E-5	-2.6717294233276416E-4	8.681483268742024E-6	-1.963043569795662E-4	-0.0022304160958747034
247.5	0.5	0.028225264599941614	9.450859855873168E-5	-4.431649660956738E-4	-5.506695909318286E-4	-0.039414035091213794	-0.9626365807082843
250.0	0.5	-0.39066820626595966	1.2292748165716912E-4	-3.802475130773713E-4	-2.035819626175509E-6	-1.0449370155055667E-4	-8.20480439215636E-5
252.5	0.5	-0.39109254282962946	0.04209520983282067	-0.19906215342073494	0.05345067164863061	-0.9938032683076983	-1.0
255.0	0.5	0.3989530072269098	3.9724711273421464E-4	-0.0012734608739123556	4.378189213818443E-5	-3.801455221160739E-5	1.2357504602280268E-4
257.5	0.5	0.3991623449468306	0.08464216533356933	-0.4659604112597252	-0.06901646065808827	-2.044207797189965E-5	1.653446003262764E-4
260.0	0.5	0.39927734930842523	0.04276982739479514	-0.34897503805966784	-0.10984193903191646	-2.177976720967931E-5	3.855127111998886E-5
262.5	0.5	-1.0	1.4523275872377957E-5	-3.2266357689083366E-4	7.684272599823514E-4	-1.4519313916119989E-5	9.72676157723636E-6
265.0	0.5	-0.9999999997850948	-0.003089244207098757	-0.22717481543053888	0.10855542507307687	-2.1308669073705846E-5	2.636596432175716E-6
267.5	0.5	-0.5851960807012895	-0.05571633950230798	-0.5982489071067951	0.31543693434183706	-3.884448584491338E-5	7.574225752827097E-5
270.0	0.5	-0.5853064091205108	-0.022343344140686085	-0.32439995340485706	0.1434535625242409	-0.10155799017298743	0.5540698703951764
272.5	0.5	-0.5853898883152091	-0.017559361173142937	-0.3864538513227679	0.2066977257877656	-1.2604022765402998E-5	-5.209437088896907E-7
275.0	0.5	-0.5854580673377267	0.0037887643442282397	-0.25314456547033637	0.1360279396760939	0.003187751696187262	-0.352565704983816
277.5	0.5	-0.585515521141986	0.06674383497061676	-0.5828746678874279	0.3906297561146327	0.01382210509751238	-0.5566269395154191
280.0	0.5	-0.5855660698372273	4.164797868590339E-5	-3.870531050683057E-5	8.419989289634665E-4	1.0161191091499364E-5	7.014722674796294E-5
282.5	0.5	-0.13542963315070597	5.3623514968095156E-5	-2.9005046501641734E-5	0.0010911053132970406	9.689728071818285E-8	2.834145812452067E-5
285.0	0.5	0.40002649894763526	0.003953547523272166	-0.4017047924040494	0.29151356378130844	7.175850459453471E-6	-2.569305667361344E-5
287.5	0.5	1.0	8.784301551524726E-5	-2.1542686187249309E-4	1.3734985134685395E-4	-1.6728515488938824E-5	5.738021346729892E-6
290.0	0.5	-0.9387009903123466	0.21862468277033936	-1.0	0.48159338825774994	-0.0017740254243175	-0.08197142939738711
292.5	0.5	-0.9387882557831388	9.001797778882621E-5	1.2530277918755455E-4	0.0010909722250882889	0.2784521945717892	-0.836278290752387
295.0	0.5	-0.030222820231742466	1.309413398444416E-4	8.273447102072103E-5	0.0012684418979978704	0.031173738534705512	0.608584352216816
297.5	0.5	0.3214987237391812	0.22340212463163722	-0.9321471791376549	0.5365272899772882	-7.333586432145435E-6	-4.209190625684653E-5
300.0	0.5	-0.051808881528906205	1.098004581824089E-4	6.98945130605429E-5	9.037349457298205E-4	0.03863920320496765	-0.5993204940489593
302.5	0.5	-0.31342961117437074	1.545754037559733E-4	9.026785390705164E-6	8.576792527437752E-4	5.313910270030437E-5	6.935038877236577E-5
305.0	0.5	-0.31550172061853754	1.6521100602675162E-4	-9.519420260161303E-5	0.0010501823682398112	4.921566576537024E-5	8.378327991402372E-5
307.5	0.5	-0.31808191343425174	0.1581337637588502	-0.7877747358892199	0.18049486262338846	0.6786731913676493	0.7394277491639465
310.0	0.5	-0.3612427309979752	1.0555164336854376E-4	-9.480020793564125E-6	9.231279511612077E-4	0.19823277917977344	-0.49306187404155544
312.5	0.5	-0.37789089402203585	1.4114858111595956E-4	7.82861387799496E-5	0.0010822897536187806	0.04407650310623339	0.15260310305115632
315.0	0.5	-0.37930498356047987	0.09827539845639333	-0.7961124547803391	0.2814911838097644	0.3403753887491394	0.4926886694199802
317.5	0.5	-0.3809954529023723	1.4206937724953672E-4	-5.538778163734201E-6	0.0013402768527396678	5.375265771268829E-5	-4.035475898526096E-5
320.0	0.5	-0.3918907690394693	0.04139313069331586	-0.6263263957760716	0.22316387437630897	0.0036804889759639602	-0.03114613440905724
322.5	0.5	-0.3952749673564111	5.368679164785381E-6	-8.946743427957456E-5	0.0010174260293669796	0.7776021934826763	-0.8752328811840948
325.0	0.5	-0.39722725252225605	4.9660779019050936E-5	-1.2643153117531333E-4	0.0013188119511142412	0.0734072360775403	0.721718843910977
327.5	0.5	-0.39822955473578314	1.1464443450653952E-4	-1.1092494895838418E-5	0.0014116034178438253	-1.6419061416901616E-6	3.592693215202829E-5
330.0	0.5	-0.3507893411884239	8.24725430837173E-5	-6.631936872903015E-5	0.0014608480701925007	0.00807465478750437	0.09604083846825899
332.5	0.5	-0.3328597329885581	0.12314218294852236	-0.8730382137084923	0.3546305869529528	0.02353223144438697	0.24821288733143243
335.0	0.5	-0.46049012565027325	1.3422595297033334E-4	1.4256915119370878E-4	0.0014311530580902595	6.8468117576155E-6	-4.7287273778437824E-5
337.5	0.5	-0.4623865205656085	1.609567221590364E-4	6.835471378874307E-5	0.0014029455166326282	5.301082611818091E-6	-2.1049822248916467E-5
340.0	0.5	-0.4633472042640142	1.7683473851551345E-4	-9.043761289095742E-5	0.0014525116357988527	3.950449253306814E-5	-6.016485144531091E-6
342.5	0.5	-0.464108549935589	0.2129617607670633	-1.0	0.41326753287704127	6.112642016100586E-6	7.66608984164257E-5
345.0	0.5	-0.46470367021318687	1.2577167996010032E-4	2.891393246411006E-4	0.0012032650033344907	0.05772835146670365	0.9401765185598066
347.5	0.5	-0.46514423174605063	1.0592956332229103E-4	1.4411418272913535E-4	0.001069323987941156	1.2506127595920056E-5	2.8946735568471873E-6
350.0	0.5	-0.46548440108681655	1.9555946717651845E-5	-5.236347420575548E-5	0.0012310574720014273	-0.02557168524728212	0.4369228392549423
352.5	0.5	-0.4657966888329238	6.022296894190692E-5	1.0640000029735554E-5	0.00136584044703088	-2.1812457625058484E-5	-2.6233355849069532E-5
355.0	0.5	0.19500065860524765	2.109924454046903E-5	-1.2176192470146777E-4	0.001497901373405817	-0.07088854735541068	0.35064435075648387
357.5	0.5	-0.397197127660943	0.04198870750373352	-0.7858494769369828	0.24835090745569047	-1.412588767601803E-6	-6.2544618956999215E-6
360.0	0.5	-0.941290612262352	0.005919802938868255	-0.6227666543791764	0.19986715100998165	-1.9496781369274527E-7	-3.967085501661783E-5
362.5	0.5	-0.19113571432138607	9.63276125343479E-5	-1.1275397990411705E-4	0.001475300449629466	7.336062659776001E-7	-4.0348617944843496E-5
365.0	0.5	-0.43078233041362435	0.02330877430885593	-0.7339183383721284	0.23559025990972612	1.506020156895313E-5	-2.365196060103186E-5
367.5	0.5	-0.47717544404908013	7.960946874538997E-5	-2.9612850475828963E-6	0.0013379260156843645	-8.585236664968029E-6	-6.974866309276739E-5
370.0	0.5	-0.2474830365934415	1.7587247418240814E-6	-9.45019408157728E-5	0.0017250283048466212	-2.798084545406494E-5	-5.074641089606786E-5
372.5	0.5	-0.24701829518797755	0.011656183271210558	-0.7318043006075299	0.36775721442407544	-4.91175562151249E-5	-7.879729259930072E-6
375.0	0.5	-0.24672464285881776	2.581849906060777E-5	3.7147450809381926E-5	0.0015853168448185474	-4.132735755947979E-5	-3.85420546789602E-5
377.5	0.5	-0.2465335221750806	0.09015378886579516	-0.8687727479431119	0.33784271107749153	4.4877699444191116E-4	-0.0389246223090872
380.0	0.5	-0.9999999443905706	8.576766755817652E-5	1.0845275085421947E-4	0.00150283368892869	-0.008743993613927612	-0.5423575166023392
382.5	0.5	-0.14928157458833569	2.1793586079252414E-4	3.684934330114652E-5	0.0012053354578935895	1.7352875117263125E-5	8.377904414121642E-5
385.0	0.5	-0.6060182737669441	0.10107685572290968	-0.8709011841594441	0.29625262385834966	0.05128307668641743	0.33919107367591317
387.5	0.5	-0.8242516122228791	9.153579029591554E-5	1.8661832800416354E-4	0.0014878868623520855	8.017731010692197E-5	-3.031244294581673E-5
390.0	0.5	0.17966885594173104	3.2042701904623476E-5	-6.707983786988322E-5	0.0015899199849514277	0.42306327310622516	-0.9415205094721127
392.5	0.5	-0.10680875408736516	-0.029415192312708494	-0.7336385444946605	0.22954340603454837	0.2951088203591102	0.5668384369206901
395.0	0.5	-0.10670261699771634	2.6741398059613127E-5	5.346237254852321E-5	0.0017939063996744787	0.0060992371942693874	-0.10525986082650901
397.5	0.5	-0.10662118659237614	8.052859003587103E-4	-0.6375697192670927	0.23689177425728197	2.523086797343447E-5	4.470703736356487E-5
400.0	0.5	-0.3965116843948442	2.2699485381597766E-5	1.2310780443203356E-4	0.0017430684881081546	7.845382241512705E-5	-1.0852036572211262E-5
402.5	0.5	-0.39643288186321074	6.872801548601697E-5	1.3593601259096266E-4	0.001862544946190099	0.05932636508847659	-0.2783856693132003
405.0	0.5	-0.39635426610217567	6.353420155928108E-5	9.961420990469539E-5	0.0017454582772654967	6.338177973908728E-5	6.413951320828654E-5
407.5	0.5	-0.3962726238435988	3.838903890656499E-5	8.463383441714788E-6	0.002211740759557524	8.946596312253517E-5	4.6677890753839735E-5
410.0	0.5	-0.396194125455045	-0.00973960939830519	-0.730535884851228	0.3407935280072947	1.011950295863226E-4	3.251975227206159E-5
412.5	0.5	-0.39611638628661294	-1.2043547285481223E-5	2.0645653999369471E-4	0.0022374433191230487	1.0798936749503065E-4	4.261187081572365E-5
415.0	0.5	-0.396037176799529	4.9166554702557226E-5	2.107212447486398E-4	0.002474446283529862	6.792843257870459E-5	2.8793406126618155E-5
417.5	0.5	-0.3959570192504899	4.747942082532821E-5	9.693028579525187E-5	0.002582066643106303	3.9808397152759094E-5	1.021811623940137E-6
420.0	0.5	-0.39587846193219256	8.46371027074332E-5	-4.799879131261822E-6	0.002705060269546601	2.1564934626784246E-5	2.69590851140105E-5
422.5	0.5	-0.39580277923690954	0.06513719108116747	-0.9113523361725363	0.6796611992286428	4.060975450848302E-6	2.363040585923391E-5
425.0	0.5	-0.39572750518269445	6.976107568253185E-5	4.5920378931991045E-5	0.0026724528469286545	-5.4174468182011944E-5	-2.9216040181535297E-5
427.5	0.5	-0.3956516945568624	0.05834949494825939	-0.8764266578341455	0.7316652706238395	-4.1695925539902545E-5	-1.6390364282795644E-5
430.0	0.5	-0.39557782903992667	1.713507610242448E-5	9.966128676150639E-5	0.002552443601853159	-0.6441588742359216	-0.9001243759158373
432.5	0.5	-0.3955068212464983	-0.038336706802131124	-0.8784379331904721	0.5522143836439276	-0.057937383648396894	0.3893329802352835
435.0	0.5	-0.39543586154785243	-1.0968071387230473E-4	2.7905958426341652E-5	0.002182819522061654	-4.334021435247054E-5	-2.5750880353777503E-5
437.5	0.5	-0.3953646419021278	-8.197502966463303E-5	7.831442427643903E-6	0.0023942589149849726	-3.0605127473092936E-5	-2.7809602540525254E-5
440.0	0.5	-0.39529411478306803	-0.07441795410898863	-0.9326362776778332	0.4903334040238359	-4.678315829256914E-6	-1.2890528393525644E-5
442.5	0.5	-0.39522553388894804	-0.0024865423715889684	-0.0156667954783059	0.011473986723041797	-1.3233351722971921E-5	1.0438302850733033E-5
445.0	0.5	-0.39515805523758396	-3.509596172339044E-5	1.998878603092541E-4	0.002567975104375294	-1.0495729444299927E-5	-3.4148932563161053E-6
447.5	0.5	-0.3950883819894366	-1.1504923535742702E-4	2.4056649459630713E-4	0.003016882840219474	-0.07060615962288488	-0.7498274597286237
450.0	0.5	-0.3950178588505377	-1.8233521399642583E-4	1.7203518093243292E-4	0.003101899717738602	-0.028579806517055162	0.2935032550214426
452.5	0.5	-0.39494711094481716	-2.0128253819813412E-4	2.0940240478603745E-5	0.0031656092876045927	-0.1951969112842761	0.801917412188453
455.0	0.5	-0.39487776829488486	-1.3073748617193698E-4	-9.04574641355459E-6	0.0032240215809120555	0.019459347445365892	-0.4621909000462746
457.5	0.5	-0.394810624055	-1.0447743230999565E-4	1.9830279845175294E-5	0.0030460223650812736	0.01717683602494844	-0.1720295583371512
460.0	0.5	-0.3947456695769794	-0.05186919913621155	-0.9576222875525934	0.5765284118716587	3.0485519290495662E-5	6.055926635094427E-5
462.5	0.5	-0.3946831217691097	-1.0208599247713411E-4	-3.9616650315854025E-5	0.002527023078013384	5.690961696297655E-5	2.433029336702796E-5
465.0	0.5	-0.3946227334611984	-0.03164504086514469	-0.8247860545095493	0.552394404363184	3.4445453186941736E-5	2.9073890095249433E-5
467.5	0.5	-0.3945627950847551	-0.003396838538292702	-0.06187688408434445	0.0492635492927597	6.468755930642835E-5	8.461776674956571E-6
470.0	0.5	-0.3945051787614153	-8.169637461141909E-5	1.5945642330081757E-5	0.0027120001645749956	0.4965840524491176	0.8627010945189423
472.5	0.5	-0.394448006928275	-1.443170836389591E-4	-8.639182178490649E-5	0.0026705095013860223	3.8974729765542126E-6	-6.262706230880312E-5
