0.0	9099.418066063323	22.25731802665025	1120.6933888360566	220.22955860160326	475.83155697097334	7532.238992647228	23.328030473719508	1920.2574150551195	376.3915273644486	477.03904651828964	6142.372839484403	24.829793275532577	2633.2967253844545	509.80603074750763	472.759987078265	1711.7896954696919	14.28832167829073	5446.177791241422	743.0687074360393	467.8036244905155	5755.297940884698	4.186472360382533	3807.2857401239567	166.3907589063491	475.82727561466896
0.25	9099.448757048749	22.257547681974597	1120.66980458523	220.23498453564903	475.8212094112102	7532.270981610529	23.125356436977928	1920.1891300218333	376.37543549684	477.07279571002994	6142.462893998708	24.747034184016446	2633.238330312119	509.7902441972746	472.8139547923654	1711.7754768759019	14.286823144155676	5446.212380546958	743.0550621539555	467.8084579444728	5755.223448206471	4.18636378015699	3807.3305761076326	166.34643142918273	475.8724660775058
2.75	9099.575511192916	22.24872706993395	1120.709107129662	220.2638015298247	475.9770953755704	7534.184729211827	22.71201065429595	1918.7076654771317	375.8324484574179	476.9351927893186	6143.463870185447	24.501097654139315	2632.4224201486145	509.5172536865771	472.84364941140433	1711.9220223271661	14.279521685826246	5446.467739740759	742.8203243489846	467.80695294025367	5755.170642903879	4.176771756047322	3807.7824733159214	166.15093915108852	475.81601880374967
5.25	9099.593067362399	22.250693599395603	1120.6812060067218	220.26502018995603	475.9139598572174	7536.278883608857	22.86350119580407	1917.0979131031456	375.2276487449627	476.6642092978681	6144.667042879076	24.399695302141605	2631.35438048687	509.1717567650765	472.70109667649007	1712.1242546577232	14.270138411003314	5446.749061288465	742.5766675442352	467.82857399654415	5754.796253544928	4.155919858920162	3808.3176060638107	165.91804843520802	475.91936462841574
7.75	9099.707439510084	22.25829059322062	1120.7358289569975	220.2971075095908	475.80330750714586	7537.90999696755	23.038554487870435	1915.7821708924291	374.81828089071917	476.40971728023055	6145.958574795781	24.327732193198333	2630.1526736644973	508.79471791580005	472.6557074320275	1712.0942877786613	14.266187086863317	5447.077808681636	742.3520230263567	468.0502919132308	5754.716119543487	4.145500857268522	3808.8195463788093	165.68043876454007	475.74787634257035
10.25	9099.758938007039	22.24969143898317	1120.7425854679843	220.3470308870783	475.89560735081534	7539.30248473498	23.213203886640656	1914.8050365828185	374.4980295783059	476.10957010609377	6147.772663339949	24.229184324026317	2628.765604771264	508.32399262071607	472.5860970151901	1712.0336271764604	14.2611864530577	5447.338270668183	742.1011187528701	468.31000558679153	5754.575294405092	4.138611514363645	3808.947384603847	165.6800330570327	475.7700832834252
12.75	9099.785838640513	22.260140979787643	1120.652664529042	220.28594856124926	475.7874651539259	7539.922949208598	23.219621816343366	1914.3054177653053	374.32554238335405	476.0922699421046	6149.974540991284	24.227381714534626	2627.2114406300916	507.8100962254987	472.3401593205713	1712.1909104890342	14.251385786633081	5447.63134422595	741.8371527107471	468.36926477359066	5754.719396746702	4.1237413984561355	3809.1742595840606	165.522280861832	475.77313460666727
15.25	9100.012158676269	22.2555584610748	1120.670668161504	220.31480502786852	475.92861151740067	7541.515155250418	22.928998093007078	1913.0650704819975	373.9163597533469	475.9050775957873	6151.374763664058	24.45443779837788	2626.1425025886692	507.5008569176098	472.2432146626695	1712.1645400114778	14.240327355310855	5447.899352652376	741.5114896002316	468.4100027957449	5754.670148262802	4.125505863831408	3809.1992326296663	165.49884868433364	475.75838672300057
17.75	9100.04206318817	22.25353300029379	1120.6647097884872	220.28662486784518	475.8271702832486	7542.6446630034625	23.042804762796294	1912.060199075308	373.59310267187453	475.91403729299526	6152.881326653504	24.42043573629031	2624.912551726661	507.10342107081	471.9656462276893	1712.2330993257037	14.229256942752805	5448.118479551789	741.187821065642	468.64741545981997	5754.561744171003	4.125506826912352	3809.258204435119	165.4456383808298	475.83521275336375
20.25	9100.124442885734	22.25507481823842	1120.5671101440032	220.27749338188497	475.84706314867907	7544.4369400303	22.97000197117824	1910.7463006892178	373.1647395640027	475.85619393571477	6154.449790588275	24.489119941415	2623.838946574181	506.8187245037227	472.01448275548984	1712.2103734909897	14.221271072265633	5448.392254704735	740.8962779158949	468.58220134157	5754.549145172766	4.126850754415376	3809.6103542700675	165.27783931505178	475.9951516167268
22.75	9100.349535850639	22.262314077075146	1120.4938388593139	220.26557188308817	475.7629960667086	7545.344240336152	23.28677566179942	1910.106470126167	372.9831273175111	475.7568644056037	6156.030233869348	24.41003068973849	2622.716090199018	506.48223817765694	471.7561869718969	1712.3359994812295	14.217520750216057	5448.617797842979	740.649995376482	468.44190280289683	5754.128198174425	4.117215492719924	3810.0666505438267	165.00974726803105	476.1249659246511
25.25	9100.582707700083	22.264355025862702	1120.468493084883	220.2983501241736	475.7402626286786	7546.245554552228	23.26550024388411	1909.6044878758055	372.8361221307348	475.7096274785961	6157.48454397248	24.436119316569883	2621.480435683211	506.09549659211837	471.48403714610157	1712.5296565493845	14.213524949293804	5448.779766796205	740.3908868980037	468.7214038696326	5753.9490328270795	4.118857747646423	3810.4562757093126	164.77487501797955	475.9773389800044
27.75	9100.62768249946	22.269037600109325	1120.4442951644266	220.28934518769816	475.62311235508184	7546.832392285691	23.350744898989966	1909.192671567413	372.74033106992295	475.73636777188983	6158.954162181527	24.442407011385896	2620.3294354445234	505.7288464999171	471.22372201466845	1712.6653424802937	14.201387855523734	5448.957838065157	740.1206960525858	468.7568806202792	5754.0128641218425	4.116137510861343	3810.6920181708992	164.62344561481856	476.10907613295643
30.25	9100.526295999854	22.26533474276044	1120.4546958342528	220.30031038663128	475.6799424127274	7547.297356957901	23.37705795155439	1908.7599217550492	372.6596495375789	475.7234532695209	6160.389859912184	24.447788680518848	2619.2521687324333	505.3772889732649	471.0693058918953	1712.6779407700326	14.191460455648883	5449.205033511808	739.8261243041267	468.71246745727956	5754.127179155091	4.110185999865405	3810.8337600724117	164.5109066831117	475.965591567793
32.75	9100.518900530373	22.2789318414521	1120.4966773982292	220.26221159204295	475.5965847530933	7547.611096626691	23.43509817753069	1908.5260923884705	372.6175423564206	475.74438629752433	6161.90287959601	24.457419135234108	2618.1559913100796	505.0440302638719	470.9184395167497	1712.8240930831955	14.199971629752264	5449.2973659049485	739.5167607531577	468.61236609572916	5754.166388281406	4.099039304391568	3810.9862636550934	164.44865776038623	476.04646728661936
35.25	9100.620274422727	22.27655992615636	1120.4798258846308	220.26919144751088	475.5122321747712	7548.010492845315	23.53570424373076	1908.2780159316997	372.60809679848467	475.68279347316206	6163.232412593586	24.87256547788892	2617.1460477946607	504.72015341284373	470.75483418664044	1712.6106671581376	14.191804738494586	5449.450449498965	739.2315256199869	468.4157534503324	5754.097189755283	4.09901686287054	3811.134560422234	164.31784801217668	476.1094954582321
37.75	9100.577656740834	22.285220136308993	1120.4165631829883	220.24539173476242	475.57241400393264	7547.9701093819285	23.702928326541375	1908.4188788479948	372.7013576080323	475.8904320694597	6161.965384769278	25.788550826567413	2617.8096487234275	505.0400100701513	470.9255623972606	1712.9403560386406	14.192296450195368	5449.585376063173	738.9664671427895	468.49544278554293	5754.1869245143125	4.116335538520655	3811.2939568040965	164.16128932230583	476.0700872955901
40.25	9100.698345840261	22.277794861444256	1120.3525176404582	220.22888346725057	475.60047543519505	7547.454126081944	23.72178286041523	1908.6922666827436	372.85369310821625	475.8492453128881	6160.320485619905	25.797292176267764	2618.998184202051	505.50704406748196	471.1704602211963	1713.2309888459702	14.195280000739734	5449.7622742919	738.6536417304466	468.5284199873279	5754.112365970812	4.125755908246416	3811.3859796546703	164.0399470602046	476.2129806017175
42.75	9100.667483686942	22.28419999129635	1120.3453859874294	220.22765367938163	475.486349755832	7547.07802535853	23.771233877503043	1908.9101711782716	372.97829566272816	475.88598950765606	6158.856198009969	25.756220245271972	2620.1829702072796	505.98542057481137	471.6529836497337	1713.35135370611	14.182356842692855	5449.955268087719	738.398159067005	468.57624254537575	5753.883369797102	4.137133575541789	3811.8062819004695	163.8167353578747	476.2263797389094
45.25	9100.772025457078	22.27897954760198	1120.340304462267	220.243130827724	475.6975760220165	7546.417583539029	23.865274570949875	1909.4045152562203	373.185329749827	476.03146236808385	6157.271364373331	25.700793842133706	2621.233490278018	506.378951935871	471.88716984000285	1713.1960213626935	14.191425640493486	5450.185721312682	738.1236080548266	468.48717398760186	5753.89880199107	4.141497491617705	3812.3006414215142	163.58294101576686	476.3520170043859
47.75	9101.014323515057	22.267635763727416	1120.3577637783292	220.24469634064562	475.7956353793302	7545.647928411395	23.958417468675076	1909.9712263597435	373.4265927506028	476.01760335206876	6155.764902865786	25.636777023274433	2622.347990593456	506.8274610546962	472.2858048869064	1713.3177050403333	14.191560253073412	5450.31567521164	737.8860765533982	468.48792197581105	5753.704268410219	4.141343860594589	3812.6891829751553	163.34103792170066	476.36659583891804
50.25	9100.861476548596	22.266787772788447	1120.2986557615923	220.1881780231366	475.73475367358355	7544.268046973793	24.22349285101692	1910.9558741415701	373.80697854562305	476.2500459795744	6154.816526510818	25.48578138097091	2623.2125706247275	507.1538484095369	472.5898712368366	1713.286699350416	14.189340988239737	5450.581214138643	737.6386423594068	468.52131260401353	5753.47918335509	4.134742801377431	3813.2629341407924	163.04813707346423	476.4697987241116
52.75	9100.895803070498	22.273127586030004	1120.3661482091431	220.17403750251586	475.6883397178696	7542.7956516761615	24.185514551811874	1912.1498167037025	374.28207168269387	476.4292979129092	6153.883458783999	25.490574729269955	2623.9067517179415	507.47839904341805	472.7083785029657	1713.2645601858735	14.190142727756895	5450.824433043891	737.3633591457688	468.56086952104226	5753.208227874647	4.143148023597462	3813.82685506879	162.74923140328679	476.59249352627285
55.25	9100.71165854826	22.247604470278695	1120.400228477511	220.17239351671375	476.14307424951636	7541.595656461812	23.55673275811666	1912.900292317773	374.5582986350068	476.4215440777197	6152.605701809914	25.16758353782914	2624.9717588696963	507.85143374331926	473.0194854234894	1713.3443587742959	14.190508909435017	5450.97527319245	737.1364940897244	468.60520713640796	5753.031803543326	4.144310788607776	3814.441818031502	162.43964430342825	476.5834382032798
57.75	9100.523663157428	22.221899529740426	1120.3970104034242	220.1791216583695	476.28711571637206	7542.998955403471	22.722387563396815	1911.837568875347	374.16746800932975	476.3515770368496	6153.948494573405	24.069119988904728	2623.9876207756192	507.53169510221704	472.8417904766634	1713.3908316179507	14.18049358859477	5451.137995101359	736.8803280249615	469.0103390379436	5752.713228882625	4.130649056755394	3815.2786669446705	162.00332779655488	476.92580062288846
60.25	9100.396409492972	22.22077381796474	1120.4149865703016	220.13376295281049	476.27216080495566	7545.095206726256	22.72368818016708	1910.3270236238452	373.6379585196837	475.93806970930535	6155.92310589778	24.04495419886993	2622.367435278118	506.98586168643385	472.623440046266	1713.3115866305216	14.17421997771626	5451.374377172043	736.654043841486	468.86592877009264	5752.128239520783	4.108260760030295	3816.0654854789072	161.56643568301962	476.88793520946246
62.75	9100.427275097547	22.22060239197864	1120.4436242697848	220.11883435017208	476.26568891976297	7547.278189242778	23.095618473164404	1908.861645896592	373.09309631580703	475.63746294418627	6158.0911826904385	24.091536703042195	2620.703000043395	506.4031574912139	472.1677422890672	1713.4156126647274	14.172196421710886	5451.617668532532	736.4447858834277	469.10641048345883	5751.782590196638	4.09809294598576	3816.6701368353356	161.25211924127228	476.83965781961933
65.25	9100.43475353138	22.223515381857123	1120.3479222059386	220.1610071208101	476.2870681267281	7547.094866916877	23.694823984158546	1908.9819040472726	373.15227914810396	475.62913383816823	6160.231114023821	24.285328534815037	2619.111985013825	505.8813648784813	471.96736961183404	1713.4565049655475	14.158602877112859	5451.855235173704	736.1722136935067	469.1488824511424	5751.77592891805	4.0900275129706	3816.9803590673696	161.09010272551063	476.81273839933795
67.75	9100.53691083121	22.22373954158301	1120.3169936401966	220.14889600958614	476.3948016002443	7547.2530817786	23.364953490663027	1908.735919853182	373.0791974580461	475.6106407207556	6161.319177787806	24.6055430587527	2618.2295292377603	505.60372007564257	471.80932019561277	1713.5259583192487	14.154247410673497	5452.041782184255	735.9582027210878	469.23198559754803	5751.605178976436	4.078081683439026	3817.109002921042	160.9916959040119	476.8518094914571
70.25	9100.655716634805	22.207462946767546	1120.3084279252705	220.1570666818543	476.58565415303264	7547.584042180082	23.44544266128799	1908.4209009289846	373.006288449259	475.52476958466815	6162.319458081514	24.615588820290043	2617.6014606614085	505.3848124885637	471.5693934234789	1713.7095611884229	14.13977701544888	5452.177046795151	735.7054650398532	469.2790279228283	5751.590373013475	4.07635781264664	3817.374121801963	160.90157280157766	476.7162881877907
72.75	9100.775735987712	22.200353633998677	1120.229117175894	220.14260276075302	476.5867643648034	7548.034478013857	23.538558360727297	1908.1318526065716	372.901790955295	475.5442009590061	6163.131578209957	24.85641225336888	2616.8264569483654	505.1762608218844	471.46047750930916	1713.734806673785	14.135213789786583	5452.366800947315	735.4420091294695	469.11949218615257	5751.684908637749	4.080254376232489	3817.3212298793064	160.89777447295168	476.72017947737214
75.25	9100.833822701476	22.20439938861879	1120.1830383798697	220.17397019238118	476.55536637388735	7547.976282400399	23.712080549832436	1908.3139951725263	372.97565992655854	475.68708514228234	6162.672300082545	25.383699624858245	2617.1787710361255	505.29160876018483	471.43861995907355	1713.8202672684454	14.135319600036985	5452.5278190555	735.1534847353821	469.3424030891793	5751.680027037742	4.086762671976948	3817.406591202517	160.86498217208535	476.77821163828503
77.75	9100.577138372513	22.21711534775893	1120.0680374679466	220.15237259414198	476.4763863121873	7547.661740864514	23.67505231776573	1908.5402374418159	373.0843284452824	475.66437083283427	6161.761774195182	25.430253437038466	2617.6726064921463	505.509285332412	471.30771180450114	1713.883793506288	14.13438011764499	5452.652289687531	734.8853752871322	469.2495672769519	5751.8207140660115	4.091195536587881	3817.2901102916135	160.85400975499462	476.7311068328405
80.25	9100.659863424336	22.211041034044534	1120.048670146973	220.16233086403028	476.4804742751415	7547.596228469484	23.67133591795687	1908.6416802450403	373.15386519852285	475.712862782533	6160.8553351671035	25.413950442476633	2618.3658857459545	505.75590341138474	471.6369906156001	1713.8599056571147	14.127384154671976	5452.825102011023	734.6521464900309	469.31191345237306	5751.789307553218	4.097398479376764	3817.3518180045685	160.79348076681364	476.7918193658108
82.75	9100.674413326908	22.200760803961646	1119.9990116608742	220.19140417955327	476.5704956794167	7547.2029779594795	23.701835441522903	1908.9754005155426	373.2791060833605	475.9112530098	6159.952204323133	25.396678487286117	2618.932783060859	506.00614312590966	471.60482767893666	1713.9730516410784	14.130440984528317	5452.921927786213	734.3824808074424	469.1856206593081	5751.7279370911365	4.101851895537048	3817.564292119113	160.6688934697613	476.9300195405143
85.25	9100.555045829788	22.209035607042473	1120.010550880823	220.17619797031418	476.40639483174243	7546.863537258476	23.611487440023883	1909.1262900059294	373.3501440483647	475.87428858430627	6158.928381370322	25.41902070592424	2619.4912297043197	506.2233523387696	471.83352165115264	1713.8571553247423	14.120536967271097	5453.086056476269	734.0988254545127	469.1713484647478	5751.450478849506	4.101650941718408	3817.9900808485663	160.44600812760217	476.88488069781135
87.75	9100.634797417417	22.214243338936182	1119.9891630476357	220.19918353809365	476.41462786382135	7546.561311479356	23.658773919797973	1909.2813121883805	373.43825877821325	475.92649639694497	6158.051593785908	25.401189253417193	2620.040624685789	506.4616328620149	471.8050390658812	1713.810734709183	14.11695997075033	5453.19406752997	733.8371155899479	469.2552752975768	5751.396947171677	4.105122185005888	3818.273063774371	160.34603771568152	476.90388486969806
90.25	9100.73717703762	22.216048701867738	1119.9991694649468	220.1668387272514	476.44068176300516	7546.13235824066	23.647030766055813	1909.4771875676383	373.4864251923329	475.9941422739195	6157.229603629195	25.394288430358458	2620.6155725907274	506.68335072633636	472.04695528672096	1713.7106233446057	14.122838746147696	5453.427450467	733.6017731157306	469.27663309120067	5751.20385189984	4.1074396006374	3818.5032077634314	160.24279417640196	476.8555743318038
92.75	9100.781194220732	22.208258275145443	1119.938785368558	220.1839362436755	476.61153645042805	7545.577579783721	23.648378955773893	1909.669501862611	373.55062245262314	476.0306566395676	6156.564936238397	25.384767491379474	2621.134737458016	506.88539463603246	472.08259086421594	1713.716266634852	14.11744741693617	5453.617310030109	733.3833852313621	469.2402290386875	5751.188855642482	4.102818139691962	3818.685736702404	160.13223825902605	477.10971756911243
95.25	9100.671169531392	22.20239883564952	1120.0331455664025	220.21710717712324	476.7222524494593	7545.41334135755	23.631613337331846	1909.7407282496197	373.58582989967346	476.1650934806127	6155.756192029572	25.376794743291555	2621.77516504392	507.05835023561286	472.2205417145778	1713.7264319282265	14.116530534592714	5453.854349190087	733.1394852201923	469.25917197786805	5751.056182452829	4.101122330573654	3819.1442258228403	159.9017055326634	477.10342137389574
97.75	9100.763453089568	22.20381475547714	1120.0829806823451	220.21964709051628	476.63076544967697	7545.101578105274	23.703284988164825	1909.9528955424048	373.6890436490725	476.07158949062625	6155.083663050922	25.357039701669528	2622.248152456534	507.2646379948541	472.2500871917518	1713.9910651403518	14.125962834261172	5453.979956604137	732.8948770472615	469.4892844557872	5750.855653977912	4.105510689154348	3819.600310071203	159.70712053928617	477.16027528128166
100.25	9100.726034854144	22.20471572668277	1120.109678664227	220.2016602164686	476.6121657839305	7544.90891500331	23.747245749231062	1910.236442836072	373.7804002529222	476.1947555882211	6154.358770179939	25.32229324721908	2622.7777977135397	507.45349373259313	472.42400915059017	1713.9420748856614	14.133744566357967	5454.1260508538835	732.6675920992266	469.66867902674306	5750.654201269855	4.102192235608123	3820.1260977497004	159.50859749700376	477.0908589725865
102.75	9100.735610785467	22.19658737758883	1120.255398261817	220.23641944423412	476.73376590846885	7544.299318413048	23.82809742850128	1910.6818920968312	373.972409388376	476.2199172895252	6153.636094933802	25.282326040816585	2623.1902254412416	507.599902363456	472.46625757659365	1714.069718905116	14.134108592520676	5454.345442747458	732.4377432340543	469.8364897939164	5750.828801295256	4.100396163048625	3820.2136422121125	159.45456311368122	477.0202561577111
105.25	9100.692147576308	22.188875574031776	1120.2627548834969	220.24179729400328	476.735889358012	7543.515053544962	23.788645621141555	1911.0721624500427	374.11271512084977	476.1217344871417	6153.029811220952	24.91625892909661	2623.5977486173706	507.7737482739276	472.8341226707002	1714.0616015346518	14.12771913978031	5454.5544939752635	732.2160230083846	469.9538503882767	5750.80233922267	4.100822654759854	3820.1763611199267	159.42137802753035	477.0486877291352
107.75	9100.734480829	22.184138155006348	1120.2394547941576	220.23500361764673	476.89443131232474	7543.157691639765	23.50162656534439	1911.4355308738373	374.19742852483216	476.2779322748053	6154.205048386464	24.226646356907832	2622.4030087225015	507.3973380076947	472.6944694547947	1714.0062777104758	14.116020579234796	5454.770740797708	731.9980215960359	470.1365892170507	5750.499986044093	4.095283056019784	3820.9230368135477	159.02506329073466	477.7413812680384
110.25	9100.752747272087	22.187165903983452	1120.193292255284	220.27543606392794	476.75853829838934	7544.125691432517	23.11270789032933	1910.6928002170341	373.9514680192218	476.19859954497156	6155.484822891244	24.48476773356377	2621.535086795631	507.10036474976926	472.7759277626178	1714.2157973503536	14.10730529765524	5455.014589131934	731.733172918462	470.0158821263456	5749.821245871176	4.091123182454844	3822.053800912559	158.4451983102752	477.53434332438087
112.75	9100.725615276478	22.187204724581186	1120.1890569676532	220.2779498658576	476.7197195788915	7544.875852992197	23.305474756432165	1910.1247782508822	373.73087317479644	476.1967937240585	6156.529472038288	24.408229064461338	2620.650593292017	506.7830335199485	472.6859358874758	1714.0852289026666	14.098012644414277	5455.257228902392	731.5004298337268	470.0982957968294	5749.527459065431	4.087162941206688	3822.7065506324448	158.06839692232896	477.57034720756326
115.25	9100.861080138642	22.18747310493774	1120.2065081864866	220.29403150726367	476.75335337739375	7545.572346669088	23.305707611680614	1909.7370160942635	373.5792874622158	476.0671933021625	6157.926074113392	24.412370484073378	2619.698967189197	506.46720156568307	472.69572303763385	1713.9374520366914	14.094428387165888	5455.472041909464	731.29891068561	469.8984961570846	5749.450522062986	4.07076169574249	3823.1862864986842	157.8094959045532	477.4381308792581
117.75	9100.900761453448	22.18893077389906	1120.197872909366	220.27311958060065	476.7611257161152	7546.223173363004	23.30175721205128	1909.2250523914518	373.46013810794113	475.93587640781783	6159.235286921723	24.431692578462588	2618.739928012907	506.1822445635851	472.3956874943474	1713.8016169905345	14.092805964593047	5455.71891825956	731.0257413912611	469.798393902541	5749.321843425399	4.060945863876485	3823.3492122716216	157.70409226337827	477.46379387858855
120.25	9100.808151977666	22.187887984805393	1120.2601002860808	220.27375808199693	476.67332978859264	7546.900348046044	23.278300732656707	1908.6449327067894	373.30880901500996	475.95678432308114	6160.477911584116	24.45750397606321	2617.9593162423075	505.88114440484685	472.31532412791074	1713.7493797987645	14.089269281288054	5455.9775864112835	730.8134213993943	469.9022308842319	5749.300509856614	4.055556417805519	3823.575179835977	157.59331042996288	477.4854616986355
122.75	9100.62910494604	22.198330617224162	1120.1738854944786	220.26260302733178	476.5373660674337	7547.414705464203	23.360822650528007	1908.2670185232819	373.16250046320846	475.91774904684974	6161.503869596224	24.448918626577758	2617.150693641893	505.5716663673454	472.26241160766875	1713.6216464146337	14.086211716188156	5456.087285985419	730.5836431448839	469.84879727228775	5749.130284483238	4.052429706424116	3823.779882939506	157.52029618338088	477.5943063022648
125.25	9100.515704151945	22.190364492512728	1120.1581195275646	220.26213675761798	476.69412627325767	7547.8160659954165	23.497022405496153	1908.0154210723792	373.1058453293973	475.96384368657755	6162.669900962402	24.701160058915033	2616.391194978396	505.2969425690054	472.1982193393863	1713.7334440246873	14.074305441494428	5456.355103301015	730.3287946349221	469.901687954452	5748.651999086114	4.048319017893517	3824.352940065225	157.25791511141387	477.7501451997877
127.75	9100.472634440797	22.19081060566721	1120.0557627522305	220.2015456337898	476.7701136077119	7547.406487316163	23.62315910373719	1908.1454110436803	373.18558703244463	476.14701851538297	6162.514167384438	25.301184874343836	2616.641345133445	505.3527465758883	472.2375223639453	1713.836059368378	14.07153563702693	5456.507201042311	730.0810754732726	469.9900973649678	5748.34845073245	4.046951736420118	3824.969178987515	156.91606604790002	477.8700916702026
130.25	9100.662199846685	22.18621538650171	1120.1060516402827	220.1656657550784	476.8031158590897	7547.321505434401	23.5219503994764	1908.2142456051965	373.16988509447816	476.2104868151396	6161.731454544405	25.35667069678938	2617.3104475413274	505.5790915892025	472.1882502208539	1714.1795540897037	14.061290284346244	5456.685725529526	729.8402338844459	470.0306041546516	5748.253278130004	4.0543551626652805	3825.448399996134	156.66275301044803	477.74998292767265
132.75	9100.789970114241	22.189176689907445	1120.1966556111845	220.11756548603654	476.72709521523444	7547.1538650793345	23.55178845329001	1908.2164791767318	373.18344816762414	476.38160023671924	6160.851990405963	25.347035114024173	2617.968338127088	505.82811020513594	472.2578039733654	1714.1203640608808	14.060112215364999	5456.72779324846	729.5887489838044	469.8269651368002	5748.247160794146	4.053437908952102	3825.5675151108467	156.58413046084723	477.7540629853334
135.25	9100.944618151862	22.187177833094577	1120.1719055739295	220.11231617064624	476.84844397585624	7547.097923092587	23.50838541375221	1908.2865338812258	373.19760166502044	476.50471093105114	6160.140304478893	25.353984433449803	2618.526377562786	506.0968316295677	472.2921604382068	1714.1126926404456	14.05920076865775	5456.89551126213	729.3781940953502	469.9845636515985	5748.179683906022	4.0477222480634145	3825.9303850506344	156.4184593815033	477.86412361002823
137.75	9100.978216552263	22.183351241546706	1120.121499152785	220.07923143087837	476.8364712285099	7547.099600932114	23.414543387585965	1908.149703945919	373.14152187580567	476.673444138636	6159.094986216571	25.365583789321768	2619.06546343039	506.3711976527124	472.28860308372174	1714.1425171356984	14.058677069993134	5457.0465420601195	729.1610208930775	469.89765441508206	5748.095479631249	4.047218274903704	3826.372317742262	156.21206112501946	477.82531327420855
140.25	9100.839556525594	22.17766177399521	1120.073194007122	220.07066361544395	476.9559299212572	7547.43371541983	23.617467630951882	1908.0080562507187	373.0690307689098	476.4086150851618	6158.224112960784	25.307214619794074	2619.6410516337514	506.5918504629494	472.6578729846223	1714.3122266406504	14.054914833781806	5457.24414974421	728.9050069827017	469.7669449364172	5748.100086994934	4.049908438320018	3826.640815601137	156.05584042230777	477.84869816691156
142.75	9100.912007509321	22.174781045638642	1119.983329481932	220.08887219246668	476.9568167835794	7546.338619404926	24.083041115540517	1908.7623999252603	373.34821971415954	476.4720872552227	6157.628185195664	25.22167233741886	2620.061143518039	506.7959740598346	472.91408254660973	1714.5217655204967	14.057271728082307	5457.4043980773695	728.6914950892954	469.88311517447033	5747.927508304442	4.047665425629987	3826.9629088414445	155.88566029834746	477.90114241114475
145.25	9100.841490587176	22.179056164730277	1119.9854732912736	220.09566323131196	476.87673905296543	7545.016677948094	23.630640932739134	1909.801528743872	373.7389370482265	476.8125441427014	6156.939709205746	24.870408001200786	2620.445445234753	506.93032331587204	472.9938202890173	1714.5959245548768	14.049887960927423	5457.573535137553	728.4912809454994	469.8598008284572	5747.771257491394	4.044861994582196	3827.2343828050434	155.72792355048924	477.9079201043193
147.75	9100.880744031763	22.165558302935704	1120.0325811874488	220.11901527377984	477.02374506867955	7546.423200806942	22.834427952902697	1908.8739027318707	373.4052524561222	476.65468972457904	6158.52948103671	24.074755280741936	2619.3257291596915	506.54855087810586	472.7121102684787	1714.5878422125109	14.04799188341385	5457.760622284437	728.2902406646161	470.12564910180396	5747.48861281351	4.032770366035756	3827.950149948655	155.37030306252078	478.42409530237853
150.25	9100.970982122206	22.160764022435213	1120.0343940631149	220.11902749192322	477.055884328744	7547.472012129742	23.211326162944307	1908.0925054363781	373.1368855826426	476.81290240039937	6160.637942131863	24.141301988579567	2617.8447817229817	506.03948070626893	472.33401728875697	1714.6033225855447	14.045425192242618	5457.99224758359	728.1064767184646	470.3895746086908	5747.31026015684	4.017282063665656	3828.589434467797	155.0393525881515	478.06438057563963
152.75	9101.033608890857	22.154015284052466	1120.0019409317374	220.12004492781617	477.1808393751482	7547.906744241488	23.44390454522229	1907.7862730098188	373.06491335640726	476.8541119355125	6162.478738860909	24.592830317254833	2616.5805185250892	505.6231751870422	472.118793332588	1714.5524270245398	14.031229554200888	5458.100197769762	727.8735528755146	470.32313663434303	5747.083960716991	4.013363901091543	3828.6523186641925	154.97722095712533	478.00854345924427
155.25	9101.035014301178	22.147440013263534	1119.9721470394709	220.12405200379777	477.20499401546124	7547.736563763784	23.509590191473727	1907.833321380437	373.0499017089773	476.97274150697825	6162.165008850749	25.37674120734065	2616.776220897942	505.75039274067706	472.0972887257378	1714.6272993392895	14.033270996504141	5458.210957607573	727.6996023545125	470.5184987316956	5747.211972322566	4.018121351823958	3828.6124563163526	154.97681344942035	477.95458915390776
157.75	9101.032559855383	22.14556559900669	1119.9380827284813	220.10815881990425	477.3863014336289	7547.699635950355	23.44346762699285	1907.8244450483653	373.0361622137568	476.8694831031487	6161.3262520545595	25.38945131469151	2617.439147435548	505.9942896120517	472.3927615157375	1714.5663934957552	14.03087943988604	5458.348319303322	727.4864145306879	470.2963455389898	5747.531994510812	4.021778900078976	3828.4824014107285	155.04313588114528	477.97024046761095
160.25	9101.03499816094	22.135520341484195	1119.9424015184413	220.12511607291574	477.54988037837165	7547.76844401906	23.45533167438531	1907.8233526712422	373.0567764697969	477.0303178967798	6160.5612298358155	25.356726303828502	2618.138895393583	506.2653530801022	472.67355176814675	1714.6461004219316	14.032021141090251	5458.491561208426	727.3178955533127	470.28177806657794	5747.376712946404	4.022762533157006	3828.671262143195	154.94542660201293	477.94624871675813
162.75	9100.97985610565	22.119177892475577	1119.9550062354028	220.13425087787294	477.74571019549126	7547.976204715243	23.377483651528415	1907.8455899369183	373.05294242127707	477.1062170461692	6159.546859181078	25.34104775099808	2618.751176189069	506.5122323407142	472.89460692915344	1714.7113436855418	14.03827164953063	5458.718224329166	727.1401468788595	470.3964814185524	5747.396288701489	4.024785864271478	3828.7197148156465	154.9476657638345	477.99187638273355
165.25	9101.069574593268	22.117114013695424	1119.9084918531837	220.14048371293006	477.6849690751304	7548.275760706088	23.223082419437244	1907.6182320869616	372.97235129073806	477.03865528670843	6158.76841721047	25.267490636100902	2619.3665612460513	506.78106074621513	473.21937893513575	1714.7792753530737	14.03892690506273	5458.890730473176	726.9410682554662	470.5196452315045	5747.523334906048	4.026280253902655	3828.7009190346876	154.94698034388344	478.0890101054177
167.75	9101.063226846141	22.12305651179354	1119.8949751929247	220.11440519435874	477.6321988622583	7548.9497718587745	23.054123649692436	1907.1671329501507	372.79629805064417	477.07379564100364	6158.395386164191	24.88344621028941	2619.7817307594833	506.927566210929	473.4869582380231	1714.635456825034	14.031627851754552	5459.054262514286	726.730428427568	470.5334184502273	5747.53495232113	4.026223925035261	3828.851138819984	154.82597295641136	478.08704820200506
170.25	9101.073645941024	22.11544113270489	1119.8957817781204	220.11973211358125	477.7034943147946	7550.102602432962	23.344691884320284	1906.2296546069392	372.45887056712803	476.7726884100773	6159.350684375267	24.479067040510817	2618.991308779149	506.64099061151893	473.3610082331114	1714.7284390487675	14.028931576025453	5459.204025188692	726.5151290474766	470.4475801958158	5747.519633263202	4.013986620135211	3829.022226865528	154.74427697508807	478.17533713580235
172.75	9100.912509219072	22.11316883459526	1119.9293734313737	220.11780573432043	477.64957054468965	7549.006311017831	23.851718355033903	1907.2197947853012	372.81899010500837	477.1393667527277	6159.668621750519	24.925682792906926	2618.677941706727	506.5194318006341	473.1294701293182	1714.6321412591074	14.02495211643367	5459.367158673814	726.3278123560123	470.4748204813393	5747.285112962807	4.015901545486837	3829.1983221943474	154.63584427353177	478.0104186711214
175.25	9100.884172343849	22.120215436443264	1119.953443085976	220.106043535733	477.62230133572797	7549.312490318727	23.207083604485927	1907.0415425301067	372.7179564125933	477.08879710309384	6159.900624775732	24.98603687324062	2618.570972296562	506.47522969669063	473.11234826002334	1714.717145188958	14.019981674779594	5459.504825838118	726.08571465275	470.5149810930143	5747.347600547728	4.011572124048665	3829.0013844804057	154.71841971604022	478.0082022238561
177.75	9101.042956043671	22.127361587839893	1120.032640058706	220.0903507678487	477.5305649783622	7549.358921992823	23.569989214549697	1907.0564455318254	372.72487031875056	476.8910025310977	6159.521968095324	25.15827866839157	2618.7522616181145	506.5389242819488	473.0832345372753	1714.5317514852081	14.010461962031707	5459.668657125652	725.8239115307241	470.3188928092835	5747.4249522549335	4.017251486894537	3828.878886846976	154.81511391547576	478.0032488058872
180.25	9101.14406955816	22.130744770475545	1120.009919720135	220.09937627936557	477.42637120403293	7548.766808673808	23.534716644032013	1907.5393303258568	372.8669592466034	477.0137448719463	6158.914456262549	25.162032110388886	2619.14187619058	506.69241068212733	473.1561641108458	1714.5801637328902	14.004330821468901	5459.867721179219	725.6097852601525	470.23082802067194	5747.289779923695	4.022689993129209	3829.0141201478564	154.76416915190163	478.12992369154557
182.75	9101.169873314975	22.14423142164012	1120.0336640955477	220.10564723860423	477.3130376430532	7549.048806992839	23.323192395216868	1907.2921092989072	372.78864956360064	476.87763739497615	6158.6718030673355	25.088333196868565	2619.4126428689897	506.824135724418	473.1463094878977	1714.5615917445573	14.001562752925144	5460.052835723033	725.399718791261	470.38175722034987	5747.1907766236445	4.027609112137572	3829.192280295588	154.65419332587777	478.0062905037311
185.25	9100.950757775216	22.155351717438293	1120.0295955822573	220.06554675452145	477.137538813313	7548.660813593582	23.538689533268904	1907.4191778069041	372.88872631744584	476.9852702194384	6158.170486817769	24.978692362571422	2619.5576838758384	506.90169923425555	473.3660817511476	1714.5702824024495	13.996483737785843	5460.232532457642	725.1800646303932	470.44708469759036	5747.116761785019	4.026558649891243	3829.2035182578743	154.6123092786203	478.1753806922584
187.75	9100.896136965544	22.164118536616837	1120.1261318155823	220.05410193651693	477.12225770341024	7548.690660162068	23.46533201661436	1907.400078015285	372.8633006137259	476.94382977107796	6158.594551874619	24.711629137407485	2619.30596024282	506.75018690118645	473.33993671604134	1714.508504416392	13.992833354092616	5460.371329300427	724.9756152565269	470.5780458687575	5746.780264610303	4.031348358117314	3829.5611885131457	154.44570051488807	478.34155459201526
190.25	9100.873078829583	22.16892825359821	1120.088305289117	220.0625659533332	476.98697685249124	7548.3866760436995	23.708129273223168	1907.7388361712283	372.977093148234	476.7758507186659	6158.901550781267	24.766547713304607	2619.002286493573	506.6235726745802	473.0534462405845	1714.5868249161845	13.987351754508255	5460.553735590607	724.7823707432292	470.6016451493002	5746.649637243071	4.02707436751269	3830.077534027834	154.1545595193391	478.39801252912366
192.75	9100.742588705578	22.172014555969714	1120.072340734647	220.10084126312464	476.9444705781548	7547.823557300617	23.703630259870263	1908.2533840228584	373.13961045447115	476.7701501069666	6159.305118717024	24.772253228982457	2618.6980151901907	506.54475891705385	473.1386846491032	1714.676002150097	13.987994070661102	5460.715456359368	724.5896244819	470.5596832210344	5746.5096813466735	4.024183642600883	3830.478111744873	153.9576567912144	478.4269240936192
195.25	9100.697496501143	22.179502467624005	1120.0938936178934	220.1166221678161	476.9160213154792	7547.452615229705	23.542482963037152	1908.5510021456405	373.2686446464677	476.92955724981664	6159.837379575377	24.80681746282601	2618.4991697416635	506.4591843018953	473.07615891066837	1714.6205294015524	13.976922256794595	5460.900217748236	724.4260665585742	470.483918561791	5746.1004591982455	4.017435227114886	3830.9538759024035	153.7504405092895	478.4872344785762
197.75	9100.732457115926	22.17705078219252	1120.1281886182637	220.09644891552708	476.96000368533845	7547.574408305289	23.35915599529349	1908.4387896023436	373.20702587799036	476.8528034449126	6160.1186921475655	24.861770954740525	2618.3337409091105	506.4262564173816	473.15473783400694	1714.5963384144293	13.972773751127495	5461.073529762537	724.218514951362	470.37850866162694	5745.885179416296	4.011340095128913	3831.1605597900357	153.60898371928658	478.39631169833126
200.25	9100.813182871434	22.184231714283065	1120.1813160845413	220.10533898775995	476.85638107775185	7547.729902316545	23.393156255418877	1908.3361935112919	373.1536355279461	476.97374067986294	6160.286265174	24.844760102543336	2618.1783552035904	506.40039043514116	473.30757813921394	1714.564673856441	13.976623606400208	5461.270212976301	724.0138560352642	470.48249919878174	5745.720041947569	4.013288957578962	3831.564826897978	153.37575611222744	478.6592787884911
202.75	9100.752718298203	22.182758819756717	1120.1859973895744	220.07453955314892	476.7995477345299	7548.121021711788	23.354284392196593	1908.1205006083555	373.0833494541471	477.0046405581451	6160.23871250543	24.77135472657293	2618.0952925646834	506.3934549055563	473.474597617013	1714.5133401136904	13.969314966127003	5461.434241179828	723.8042688167096	470.6615126571992	5745.467197651703	4.014862829913345	3832.117671092197	153.11709121859028	478.5762747947638
205.25	9100.85151595794	22.165894103872443	1120.2556690380611	220.0563475400017	477.09561380211244	7548.196170692045	23.330072004138863	1908.0675136307261	373.06262755328333	477.1919414158687	6160.7321309081235	24.600724139563408	2617.732142854612	506.26620468672326	473.39462407727996	1714.4596946577753	13.969015065902422	5461.6102317195555	723.5920877525327	470.4942050241336	5745.539413613925	4.0028213289219465	3832.2631876887363	153.03516826668064	478.5499502836081
207.75	9100.806402470722	22.157483653622787	1120.2239921122782	220.07668840160983	477.04541642114646	7548.812129761147	23.168693387068764	1907.7160210628608	372.8918502918694	477.11879031287475	6161.514977857319	24.576022548786238	2617.1602874946866	506.061674290422	473.5163834459509	1714.538708286527	13.964000284817395	5461.772527532885	723.3821967908061	470.42331323984405	5745.2583815041835	3.9971068440268462	3832.4330389046877	152.9293758117644	478.5784151822176
210.25	9101.018332505537	22.167956238133772	1120.2220754017994	220.047036006487	477.0455193566178	7549.367476427296	23.267717116231967	1907.3854987099187	372.75167561648254	477.0354877637416	6162.304805357898	24.757744691653134	2616.7791559055327	505.85994477216525	473.39681873715733	1714.7195169737843	13.954361926895105	5461.870182152555	723.2013703008038	470.56778090735844	5744.918080530888	3.997234810349328	3832.7647391948794	152.76107960590326	478.60278682778755
212.75	9101.01219018265	22.16486285071313	1120.2182655309625	220.04281647820562	476.99772273481625	7549.483411111766	23.504991308052173	1907.2402121137306	372.684015998428	476.89646533311526	6162.385246649959	24.993969908837425	2616.806350866842	505.8909919811005	473.4347987466761	1714.8504774671649	13.955549198596591	5462.0254398706265	722.9963472775761	470.65687888389766	5744.7221819689485	3.9952760332909385	3833.1848507911486	152.59687813921107	478.655017666411
215.25	9100.96656174551	22.170569433355343	1120.1990504762914	220.02403921744306	476.956490106019	7548.610834436035	23.693026523517883	1907.664382394728	372.8418295376841	476.94971772887226	6162.132888265733	24.960638620761898	2616.9965751335485	506.0041178182627	473.3958724163431	1714.818111301817	13.953235029894511	5462.11037846156	722.7952880493762	470.7086339457592	5744.742908308134	3.994328506846998	3833.217192690595	152.53726990010315	478.43405364831034
217.75	9100.982601989688	22.181093547188212	1120.1475374556826	219.93583719587852	476.930032004212	7548.204886095442	23.49856070121795	1907.968473720452	372.9404814253741	477.16094239950826	6162.353351902814	24.848033915865425	2616.8918520472926	506.0320106732308	473.1965175489662	1714.8301704891492	13.94863402964816	5462.164835751767	722.5802426016552	470.72097448869926	5744.8287160365735	3.996547658290954	3833.205442264392	152.56447933469352	478.6638652051767
220.25	9101.057844944988	22.179936345835394	1120.1493322021204	219.9343465005438	476.79408548311085	7548.207852731575	23.40997638833914	1907.918089558459	372.95011498550275	477.3504069971178	6162.530373974233	24.845079166882392	2616.7508680001056	505.98713083532124	473.08474219418827	1714.8746247288727	13.944440344055673	5462.260607898982	722.3729990829307	470.9651253024826	5744.681743768503	4.000440386976318	3833.444343806894	152.47145848689956	478.6692836423717
222.75	9101.032060461735	22.1741603922908	1120.172716186318	219.90392092664263	476.9675615001373	7548.254736481584	23.397216455149756	1907.829086005383	372.9414860688066	477.400659858974	6162.7235991887665	24.83786864589193	2616.698060522874	505.94042966018645	473.09151424421316	1714.9441809254997	13.937396673771772	5462.4608111390835	722.1464841447727	471.13741884905403	5744.377221141807	3.9963446592641625	3833.7258578385618	152.33772865242364	478.64562386805557
225.25	9100.963385407476	22.17583242854695	1120.1579219319658	219.93449907586552	476.8923154471748	7548.413264797618	23.410603236100513	1907.8595270766714	372.9599839310797	477.4151735293097	6162.935748892285	24.854863864333584	2616.6197910278993	505.9035478627949	473.0632429157961	1715.067275873251	13.941678242659052	5462.5087785592805	721.9386362084358	471.24815246738626	5744.427908905835	3.991368487371145	3833.964445736136	152.25188980534466	478.59657980579857
227.75	9100.944425650634	22.183909464957413	1120.096925108347	219.9116352265141	476.723330266517	7548.426798897514	23.495059977721738	1907.9129544228247	372.98144515883655	477.2124061668994	6163.108077622646	24.91631856688519	2616.5769147697392	505.91206045030754	473.0191401226813	1715.1152856370786	13.937018631138228	5462.603503314107	721.7428394424145	471.22098977316944	5744.582546920033	3.987633163645493	3833.9781181600656	152.22999715274537	478.61079575230997
230.25	9100.795704598271	22.189226031624408	1120.0351995522308	219.9531025658901	476.74438680744134	7548.379594057209	23.493713503928095	1908.1189438936924	373.0642774749587	477.37504830130825	6162.9995268855155	24.9329947974716	2616.605440808639	505.933198843507	473.13626924256664	1715.245965488123	13.928185580240388	5462.72511246159	721.5642224885644	471.2239241167318	5744.558973799775	3.985515605363704	3833.7629492077713	152.26171953975438	478.61714558883614
232.75	9100.945301805263	22.18226907696911	1120.0241801348202	219.95129641068294	476.78892962446275	7548.534010349992	23.431822521299974	1908.084727962423	373.0326995482352	477.06945641240924	6162.874033743824	24.93906810590796	2616.6514407049576	505.9348624410191	473.1914752097879	1715.4183959493882	13.924649944336455	5462.863550697	721.3613499009789	471.286241425577	5744.504654345459	3.9860204476207444	3833.7086701486273	152.32533403595488	478.6130414309032
235.25	9100.949232613331	22.18585673502001	1119.9330601024349	219.94608771512696	476.7681672595672	7548.311225691377	23.510490727301395	1908.2422815155244	373.1234091207534	476.9559519117224	6162.636096201757	24.998126212799495	2616.933332691267	505.9920543989539	473.37033950635765	1715.626806905399	13.92427380048704	5463.072157036928	721.18302493066	471.0221762441037	5744.166780158004	3.9844723820047157	3833.890790828414	152.23057025625212	478.576838234302
237.75	9100.963455258538	22.181292596810135	1119.924540483832	219.94914830590164	476.87896784557336	7548.336875024822	23.628352521859593	1908.0489822260065	373.1067185816778	476.81377712058554	6162.4097063000645	24.79400104970432	2617.1575697905223	506.06613177650496	473.612735974982	1715.6337590695857	13.923550661630253	5463.193231236275	721.0440421522071	471.09662513170906	5744.238657397036	3.9852901771932534	3833.875625638312	152.23791226209187	478.6580594290701
240.25	9101.028119584598	22.167463263088653	1119.9194717870394	219.94425589004118	476.9369358008584	7547.396458622541	23.874223154000454	1908.5816688056075	373.34669343266023	476.794119905241	6163.227398514165	24.625262988454267	2616.5005186560693	505.836768464451	473.3135362406475	1715.7393205129274	13.914414173565172	5463.41151200539	720.8783257662216	471.17891208880343	5744.070584772305	3.9864215381443078	3834.0723755755707	152.12606515605825	478.7536416971085
242.75	9100.891076252381	22.17848011856576	1119.847417374997	219.9395230580876	476.8922196831762	7546.519661204114	23.86497662425761	1909.2731231316047	373.62592581949855	476.98573328169687	6162.74573817146	24.9662824248632	2616.83424398907	505.9865222680606	473.59853073275434	1715.7849523417617	13.904304812599513	5463.582076154283	720.699322758538	471.27978986417537	5743.826503436134	3.98661956247549	3834.358597471602	151.96495844593065	478.8050146861196
245.25	9100.870011771329	22.16453958392977	1119.976857727071	219.92230718685585	477.0222286144498	7545.465229485055	23.8581904030409	1909.9179511328957	373.8761442990583	477.12518438565576	6163.448824569582	24.519648305124488	2616.469893047919	505.8467281485479	473.4621212654105	1715.7775256145096	13.90319869867238	5463.663424216937	720.5404861669899	471.24019684226533	5743.674633879981	3.975194484472389	3834.5971842307627	151.8897050612501	478.7143613584089
247.75	9100.920350674282	22.169811633977226	1119.9296747104604	219.9373381137771	476.9489752089828	7544.376159327514	23.838273505452488	1910.666958862417	374.12982646241664	477.26023551862454	6163.44974509032	24.857278839232137	2616.386712614709	505.84744722575994	473.4912520051159	1715.7184932182597	13.904102488374809	5463.738718035632	720.3522097817951	471.2915043062858	5743.656563117081	3.972741942773904	3834.617921406898	151.8853938937961	478.6618356144026
250.25	9100.937718560728	22.175807233635084	1119.9091406653476	219.96895246873765	476.86319807265096	7543.527183887672	23.843748033125742	1911.2090061636252	374.3368766644387	477.23117167441643	6163.134051135239	24.759991863646512	2616.5126691902774	505.8921050345953	473.5543908287857	1715.7912481967696	13.901701855575068	5463.854896966826	720.1355315775457	471.09563192081316	5743.844396808303	3.9753631356397796	3834.0814857430123	152.1391730151973	478.3721575012737
252.75	9100.86951476081	22.179838478608577	1119.9142410565837	219.98382813343375	476.86433507539977	7542.899064018032	23.83841273528074	1911.8539945997632	374.5991492346792	477.33108359764185	6163.454954071198	24.529675316232495	2616.2072533492687	505.7869105774207	473.293419331032	1715.8592595778978	13.894542081355919	5463.898450928391	719.982922648063	471.1455914934615	5743.991415381751	3.974973305038955	3833.598069014818	152.38684427870385	478.48494336432924
255.25	9101.006700710834	22.178100011330496	1119.9090607949643	219.97234744747695	476.81767442246746	7542.26669994408	23.83808928424012	1912.3979417768264	374.7771490831011	477.4126120192746	6164.168780468095	24.717518238237627	2615.8662116160353	505.63905044083964	473.441943624097	1715.842810558816	13.898051891717097	5463.927747262983	719.7856254207088	470.7675567345764	5744.3868147852045	3.976872435942008	3832.7449524938397	152.78476392178538	477.8760588639856
257.75	9100.920826650014	22.175086601058666	1119.800507785942	219.9984893942958	476.83366343132826	7541.576479557324	23.824934470727726	1913.0275408839577	374.96900928211244	477.6148133474673	6163.298788295218	25.178665970070792	2616.330843695584	505.8108555532947	473.4271902400377	1715.9152219759799	13.89442555839335	5464.052450085899	719.6401486756372	470.73984546514555	5745.173659156696	3.9839727409069643	3831.509773772849	153.40165903582098	477.8645032634053
260.25	9100.88409817053	22.1734153471783	1119.788210908025	219.97214583979382	477.00612011983634	7540.922608899651	23.834865308138962	1913.5166578454682	375.1340146601781	477.43474593621596	6162.487566351623	25.181045788461844	2617.1460665566547	506.07520238803215	473.55583921943537	1715.6185170016442	13.886217913766036	5464.136426930354	719.5129632248954	470.74355975502345	5745.403797542217	3.982638888167956	3830.903843074581	153.7216932758164	478.10868138504406
262.75	9100.977297298336	22.155261191669513	1119.85459638597	219.924938589662	477.1972340779587	7540.220194723536	23.84672307769169	1914.0439403286464	375.31194704857586	477.19591937910354	6161.30105683185	24.846746467628563	2617.88160853212	506.31837911795304	473.43281886059884	1715.7798389996829	13.884418936178813	5464.20594892772	719.375079843888	470.6452853066586	5745.782704317432	3.988277827307618	3830.7374784087137	153.81124570342226	478.30040463608185
265.25	9100.967527072025	22.145995817493972	1119.8119362648736	219.9592149664773	477.2273852065757	7539.468507775437	23.840442488125166	1914.5747222709288	375.4539744831981	477.3144342732767	6162.2619795697965	24.032334432358727	2617.0209808826266	505.99060303472163	473.11455091493826	1715.9059205788615	13.882878694362573	5464.312149630781	719.2606553078797	470.71084368302417	5745.7093608952455	3.9822544840464986	3830.7899505204896	153.78222550284895	478.27264179107914
267.75	9100.930224718655	22.1378815291217	1119.912679482819	219.97183640868823	477.38687612828625	7538.712460982906	23.83788194172746	1915.0934202769756	375.5923667956743	477.41136757532314	6163.8060362969545	24.119474545736665	2615.8741228363533	505.58607032450584	473.10567628663233	1715.8984942397171	13.87727609623504	5464.381409883764	719.1184756660464	470.80381904553474	5745.7503111413625	3.979862221492623	3830.638521812877	153.84831162745166	478.05739989273496
270.25	9100.82111982508	22.14411257853575	1119.9104151189797	219.9986321108326	477.31992539996935	7538.018157475939	23.853687205241087	1915.5678227949572	375.7501961079211	477.1789404733479	6164.705308292723	24.35004226540324	2615.1199470164884	505.35847790709255	473.21185703698484	1715.919096151986	13.874542034623396	5464.47021019125	718.9675000007508	470.7851369206765	5745.938184662269	3.9793945806657254	3830.134953892744	154.0509378564809	478.0129903590283
272.75	9101.031309006332	22.142461612048102	1119.85900533003	219.94891628776844	477.23218505933716	7537.277802888024	23.858351825150002	1915.9559993222142	375.8894774241398	477.2072168183967	6165.564622175237	24.368293773128517	2614.5814920662083	505.2257109621624	473.17144910879637	1715.7981714659336	13.86949535738236	5464.617994969211	718.8292046723028	470.61754288084546	5746.0902142113	3.9748190270939876	3830.117230528129	154.09579251113547	478.3275574160197
275.25	9101.098661210584	22.149568347247758	1119.7643410129656	219.9396916376779	477.1783673067283	7536.579645445708	23.865640721377137	1916.3795288555664	375.98366538648565	477.11778557441124	6166.216698802398	24.35936401526402	2614.074335941431	505.0815704931366	473.2509347491242	1715.8876061019391	13.864132577643819	5464.700916828211	718.6846286038322	470.5909622767024	5745.9011791084795	3.9627680238461727	3830.4874468844378	153.92751076042762	478.43013192178233
277.75	9101.340330774688	22.164453142528405	1119.687668107644	219.95059603450628	477.0247860712494	7536.0013044485795	23.867571278380872	1916.7721075075413	376.1249146003764	477.0495318166179	6166.923074279166	24.366673961407713	2613.599899933364	504.9144109744578	473.2257178440187	1715.931377730964	13.854856690826391	5464.747638101109	718.5363729294075	470.602970215743	5745.628639422735	3.9551386065771865	3830.6952794623235	153.76399200935407	478.2823204733779
280.25	9101.521713156284	22.160271549585612	1119.6808059549899	219.9536117635154	477.09325833842615	7535.3416613455865	23.8840984139661	1917.1771702687192	376.27924911739865	476.7862731880338	6167.5832062499385	24.352114515913758	2613.141882525898	504.789000880459	473.3400598273541	1715.8473856299488	13.851397258885028	5464.796612053543	718.3785033807966	470.52713221630756	5745.834849024188	3.9567121406023062	3830.5411759505237	153.78911404603878	478.14004518256013
282.75	9101.481926596065	22.158069336952387	1119.6039291665606	219.93844779622444	477.05727751675175	7534.884937034003	23.889004653558693	1917.554910576781	376.39691359309677	476.83769533575867	6168.110473264258	24.47754985771836	2612.726293050107	504.6554389030069	473.0742000571499	1716.0828157096068	13.842242379391637	5464.8801112439205	718.1771620262118	470.5698189273452	5745.983214216103	3.9512462895015155	3830.3362865351173	153.85430356869438	478.2180344187599
285.25	9101.439986852803	22.156880995359657	1119.5833350014514	219.9501876031961	477.1698341163436	7534.489708925426	23.876729681512753	1918.0240685154013	376.48843708375296	477.024241538218	6167.966247228137	24.896250590583687	2612.910015938917	504.7231898039948	472.86434510121006	1716.1968523738544	13.840624333455017	5465.055633014211	718.0192147159225	470.5283690043326	5745.966136773615	3.950840838489687	3830.4215606985867	153.8107751814643	478.3666063329726
287.75	9101.40171356685	22.168453006869633	1119.5276761001858	219.95744378505498	477.0100028057695	7533.912064092964	23.875004181777488	1918.4406950879704	376.6127886961676	477.00470204293606	6166.65937155428	25.35771222344383	2613.7040092434618	505.046629472312	473.16772091843677	1716.2482800256387	13.839956910962028	5465.05899446481	717.8800156176897	470.66791688686635	5745.976836066445	3.966119954808325	3830.480265980177	153.76931199803408	478.2463052173991
290.25	9101.418712486186	22.169867440216095	1119.6103300074815	219.9313138122616	476.9757131987868	7533.45362045815	23.88096422804303	1918.8664265928405	376.69232503652466	476.98963383629535	6164.546123146156	25.21196105676121	2615.414018952526	505.6552090736559	473.25227475705907	1716.159170368496	13.842505297475174	5465.139302017505	717.7375912551279	470.6153530020675	5745.948471838816	3.9833233679439837	3830.597306527617	153.73112621017412	478.3693714462893
292.75	9101.409547853198	22.165583406987643	1119.6437679731541	219.94541827895733	477.0297474769506	7532.9018246299465	23.90490982359396	1919.1387430855902	376.78967049895095	476.6274057509468	6164.8159145331465	24.09199963092487	2615.0979145325155	505.5347141868485	473.2814859472987	1716.4518303200414	13.83569630294667	5465.272283681116	717.5736079430995	470.45057731621444	5745.736737779645	3.9796025432833297	3830.8858191868676	153.6034387443585	478.2588452653766
295.25	9101.610875520866	22.165459899577204	1119.5714489360214	219.95108272897141	476.9250953250114	7532.452577560425	23.90916016104436	1919.5089529370332	376.9261392044927	476.651395801191	6166.002716335251	24.30338102332446	2614.1975711873597	505.20770858637144	472.982155687748	1716.3506640034027	13.827624944754245	5465.320626228479	717.4475148632323	470.6081906801628	5745.91629255512	3.9695052196455274	3830.326127699235	153.90444097002427	477.9183604978457
297.75	9101.498845999244	22.17866066063786	1119.5943021605547	219.9346732393952	476.8139567884872	7531.960568233159	23.888501637273205	1919.9396008823337	377.00277833806	476.91082696672333	6165.531600552155	24.94116631056832	2614.2710611404996	505.29611936308805	472.9150383166246	1716.5549061171032	13.826198414474979	5465.345227764474	717.2965589381164	470.6843976658568	5746.149704964594	3.9724602869399197	3830.1938454751216	153.97668900103218	478.4149251261968
300.25	9101.503617619197	22.17156328726254	1119.5814606131316	219.93900175847165	476.946397017864	7531.523628272228	23.90762192030749	1920.251731261131	377.0945362476983	476.6320722101022	6164.2234632586815	25.041939298523367	2615.143360529189	505.620989729594	473.32712518014444	1716.6575090724036	13.822144179109168	5465.396647619697	717.2203587857098	470.5067213122412	5746.044271152458	3.9765844242134776	3830.6073641642647	153.76512237276566	478.40814040251496
302.75	9101.585361356438	22.176529685781187	1119.6021658145057	219.93436347686034	476.87781871506803	7531.303697967001	23.8998405707413	1920.5302829968375	377.153994617491	476.72553585331514	6163.5971289085555	24.753321176773824	2615.746616328417	505.7935418688364	473.3935615174443	1716.943422400989	13.826899517098601	5465.504578355164	717.1207492935632	470.31564663138863	5745.850362061736	3.980222115489269	3830.6696886111736	153.74781252297657	478.16600318844866
305.25	9101.626711655967	22.178576192905233	1119.5575260841933	219.92109305560243	476.81330296959925	7530.903021139363	23.89140956839601	1920.8453316787839	377.2572662720196	476.92323331638613	6163.386131024041	24.60133635219515	2615.9138556716566	505.8002904893169	473.2247607816236	1717.189243817499	13.824468879371981	5465.612223780665	716.969083957084	470.371105022546	5746.226181889913	3.9839023318949307	3830.2117047370543	153.93468133072565	478.0326519356506
307.75	9101.757879775494	22.186609964475306	1119.6130052083076	219.93442169049408	476.78401926955746	7530.479335310407	23.876439331479283	1921.101573794667	377.2929901952404	477.042113827667	6163.2909947845765	24.597191818028183	2615.900424980976	505.7910154140618	473.2754809210125	1717.3171249605628	13.825380300869146	5465.725272090637	716.8618451862502	470.2003835040246	5746.421255592254	3.985809638072845	3829.8811516392348	154.1260002179706	478.10100282972456
310.25	9101.696545234248	22.173358952218223	1119.701085407877	219.96051586106142	477.00257216992867	7530.27085330998	23.891898130197767	1921.3245235663985	377.40924232341973	476.7939416452823	6163.086205224085	24.580584196311246	2615.845379744421	505.8209797391128	473.3447875165929	1717.3694885366303	13.820869452223876	5465.840398987519	716.7430921854285	470.22099163404863	5746.1067998774515	3.978310780423779	3830.1963351942745	153.9529647070193	478.49658933792176
312.75	9101.619269031862	22.169485660533393	1119.7533474083418	219.9461825023861	476.89109137394416	7529.9749198953505	23.907364477014987	1921.5100600442763	377.51154900189584	476.7133935358792	6163.018023458617	24.5521895330608	2615.821967033279	505.7741939473978	473.27397258624586	1717.5244116912365	13.812479303444231	5465.9568514104785	716.6248318983921	470.21926331683204	5746.197337538227	3.9780581091969602	3830.1765480552976	153.8998589884686	478.0123547063081
315.25	9101.359887587565	22.173846433653697	1119.7224401144924	219.94865756809463	476.8784129524554	7529.671293264396	23.878822537081508	1921.9136701616007	377.57535987874036	477.16091449952074	6163.272429003816	24.555185643273628	2615.846934837221	505.73589588350245	472.98387995097636	1717.5596520336774	13.814036057734322	5466.106159682114	716.4752961667541	470.1560687858887	5746.494554850758	3.9802959459836202	3829.802998958238	154.07775218592337	478.1559151241593
317.75	9101.371282932832	22.175088368111382	1119.8293879498085	219.956332217342	476.9532704590164	7529.311908475418	23.896625084049106	1922.2473605533605	377.638661893953	476.84157381950774	6163.113549802431	24.5561401896538	2615.811430243395	505.7067216772286	473.07522916457543	1717.627183472393	13.812266756580605	5466.243186640206	716.3764435687563	470.38289569993213	5746.498694288481	3.9765913067009206	3829.995802314214	153.9859368993873	478.4405547993417
320.25	9101.400756791476	22.165047250863186	1119.8244960912618	219.9619501950365	477.025413459325	7528.8749123913585	23.884829803292323	1922.5079153130116	377.6937968833832	477.0225596794062	6163.020346769119	24.552156691503082	2615.8169410812584	505.69180717448387	473.04361404176234	1717.83977047219	13.80751388581374	5466.324146995554	716.2505171148399	470.3590308728362	5746.273728034117	3.9768260726089446	3830.4177390367204	153.75358057117205	478.403939509865
322.75	9101.359451907201	22.154875755881115	1119.7854704400088	219.95861100293047	477.1679922535943	7528.580149035855	23.884591171314497	1922.774242627325	377.74347638070157	476.85473515724414	6163.051365330906	24.529043481899514	2615.8307493555926	505.66422301470277	473.30345548402653	1717.770146482571	13.798395915123582	5466.368008088219	716.1093578620406	470.35683927377846	5746.008323022459	3.9722035625989984	3830.777094256537	153.59260934677386	478.39398609185685
325.25	9101.317948990192	22.155935543508676	1119.8767926733296	219.9663482476962	477.08281311263926	7528.336443904562	23.88802389914691	1923.039255425378	377.81859728195866	476.9504950828201	6163.123388267252	24.540917246891354	2615.8023938798633	505.6444348671565	473.09661799581	1717.5374005377373	13.784869946835656	5466.464961174734	716.0069742499163	470.53528804495903	5746.178632919354	3.9646537454778037	3830.3655013790453	153.78832493041287	477.90900610677494
327.75	9101.355898170845	22.161435037418357	1119.9297044059533	219.94240012360092	476.9792307307273	7527.973650854539	23.894483586293482	1923.1939134214865	377.84309063269677	476.79162892041103	6163.268349006416	24.550286179095593	2615.770696629595	505.5718665574014	472.97335466674446	1717.5210923553245	13.782281768021946	5466.546615191244	715.893528702671	470.6007053908059	5746.459675292423	3.9656333804343036	3829.916342472162	153.92383461568465	478.155439585707
330.25	9101.285258485674	22.163598020338974	1119.9346240562106	219.99569021493937	476.9885620917988	7527.686080747388	23.892243174729682	1923.395624636638	377.8770218112417	476.9109868326679	6163.319619790955	24.562964757129187	2615.7912706770526	505.556434557207	472.93518635275484	1717.781400474344	13.781451328206812	5466.571954319978	715.793002905084	470.49830398172156	5746.69367233186	3.9634782853296726	3829.806700254674	153.97415141777432	478.1645662688415
332.75	9101.066350252222	22.17381873760975	1119.8511668597912	219.96932852769658	476.9068008517547	7527.482295675591	23.8901091475264	1923.5909810102087	377.90142110604285	476.94165635147385	6163.223600857004	24.592113545022954	2615.8218412196484	505.56505328355394	472.9595381824484	1717.7696381693202	13.771638575349472	5466.6497581999965	715.6762149063787	470.4768906182887	5746.811079503519	3.9718677889126206	3829.7735621711804	153.99860283079357	478.1679923728351
335.25	9101.414819339036	22.172781778764246	1119.8008730235442	219.9660838779599	476.8966565500677	7527.357755024409	23.913037401724885	1923.7531906965082	377.95826170857526	476.6431652448748	6163.143555783246	24.574071982537895	2615.966420450898	505.5580896251087	472.95518651049196	1717.8092351332896	13.772951822487272	5466.68865320868	715.5426095157657	470.61874515818374	5746.55530452319	3.9670861070069074	3829.9137956401732	153.89146318722305	478.3750938106517
337.75	9101.569708027724	22.175960398412748	1119.71865379596	219.96917571203156	476.8977969238256	7527.167183117367	23.915852313782867	1923.947306496476	377.99548267910154	476.6635522840462	6163.05618930808	24.491841001643568	2615.9823595224952	505.51316231019484	473.04164127848406	1717.7460000354115	13.762194624392883	5466.742906166362	715.4168916039064	470.55134058507184	5746.544615215974	3.963644515963923	3830.1200665667343	153.70691778568127	478.2863814011759
340.25	9101.536448430876	22.17999371646572	1119.7313316264795	219.93431333405786	476.8407148254102	7527.054939697725	23.898415237894266	1924.0743106915093	378.05392607551556	476.98614625088055	6163.22047641961	24.496578535215107	2615.918230503132	505.4924354490557	473.0036651939699	1717.8218055780715	13.754359139550946	5466.822036524238	715.3258089478627	470.4160189495648	5746.566008183932	3.9697277040297476	3830.1697299947646	153.6577278124703	478.2561654308379
342.75	9101.715293835867	22.181983899480592	1119.7260452339249	219.9494300303289	476.79975725258623	7527.009997917708	23.882779891107766	1924.2852508682906	378.12213392915703	477.0077890079641	6163.28185478459	24.498489659930684	2615.8711439644167	505.49086004726314	473.0013826518921	1717.8482465468117	13.757978210221916	5466.90457905988	715.1974312654941	470.5557364599832	5746.8087258580335	3.968052074790665	3829.9492932725752	153.75927643926926	478.17189996540964
345.25	9101.851439299997	22.168480315762437	1119.710974478665	219.95557285120418	476.9857036159363	7526.857474543162	23.927486555644524	1924.4756658524648	378.1602865016875	476.3656570127249	6163.4366965144845	24.471461347573207	2615.80293650076	505.4612748159337	473.2743936650105	1717.9475378314924	13.762532057604304	5466.846546693689	715.0873300740933	470.4932748142672	5746.810610541028	3.9692955113081227	3829.596984436808	153.9301977573424	478.00344843655074
347.75	9101.889469770158	22.16854965929216	1119.6686044095165	219.96960306491474	477.0195286392729	7526.528997300694	23.921415687756223	1924.7335799405812	378.2043120002722	476.5968225182091	6163.671791315441	24.46737566229933	2615.7897713195125	505.43299672449456	473.3352746269905	1718.0437991384392	13.763553825427193	5466.88415403882	714.9638632523751	470.5768251576808	5746.765151090289	3.9712642453903504	3829.4098986145464	153.99877400078316	478.3346369223329
350.25	9102.058111904687	22.15580601119664	1119.6524726355744	219.95177530151383	477.1502869837451	7526.131743208373	23.905493041041037	1924.8373849532784	378.23854238170975	476.8223287717131	6163.777411171029	24.46796413740616	2615.737533225345	505.41117661154755	473.1861330261932	1718.1171746363993	13.756608279795111	5466.9778993807195	714.8446794932282	470.68077715432247	5746.841172566923	3.973285572073263	3829.598926139344	153.91953025245311	478.1870583318786
352.75	9102.227145706656	22.152759577696436	1119.655397051609	219.95943757115026	477.141186537046	7525.976928932004	23.906655526039057	1925.007638948559	378.2585302141844	476.74061003574695	6163.912942855591	24.481724864041276	2615.6773158093833	505.3795662189271	473.04062886913886	1718.0957003338085	13.756429740001085	5466.985477938213	714.7615180833411	470.78016699328094	5746.864662308912	3.9780145295560922	3829.6649757052223	153.8661886866393	478.3454903600964
355.25	9102.26537714066	22.1546653460676	1119.638257584818	219.94226873568692	477.11601860964856	7526.215139233907	23.894401428873593	1925.2022243003048	378.295704755699	476.9460924537852	6164.001785039354	24.65994657934982	2615.7289693150315	505.32411840087195	472.8308636298579	1718.1540795676228	13.75273581596262	5467.0601508975515	714.6386178416248	470.8415574878826	5746.667622701689	3.9793613910521257	3829.7681751841137	153.80461281735353	478.17692987901444
357.75	9102.369886495777	22.161597244206742	1119.683372708886	219.97762633785035	477.09240245338685	7525.829470914248	23.868146795281003	1925.3072703304301	378.3208299090031	477.2733588423657	6163.349495467424	24.900159402392568	2616.465127461354	505.5632174560592	472.851516195097	1718.1619508170154	13.754201023101054	5467.025520639792	714.5093172183002	470.6493530641942	5746.6690865629125	3.9807650369894594	3829.7533729491693	153.76330708996775	478.3095922471039
360.25	9102.142176089465	22.157022418286136	1119.6560924666053	219.97220241102224	477.22145748178986	7525.767055621324	23.875465153711026	1925.4750060700042	378.3250100215315	477.08372389359005	6162.939958808172	24.42007717712827	2616.6246566690997	505.65736460285177	473.0654766237483	1718.2688241282917	13.756031984372445	5467.056970016912	714.3796704024431	470.6196848283216	5746.665775110126	3.9856421767863086	3830.021989097429	153.6464415485855	478.4172400321386
362.75	9102.324006672425	22.166134634482873	1119.6175188047978	219.97236547669002	476.97081302936255	7525.8146442450525	23.884570248329684	1925.6251642287905	378.3377620434493	477.00356541328534	6163.5495246664295	24.276439679518067	2616.176623262581	505.43876669045795	472.8915373298899	1718.4405740937323	13.754393384007034	5467.125531828222	714.32158551297	470.59155043622275	5746.75053051773	3.9803598114745617	3830.2487448990637	153.5219069337669	478.33731536378286
365.25	9102.273320328239	22.161101860516947	1119.6584179458655	219.96704799125044	477.1393330928119	7525.775310119991	23.878387777513474	1925.7706392769685	378.3570920657863	477.1784329864829	6163.3894796619325	24.660510173981855	2616.3383448228597	505.4600483837649	472.94114885280317	1718.4023857739867	13.74862121761279	5467.16516281305	714.1925460809367	470.53780790249544	5746.5929635634975	3.9744513515259956	3830.1390943737692	153.56485709548718	478.31042213873667
367.75	9102.138495382495	22.160455174387685	1119.6577420172773	219.96048669962406	477.0460924821637	7525.654213117458	23.892443096879536	1925.833267131197	378.37981544122016	476.7352319238254	6163.344935997719	24.50941316665674	2616.3953505357276	505.5074003835585	473.0725491229272	1718.4707420919194	13.750530323895164	5467.364569482567	714.113816221019	470.590294036425	5746.484077672041	3.9810215471448815	3830.2879102865777	153.47062187064722	478.38754584554937
370.25	9102.124810867406	22.15445646094266	1119.7072524552923	219.95108411966908	477.1810120568487	7525.563027321923	23.899184172555415	1925.9615015814534	378.3987157621426	476.9007873474737	6163.4461156257985	24.55698702730303	2616.3526940617703	505.473122440592	472.69250003536274	1718.5779938392932	13.74716819512796	5467.41942948667	714.0308047867278	470.6955000036405	5746.434542251086	3.964725185676126	3830.4200511325826	153.39930756374318	478.36348835988525
372.75	9102.03067355804	22.148293021569728	1119.7536677751143	219.95837823390792	477.23071090409144	7525.26422998618	23.88631116719778	1926.0438547528342	378.4410720035426	477.0518620402429	6163.2496755839975	24.6990157684606	2616.523648423504	505.55388189469295	472.6625742055031	1718.5135788087684	13.736955326525441	5467.460238114841	713.9041504077835	470.81501792994703	5746.380087145762	3.9685578400421178	3830.3846535999505	153.4226632884582	478.2278532673999
375.25	9101.784627097728	22.15589272635593	1119.6905358008553	219.95388843590925	477.18112388525253	7525.214936986685	23.90059887978936	1926.1936191093046	378.46590653237155	476.7681296229034	6162.907230845536	24.69188900439275	2616.732424402198	505.6505331950665	472.88023628380955	1718.485240529909	13.724467725662205	5467.6294079085455	713.8266441685398	470.76827816457387	5746.404791597164	3.971861988551981	3830.2846952747864	153.50516496938107	478.31803233721126
377.75	9101.746031237099	22.164249103901128	1119.737099722868	219.9215486057215	476.89813993672294	7525.006050980975	23.89120243537562	1926.3428977498124	378.49634105725596	476.9897458744918	6162.436595534133	24.696958145241986	2617.0473120835713	505.71429427641436	472.8278576203049	1718.7212413189554	13.721056813630508	5467.7047127085625	713.7285344308553	470.57381284479953	5746.276921495874	3.970486164533249	3830.4705468842017	153.4677555239331	478.4107382751385
380.25	9101.64147368622	22.163472246969288	1119.7413434911657	219.90448294814956	477.04536600631667	7525.042365395224	23.908992985428142	1926.4131905894926	378.4971455679475	476.6703968444126	6162.002299667917	24.49272844405142	2617.3227762872802	505.7821918660488	473.044606177762	1718.7248895045484	13.710006732021235	5467.666101192554	713.6442595866667	470.60809223059346	5746.034031111481	3.972314623522054	3830.7328415429647	153.39522820995776	478.3547002096013
382.75	9101.813969020497	22.17733736866643	1119.6795938157327	219.87721062179537	476.7267917141772	7524.995751991781	23.913681239293922	1926.4957227147677	378.5501174019064	476.7907016558847	6162.713714663226	24.25206268304261	2616.711559736147	505.55944829331554	473.0129483226585	1718.7254493768173	13.704225872958824	5467.634870423582	713.5445014310686	470.5101409701577	5746.104643218705	3.9701987620762913	3830.483591739351	153.553028907584	478.07069280446973
385.25	9101.73017179563	22.173614355867784	1119.6593098848575	219.92374147661567	476.9803054120175	7524.942312387485	23.893686740291155	1926.6016113391643	378.58606917485264	476.8939035248065	6162.431568108233	24.63541557644139	2616.8986372115414	505.5935838364442	473.022130113815	1718.8553735849878	13.69962446342335	5467.696300543852	713.4821895826532	470.36597822502523	5746.325610585817	3.9734884503762062	3830.016470003727	153.80581780196326	478.0936837145965
387.75	9101.8162471659	22.169345949275602	1119.709130366377	219.89444315772968	477.05610894384114	7524.9168492252575	23.921514412919752	1926.7034241484569	378.6159566405691	476.572523618742	6162.656207773342	24.316417035422077	2616.8708863285533	505.5499604123224	473.0493736684927	1718.8858939859033	13.699104548079571	5467.7409224469575	713.3930964817164	470.28302927563345	5746.319595110823	3.9673853523040905	3830.0622322991	153.8036969287614	478.4356256976871
390.25	9101.70529903357	22.15787302673058	1119.6401825501048	219.9402347899876	477.1779380494977	7524.893409032186	23.901936972472512	1926.8277251979005	378.63272643174156	476.9263533214472	6163.2595676044375	24.44768907862871	2616.4259187539255	505.3198112662621	472.7636463795696	1718.9597342937934	13.691477247338122	5467.81725972922	713.3039064674264	470.3904937481306	5746.047788275863	3.963195899167701	3830.4898738775023	153.59584050831995	478.54274106296015
392.75	9101.73240456638	22.143876414020287	1119.6373068272214	219.9344092745559	477.3105107588969	7524.6598032033835	23.87643784540274	1926.9012952272253	378.6558930095457	477.10920770052127	6162.492962745829	24.965598740207565	2616.994507455976	505.50426979055936	472.74490477691717	1718.8873133940995	13.687026227450502	5467.8738129176	713.1870108167179	470.2609921690057	5746.130289891209	3.9691092499481004	3830.318486591689	153.7377478842626	477.98684621894876
395.25	9101.755036384593	22.153709999128314	1119.6001870239431	219.96835298414265	477.15556336151286	7524.63814416456	23.89729869202841	1927.0756897649565	378.6375072342274	476.77437740192505	6161.586239898592	24.831435908525986	2617.525579853826	505.7080535897735	472.6552012250381	1718.9170179682199	13.680171575709927	5467.901343553182	713.1299697060376	470.518770350662	5746.178242037794	3.9699044178240763	3830.288687128916	153.7745126961998	478.3779168682838
397.75	9101.693792911628	22.15475155110871	1119.5502894558524	219.9887730279846	477.2121868125294	7524.400271142173	23.890604965181	1927.1998149848027	378.6394901581811	476.9323974838735	6160.827210613737	24.82966837425136	2617.9813875501513	505.88806183204525	472.6872978332685	1718.9083870225434	13.681834669006257	5467.964599356179	713.0572565105102	470.51001159026225	5746.074873174264	3.9725586397707575	3830.2020658947413	153.80115197140802	478.226518537599
400.25	9101.506235759734	22.152765836819878	1119.520650736475	220.00374013480223	477.1884940027991	7524.382046670771	23.908405922100606	1927.2403085082174	378.6403016299068	476.56890669672066	6160.229562044232	24.749812846767245	2618.496215911065	506.0539080978339	472.81249428708975	1718.919823297866	13.676603004551435	5468.055913121645	712.9249372358313	470.23161639093263	5745.958284149601	3.9797614386692315	3830.2512815680384	153.72919672651332	478.36021349843514
402.75	9101.316721909496	22.158691243499874	1119.5324617961585	219.99295939515721	477.1204784267561	7524.419340798822	23.919165475501813	1927.3588494982437	378.6367311440276	476.57920050234895	6160.2252531999575	24.584932470748576	2618.6338745251446	506.1056033344744	472.6833107970266	1718.8812957401658	13.672181148172976	5468.207785413327	712.8923414970576	470.3126804986243	5745.859353764728	3.9810516527075634	3830.4819178734374	153.64770032463645	478.27450837009854
405.25	9101.364666593254	22.16394744884549	1119.5020960140312	219.98454869903142	477.07872257455745	7524.154171646239	23.918159018455803	1927.4254450484086	378.65940274699005	476.66631731522597	6160.312858987659	24.57399723862284	2618.647302450738	506.073025944929	472.73563106795564	1718.883792464755	13.675002394754033	5468.283954044911	712.7634425649778	470.33863573347963	5745.876603678353	3.9731658058465533	3830.408434020616	153.7338274754374	478.1338974353524
407.75	9101.223760742769	22.16075313610258	1119.5171315058976	220.00104857776424	477.1634979067862	7524.0573376983175	23.90994626124202	1927.5340183446472	378.7065134188242	476.84294671647115	6160.438843362711	24.59327985815084	2618.656046512171	506.02563441147765	472.3861088284422	1718.805942796773	13.668550082431814	5468.31909922741	712.6423615029901	470.2003484953068	5746.037083362631	3.977328733146023	3830.1684411777637	153.82019568275643	478.2100322836145
410.25	9101.228091897832	22.145931489351522	1119.5585443909001	219.9849451882227	477.26186721816487	7523.815739885112	23.889321359503604	1927.6449064213605	378.72851331596956	476.9394581016198	6160.250295918168	24.593661285727727	2618.742252077969	506.03448749035005	472.45127551599944	1718.9568902117921	13.672279666969967	5468.393848273431	712.5812984447123	470.1861405290649	5746.068660167298	3.9775917236079357	3830.1213781930164	153.82489116317868	478.21853920660953
412.75	9101.323883280656	22.145169624011398	1119.6001217295448	219.97616893519688	477.238421506471	7523.779189741021	23.923745868993535	1927.7566454276023	378.76674326977593	476.50452153749586	6160.394125122325	24.602539096297505	2618.9025345424257	506.024604720049	472.32862063205823	1718.687105170538	13.667584358187108	5468.4139442560745	712.5283452126271	470.15999924658735	5746.210306326749	3.9719883102142495	3830.028527320531	153.82221597910697	478.21162528970274
415.25	9101.221750888522	22.15849206185207	1119.5555577158011	219.9813796845986	477.12731924811396	7523.676689207912	23.92622197846709	1927.8138017237782	378.72917902869597	476.5112219301111	6160.429254623876	24.618452876894963	2618.831088868028	506.042343124731	472.2454075073059	1718.5944277487038	13.665840182189875	5468.535185257589	712.4265352520396	470.26875249325235	5746.2497647146365	3.9673081213539247	3829.9873792736266	153.85221201101058	478.2224229239039
417.75	9101.054290014834	22.16055473710299	1119.6193620635609	219.9462424922751	477.11780143046093	7523.346247883223	23.916828532405166	1927.8410044186894	378.76128183749154	476.69753419640733	6160.521612735381	24.61836980519386	2618.8962258885995	506.03080106754595	472.13721783613727	1718.8365449282114	13.665189395034695	5468.58414068536	712.3443380475438	470.3970498774689	5746.137243297665	3.96760336096423	3829.996627030928	153.8475195684329	478.2384311854479
420.25	9101.228589324426	22.16525179180794	1119.5540289996566	219.97011568040966	477.08006909873257	7523.278534071312	23.901702215170506	1927.8815605183752	378.8155697953486	476.9072470007501	6160.489536071776	24.62922733993376	2618.966386868005	506.07841089706204	472.0612208512653	1719.0801186904582	13.66197321029493	5468.655730622192	712.3077333334761	470.4902323411828	5746.280944335276	3.9755048849355834	3829.8942847794474	153.88208607938384	478.26676747551846
422.75	9101.129085653292	22.169852955562273	1119.6177872925307	220.00086024869233	476.95156895573234	7523.366650785217	23.887728502526706	1927.8656438881674	378.8450038301399	477.05671990284435	6160.326917119525	24.639984296327405	2619.0183735606793	506.0959084074083	471.9854951798038	1718.9097556373627	13.664250314776117	5468.758350281817	712.2474277530524	470.5815801621381	5746.311906782276	3.9718062880704164	3829.938368116691	153.87531155366224	478.2204983460908
425.25	9101.287319754101	22.16171171227067	1119.6145098782324	219.9955590996152	477.06460484956347	7523.454718197985	23.8974569563836	1927.8634940900288	378.81435504621965	476.8354820847885	6160.373807104864	24.628652676773044	2619.072317208239	506.1389188958237	472.0483763699676	1718.979098544559	13.65828803750957	5468.745218337539	712.1730694628149	470.8641696496923	5746.193262157555	3.969450305723593	3830.029674463249	153.812712695097	478.2947892782244
427.75	9101.282990189226	22.165399562532087	1119.694757637482	219.9688623380172	477.0837839317382	7523.221295376874	23.899075964813594	1927.8948414763076	378.8534419146038	476.91579054391775	6160.381718655709	24.650724037299952	2619.079153709978	506.1138767696705	471.8126504880752	1718.9840026410695	13.65825706697667	5468.7427212679395	712.105276987984	470.85339978761374	5745.8984912385495	3.9736169082793498	3830.2098188094023	153.72698004976746	478.32806737577
430.25	9101.16800044444	22.15736932286578	1119.6445785065691	219.96107483028663	477.25114462165624	7523.167251758734	23.90719303697845	1927.9298961645209	378.8718542071655	476.66942781537887	6160.256047658154	24.630290867463707	2619.126076389356	506.1042789060884	472.18975229093377	1718.814245156168	13.656679265609178	5468.80597807257	712.0600970945535	470.8142815591187	5745.688387726361	3.972494720858176	3830.530818821415	153.55968379407224	478.3385015518175
432.75	9101.159381113237	22.14309942194651	1119.7187333152563	219.97245202772712	477.33652371873404	7523.06617877191	23.892778309955887	1927.9842436288482	378.89247432415897	477.06174979892626	6160.168235727317	24.627796395338063	2619.1746376095784	506.1397905456386	472.0930869666599	1718.7590634925764	13.656575180015512	5468.786342062041	711.9697762948715	470.75224747967985	5745.958388531503	3.9763039699547362	3830.126645827809	153.76088173149134	478.01876813713426
435.25	9101.104269239573	22.129312442603936	1119.7999363217182	220.0035737236193	477.5419123033966	7522.895563910886	23.9074518573346	1928.0936389344763	378.86356132564555	476.7174327041426	6160.1281188758985	24.603545070797914	2619.1849121078913	506.1410851414161	472.433768427032	1718.8730824900038	13.653693079305718	5468.860602370897	711.8834259837341	470.8584627649449	5745.814392334097	3.9739146965702097	3830.0691907175324	153.80960349026242	478.3510628824593
437.75	9101.172273517377	22.13276683014657	1119.8604932415717	219.98532287389642	477.4070348613339	7522.713909035608	23.909252176463003	1928.173948249701	378.87265882207606	476.76011322194466	6160.204858309961	24.611770330453112	2619.146256652016	506.13421853595537	472.2435315116346	1718.8290240700687	13.648371301041758	5468.920842335429	711.8073692242123	470.76376516802446	5745.774698828279	3.9669592788707164	3830.3801073861746	153.65903131045286	478.3890330670232
440.25	9101.214745461857	22.135944393653716	1119.9165290213502	219.98907528120196	477.48302801981015	7522.7490968674865	23.892151113503953	1928.155945333088	378.8628615464926	476.95128614813484	6160.083923602886	24.615741628638304	2619.1998348533916	506.1291082333524	472.35124663600664	1718.954620258762	13.65137423226126	5468.96806966569	711.732291111398	470.63108468104497	5745.901422505471	3.9659647544568224	3830.611751229283	153.62841698139093	478.2980806255197
442.75	9101.26408782781	22.12758137372954	1119.985572989041	219.98991376317446	477.51573523555965	7522.618219339045	23.924480876727404	1928.2579484247342	378.8878493506877	476.39456825302074	6159.946419784761	24.59786811131048	2619.3359457422875	506.16483623768795	472.5809777799237	1719.1467895034775	13.651581552352317	5469.016304570872	711.6869956202681	470.7006016933266	5745.911302974208	3.962133182343578	3830.565397740806	153.66363209523865	478.30093849522825
445.25	9101.28665599843	22.138453831497284	1119.9953470254093	219.97560234526617	477.3939032428351	7522.589093047975	23.927830065355256	1928.3410722574636	378.8955451928437	476.4812748421137	6159.985519562771	24.609451427705	2619.3576725707694	506.1975338510722	472.1250213163013	1719.1842168452265	13.652759444366849	5469.063755935662	711.5821813551044	470.7024387053127	5746.099374448485	3.9656149565960526	3830.641260066502	153.61994116553097	478.26824316211844
447.75	9101.358434193962	22.128719438117027	1119.93732574292	219.97335766759954	477.5687453469094	7522.423409332529	23.935516591715793	1928.3910064371214	378.9246577285427	476.44955402603904	6160.1925902450075	24.6319476290938	2619.3437376855095	506.18295954369717	471.9805676481831	1719.0874393052861	13.647185695730581	5469.190062186804	711.5067978237925	470.7564856239072	5746.1502197807795	3.9657878458786926	3830.7547550630884	153.5653308243102	478.3969233183948
450.25	9101.200338028231	22.116882494994286	1119.8511761096872	220.00352165126645	477.67944166232	7522.336273608235	23.923111167581038	1928.4678527074443	378.9092269676269	476.62840493428195	6160.233165956458	24.637205899683934	2619.3840920494767	506.1678042219903	471.8683067210377	1719.2981466086333	13.645194250798076	5469.203808693278	711.418788521389	470.7565116725182	5746.456388170968	3.969387066268208	3830.433946702406	153.70748707706076	477.93021714690184
452.75	9101.26621293215	22.116834541230325	1119.8888195193565	219.9874230925448	477.6492965936305	7522.328999883483	23.906477345261756	1928.565954945386	378.93533424093755	476.78390243710123	6160.292584085984	24.646620478142587	2619.4218866601423	506.1611808425341	471.91098674492946	1719.196537263162	13.642644633145046	5469.213102690244	711.3310827036912	470.79782163599936	5746.8050273052195	3.9703723096383747	3829.947792330808	153.99220383833648	478.0245478281462
455.25	9101.574189367166	22.13422976700647	1119.8972036447312	219.9461595505065	477.54668286464783	7522.09546953596	23.906285975791633	1928.5931326481668	378.94193611872254	476.8283822923556	6160.191828184296	24.649618293070592	2619.4958670965175	506.1771002385766	471.82431796232754	1719.0953194078047	13.648535295865624	5469.2401104675855	711.3169112313113	470.5344523160049	5746.603422051156	3.9704216260512877	3830.247732575419	153.84143097433397	478.6264101026978
457.75	9101.60096111992	22.132053862862687	1119.9361262338068	219.95626011737477	477.4473246064389	7522.045221956235	23.905186879920834	1928.5870259512403	378.95266537851404	476.858485429996	6160.091278913937	24.645199745086376	2619.580199309941	506.15784444950873	471.87028961700474	1718.9572566470786	13.647142044754345	5469.267238875717	711.2764939786433	470.4039134284991	5746.395646697397	3.9760334043882724	3830.7836042981658	153.60355980020938	478.3031040379222
460.25	9101.676816829498	22.139258695549287	1119.9116472271328	219.94513468517346	477.42975672997903	7521.83104477296	23.870919658785898	1928.5809646172925	378.9882580152319	477.2789408327662	6159.938604588032	24.64035853894888	2619.641875065763	506.14862800577947	471.964462162657	1719.0159079111827	13.646319444287302	5469.356825660383	711.2191260080268	470.4310917876525	5746.473598585835	3.9788384470738625	3830.530047901549	153.72656513743806	478.14728083116194
462.75	9101.8013247675	22.132583934070748	1119.9751523333084	219.9538446227416	477.52202024394006	7521.882617792273	23.899848934137648	1928.5493466292037	379.0049015943637	476.91137313654093	6159.67334300076	24.623939086151058	2619.7389716972666	506.1211288898416	472.1259942394352	1719.112571856196	13.647881754797625	5469.51523497193	711.1504218432991	470.35734367528875	5746.457128512065	3.9835912164911553	3830.307878874092	153.79776453614463	478.2116251916396
465.25	9101.523148298083	22.139481764586296	1119.9109975170122	219.9655375918776	477.34217401483426	7522.103503990357	23.88736510165407	1928.5955798537932	378.9842348371765	477.0380207196771	6159.603757186372	24.633314594594165	2619.8854790950295	506.11303057452255	471.93010114567863	1719.2132369345338	13.64759032845527	5469.622749846514	711.0392771201035	470.42105012406137	5746.513613797392	3.9886403241867456	3830.2440150609364	153.82737056338047	478.19980320769747
467.75	9101.511765821471	22.142779456572526	1119.8782534427733	219.9383729458034	477.36068741098336	7522.111560006992	23.9152468676759	1928.6426169883769	378.9679516277032	476.6072945672005	6159.582327343205	24.63163616597564	2619.945388795662	506.11913322851376	472.1253049568248	1719.3741960718494	13.640980056935659	5469.747824126981	710.986792153272	470.2931086559087	5746.614982289395	3.9931875130919994	3830.0029444862703	153.8881120130835	478.27180271597956
470.25	9101.320833173786	22.133493128183687	1119.9046900236015	219.91974200560034	477.4797532873809	7522.200792024585	23.90849527759769	1928.7320857598795	379.0266333050323	476.7831848502673	6159.420667208022	24.632754868669046	2620.035142711696	506.1137286834656	472.1290582824771	1719.3494302511704	13.64000623681476	5469.847280381224	710.9430129536626	470.46257384156974	5746.4757473425725	3.9894781415558835	3829.7753830523816	153.9723775167688	478.0507650679675
472.75	9101.105580244332	22.12390641822983	1119.9090921680815	219.91584559418976	477.50422417300854	7522.041395302282	23.90204275470449	1928.6826989302745	379.05403694622936	476.9743537840732	6159.598564270475	24.625737989983598	2620.1625131604706	506.12651363886124	472.05954609797243	1719.1301711648675	13.637045665858185	5470.0217082547415	710.8774795558478	470.58552393847714	5746.423463638034	3.9886908629341122	3829.8847276709166	153.90902385946472	478.4657523684002
