0.0	9099.418066063323	22.25731802665025	1120.6933888360566	220.22955860160326	475.83155697097334	7532.238992647228	23.328030473719508	1920.2574150551195	376.3915273644486	477.03904651828964	6142.372839484403	24.829793275532577	2633.2967253844545	509.80603074750763	472.759987078265	1711.7896954696919	13.58832167829073	5446.177791241422	743.0687074360393	467.8036244905155	5755.297940884698	4.186472360382533	3807.2857401239567	166.3907589063491	475.82727561466896
0.25	9099.448757048749	22.257547681974597	1120.66980458523	220.23498453564903	475.8212094158132	7532.270981610529	23.125356436977928	1920.1891300218333	376.37543549684	477.0727957067692	6142.462893998708	24.74703437979537	2633.238330312119	509.7902441972746	472.8139547847142	1711.7754768759019	13.587524258322343	5446.212380546958	743.0550621539555	467.8084804116715	5755.223448206471	4.18636378015699	3807.3305761076326	166.34643142918273	475.87246609105165
2.75	9099.575510511519	22.24872698662173	1120.7091075525263	220.26380160514893	475.97709726783467	7534.184729205965	22.71201025500326	1918.7076654806688	375.83244845781877	476.9351927634004	6143.463869032817	24.501097270744285	2632.422421002176	509.5172539856348	472.84364941160754	1711.9220227381495	13.587195445487922	5446.467739489146	742.8203243122878	467.80719581166545	5755.170641627755	4.1767717488742075	3807.7824750007244	166.15093855841977	475.81602063384224
5.25	9099.593064806837	22.250693189257877	1120.6812076037927	220.26502048890964	475.9139668169656	7536.278885967449	22.863492484846276	1917.0979113556057	375.2276481191442	476.6642088185054	6144.667046497041	24.39969520147551	2631.3543778039707	509.1717558297633	472.70109597902854	1712.1242561940016	13.584715293665003	5446.7490603489405	742.5766673912935	467.82902962115793	5754.796246909566	4.155919787790512	3808.3176161312126	165.9180443376074	475.91937078412985
7.75	9099.707433866926	22.25828966823653	1120.7358324520335	220.2971081909681	475.80332252930884	7537.910047029802	23.038531924162516	1915.7821340115747	374.8182676608191	476.40971041419743	6145.958569794158	24.3277362071918	2630.15267738521	508.79471919545944	472.65570794614547	1712.0942911197317	13.58759830712869	5447.077806698713	742.3520226596313	468.0509527486167	5754.7161017635335	4.145500765971398	3808.8195748878456	165.68042654883877	475.74788886574544
10.25	9099.758928198826	22.249689738733853	1120.7425915328492	220.34703210001067	475.8956331914771	7539.302579233918	23.21317927730959	1914.8049669119173	374.49800463726154	476.10955791738036	6147.772659122656	24.229185570358492	2628.76560793061	508.3239936747325	472.58609733885555	1712.033632826775	13.589363862525664	5447.338267424022	742.1011180654469	468.31086435973765	5754.575258913279	4.1386113215427285	3808.947443325454	165.68000725033082	475.77010388795634
12.75	9099.785823658945	22.26013834706858	1120.6526737644529	220.28595044106936	475.78750431227144	7539.923125694935	23.219591776445736	1914.30528786709	374.3254955794228	476.0922476960849	6149.974532868283	24.22738598220669	2627.2114467393158	507.8100982298073	472.3401603628573	1712.1909189771627	13.58626194746453	5447.631339544007	741.8371515430406	468.37031445452	5754.719336508795	4.123741098915472	3809.1743612477244	165.5222354805905	475.773164726617
15.25	9100.012137588154	22.255554698465932	1120.6706811364759	220.31480770527196	475.9286662698483	7541.5153667674285	22.928984286759217	1913.0649143649805	373.9163039888133	475.905052542222	6151.374755771528	24.454440567876404	2626.1425085657697	507.50085881376015	472.24321582677555	1712.1645517509482	13.581835483481347	5447.899346473466	741.511487766746	468.411236536126	5754.670056285527	4.125505398281428	3809.1993899720455	165.49877773229366	475.7584276173626
17.75	9100.042035158587	22.25352795181262	1120.664727008522	220.28662845776861	475.8272427293716	7542.64491406916	23.042792034491313	1912.0600134039528	373.5930367124193	475.91400875532815	6152.8813211429615	24.42043627651553	2624.912555962804	507.103422310237	471.96564726951084	1712.233114708677	13.577330920187407	5448.118471874145	741.1878183339571	468.64882658820846	5754.561613569841	4.1255061403608115	3809.25843005849	165.4455359036595	475.83526550899023
20.25	9100.124407221767	22.25506831553141	1120.5671320470117	220.2774979800594	475.8471551928795	7544.437187535776	22.970002950084037	1910.7461170541592	373.1646748713024	475.8561684343059	6154.449800730834	24.489116623185442	2623.83893920704	506.81872167001217	472.0144818620505	1712.2103928895324	13.575845414315355	5448.392245563422	740.8962740015195	468.58378341429756	5754.548969327671	4.126849732227996	3809.6106604061265	165.27769951747524	475.99521719416384
22.75	9100.349491873158	22.26230600559374	1120.4938658512212	220.26557758272313	475.76310952281415	7545.344489900446	23.28677428211747	1910.1062844119476	372.983062327923	475.75684124055874	6156.030257190484	24.410028256083343	2622.7160730177807	506.4822319466899	471.75618462616177	1712.336023320169	13.578530656396898	5448.6177872908465	740.6499899392936	468.44364966163414	5754.127970826243	4.117214102461458	3810.0670487179477	165.00956467772806	476.1250452182185
25.25	9100.582654802616	22.264345245988228	1120.4685255393615	220.29835701135585	475.7403990718929	7546.245785717059	23.265505240088835	1909.6043150484102	372.836062272782	475.70961019380917	6157.484584887611	24.436115175477525	2621.480405375091	506.0954858499218	471.4840326171652	1712.5296851637256	13.580906249628987	5448.779754978381	740.3908795744037	468.72330938782864	5753.948748254761	4.118855918540158	3810.4567764617295	164.7746446410752	475.9774328381422
27.75	9100.62762012302	22.269026025182765	1120.444333413837	220.28935333847426	475.62327304707395	7546.83261148063	23.350747277221558	1909.192506925238	372.74027454928296	475.73635580555873	6158.954217531458	24.44240387096566	2620.3293943090716	505.72883209285834	471.2237156028864	1712.665376185175	13.575077035017477	5448.957825181675	740.1206864473393	468.758938773489	5754.012516975107	4.116135211539641	3810.692631333637	164.62316278958937	476.10918521817916
30.25	9100.526223626772	22.265321277344142	1120.4547401927925	220.3003198715997	475.68012842296196	7547.297554143809	23.37706399101442	1908.759772632613	372.65959898991406	475.7234487005593	6160.389930491671	24.447785557861966	2619.252116143929	505.37727071708605	471.069297212951	1712.6779798000637	13.571394623728166	5449.205019848603	739.826112005654	468.7146725521308	5754.12676436664	4.110183178276548	3810.8344949573816	164.51056700121327	475.9657164918943
32.75	9100.518817677792	22.27891645398267	1120.4967281474355	220.26222247009207	475.5967964637188	7547.61127218699	23.43510948314232	1908.525958507348	372.61749760570694	475.74438947776116	6161.902959272417	24.457470687042104	2618.1559317833544	505.04400975919344	470.9184302874829	1712.8241376231213	13.586088537559794	5449.297351820592	739.5167453341286	468.6147125254603	5754.165901474761	4.099035946420457	3810.9871281978662	164.44825748821336	476.0466081465998
35.25	9100.620178505827	22.276543117720898	1120.4798840881288	220.26920408241378	475.5124710917441	7548.010605714681	23.535740483466853	1908.2779272821563	372.6080688338093	475.68281124573116	6163.232189177747	24.87279749354249	2617.146213010911	504.7202111483798	470.7548704372032	1712.6107166241761	13.58404344923419	5449.45043644387	739.231507010636	468.418236135989	5754.096625404967	4.0990145004804885	3811.1355624220996	164.31738367993103	476.10965327834856
37.75	9100.577542780931	22.285201910751073	1120.416631207392	220.24540689293812	475.5726802424783	7547.970085787776	23.70298782920795	1908.4188890485475	372.70136644816273	475.89047439390913	6161.964435353147	25.788904263622147	2617.8103445520087	505.04026306220493	470.92569844738057	1712.9404059608573	13.590596857973589	5449.585368667027	738.9664464529205	468.4980573218722	5754.18627556513	4.116335935062072	3811.295104280841	164.16075806057486	476.0702620504907
40.25	9100.698209966185	22.277774936562395	1120.3525976659032	220.22890168005398	475.6007646234495	7547.453941863309	23.7218608283048	1908.6923933934995	372.8537450675242	475.8493128330803	6160.318739788289	25.79763608040146	2618.9994609145056	505.5075124323195	471.1706943001761	1713.2310311059373	13.599581825040309	5449.762279455232	738.6536210047686	468.531162242261	5754.111627777707	4.125758862951485	3811.387276066123	164.03934881566528	476.2131698480569
42.75	9100.667322760866	22.284177922931036	1120.3454799192698	220.22767536810713	475.4866690434567	7547.077586753674	23.771388780382686	1908.9104828402833	372.9784158496063	475.88610071427894	6158.853696524419	25.756534088996084	2620.184799099168	505.98609222173303	471.6533175756575	1713.3513800754306	13.592600160885286	5449.955292634114	738.3981403124326	468.57910877525353	5753.882536337745	4.137138402438147	3811.807734272099	163.8160682236921	476.2265886273766
45.25	9100.771836941885	22.2789545744292	1120.3404139510014	220.24315637510745	475.69793435033984	7546.416597737217	23.8655371316761	1909.405224460879	373.1855981555656	476.03166187198946	6157.268210768207	25.7010647362701	2621.2357971774913	506.37979746204314	471.8875924396643	1713.1960242144178	13.607550972534511	5450.185771537584	738.1235930049617	468.4901604482542	5753.8978634003315	4.141503240170455	3812.302265424155	163.5821985821322	476.3522496975965
47.75	9101.014105328744	22.267607536428816	1120.3578901132416	220.24472604052124	475.7960561563797	7545.646247381233	23.95885897035869	1909.9724415949374	373.4270486827345	476.01791953761153	6155.761146432093	25.63694972875862	2622.3507403424583	506.82846627995445	472.2863120243518	1713.3176777384888	13.613508805243745	5450.315756772642	737.886066588003	468.49102511889856	5753.70321418053	4.141349929275371	3812.6909960248777	163.34021267644744	476.3668627435408
50.25	9100.861221606527	22.26674422933575	1120.2988043107744	220.18821456248628	475.73538939304376	7544.264750951937	24.223984853119696	1910.9582593520697	373.80787759637127	476.25063959092347	6154.812631654091	25.48590139099729	2623.2154254270877	507.15488667053404	472.5904246322453	1713.286636537561	13.617053600557036	5450.581331259483	737.638638031707	468.5245297266173	5753.477954547041	4.134746415908536	3813.2650541340363	163.04717092775755	476.47016619299677
52.75	9100.895512023284	22.27307640298041	1120.3663168019716	220.17408023069535	475.6891308141096	7542.792064788516	24.18554904234144	1912.1524176207406	374.283043776614	476.4299142714667	6153.878749064229	25.49094293173326	2623.9102060466075	507.47965224752	472.7090092908547	1713.264458832424	13.623563318446102	5450.824590299074	737.3633604223392	468.5641968720439	5753.206789183685	4.143152353417942	3813.8293467748667	162.74809262155185	476.59291102907787
55.25	9100.711301320542	22.247509019451105	1120.4004363516517	220.17245236711008	476.14426829378345	7541.5917653973	23.556834367270127	1912.903119536058	374.5593462058166	476.42207127212106	6152.600209557038	25.167777807236753	2624.9757891167696	507.852893101941	473.020056158745	1713.3442091475706	13.629580531228605	5450.975479690048	737.136502280514	468.60864350893604	5753.0300448663975	4.1443150537410585	3814.4448960172917	162.4382273898946	476.58404689471234
57.75	9100.523371109593	22.221932278507072	1120.3971716084086	220.17915248426692	476.28623131059544	7542.995123121666	22.722401793601133	1911.8403608354554	374.1684893890598	476.35130525264117	6153.942902700052	24.069100822566334	2623.991731178408	507.5331733911636	472.84215007165756	1713.3906262134817	13.625158495641427	5451.138258123263	736.8803425890335	469.0138796252066	5752.7111370513985	4.130649633993924	3815.282357660356	162.00162060936944	476.9263822993411
60.25	9100.396104896356	22.2208353841358	1120.4151592762967	220.13378583615255	476.27135808142526	7545.091506102585	22.723715066127138	1910.3297274642798	373.6389334763099	475.9377816739295	6155.917584382433	24.044933832548914	2622.3715005361637	506.98731414742383	472.62377791100124	1713.311324648107	13.624422077237732	5451.374699065923	736.6540629472372	468.86956361975507	5752.125899447898	4.1082572724090385	3816.0696203221537	161.56452233097238	476.888506918132
62.75	9100.426932569602	22.220658371797754	1120.4438257896174	220.11885756138088	476.26496887078764	7547.2746074456645	23.09532038308192	1908.8642704042413	373.0940286935755	475.6371526828075	6158.085735421291	24.091205135121204	2620.7070172008584	506.4045831071111	472.16804896317444	1713.4152944682946	13.627880501198238	5451.618050394152	736.4448079970441	469.1101351372204	5751.780054170487	4.09808579533334	3816.6746121150586	161.25005122952123	476.8402306003298
65.25	9100.434386278946	22.223561616259556	1120.3481471679056	220.16102924287014	476.28642909973274	7547.0933669128	23.694008235144572	1908.9830203431036	373.15263475020413	475.628537735889	6160.227631524823	24.28408685493341	2619.1145461412293	505.88228096687055	471.9673745801879	1713.4561351879427	13.619710065515221	5451.855671533043	736.1722354073903	469.15269126179874	5751.773236355409	4.090007649887959	3816.985111777644	161.0879099991846	476.8133182691103
67.75	9100.536540678804	22.223777670149893	1120.3172306407284	220.14891394281537	476.3942412571967	7547.253102487508	23.36450106379094	1908.7359271026492	373.0791383510043	475.60986047070776	6161.319168644192	24.603967051861126	2618.2295231543817	505.60372914772177	471.80883852599106	1713.5255627738327	13.620720383494415	5452.042251403247	735.9582149393228	469.2358705165263	5751.602364101533	4.07804364363477	3817.113989860823	160.98939480531405	476.8523994122716
70.25	9100.655359512724	22.207495176636737	1120.3086672267762	220.1570785082586	476.5851714615862	7547.585196685777	23.445080676653994	1908.4200786406418	373.0059223959932	475.5238504671245	6162.323016504485	24.61408927607165	2617.5988167616974	505.38389086687533	471.5684254632501	1713.7091771867545	13.611562074828084	5452.177520253605	735.7054561227674	469.282980144656	5751.58746324842	4.076303658284056	3817.379310579261	160.89917270362162	476.71688954602047
72.75	9100.775403674146	22.200380143280764	1120.229351276455	220.14260747090174	476.5863603905441	7548.036454814497	23.53917126517216	1908.1304269897967	372.9012037148216	475.54321809625196	6163.138520374418	24.858371357806433	2616.8213075845924	505.1744599251221	471.4591592702724	1713.7344705790842	13.612258365033837	5452.367251058118	735.4419679908775	469.1235033619326	5751.681927255753	4.080187100263299	3817.3265935247377	160.89528251535287	476.72079281988056
75.25	9100.833391163616	22.204457600665954	1120.1833099444018	220.1739861612013	476.55505181777204	7547.973678032869	23.71463686506922	1908.3159015728602	372.97631935390734	475.68679803897993	6162.6622575341435	25.39347192025261	2617.186071832951	505.29434137773904	471.4398393663424	1713.819969197184	13.617616366498346	5452.528284086271	735.1534250542504	469.3464802264537	5751.676907150282	4.086784806031434	3817.412122821758	160.8624090283187	476.77884258352225
77.75	9100.576468441537	22.21717076095977	1120.068422554815	220.15242431868714	476.47615861397145	7547.652850897491	23.677627998163047	1908.546725660319	373.0866867961178	475.664940682269	6161.729362800838	25.440032805779925	2617.696301244479	505.51799171655847	471.3119386177278	1713.8833232546212	13.621888544436306	5452.652940718306	734.8853625880084	469.25373766070584	5751.8173601323815	4.091319266745459	3817.29584153526	160.85137972142465	476.7317572890953
80.25	9100.658873673568	22.211089437444986	1120.0492157396793	220.162429221601	476.4803487988574	7547.581864147849	23.674450194826882	1908.6521739865084	373.157684267845	475.71422533572564	6160.800773435957	25.42330675655905	2618.4058352786465	505.77050404277594	471.64420886685224	1713.859030382568	13.620051799523957	5452.826119423705	734.6522498579934	469.31620510859165	5751.785617208878	4.097608162893889	3817.3578207288965	160.79079943058883	476.79251021426205
82.75	9100.673041917897	22.20079880134243	1119.9997559897965	220.19155659005014	476.57046759599973	7547.178345634938	23.70594722174403	1908.993389794454	373.28568565759133	475.91406291170483	6159.877610550504	25.405530488887397	2618.9874690157094	506.02603775994925	471.61476202716443	1713.9715471058948	13.628211616604625	5452.923482752147	734.3827651921099	469.1900596206031	5751.723805910934	4.102124507646642	3817.570663237783	160.6661505365954	476.9307560921685
85.25	9100.553224158042	22.20906912034557	1120.0115318335206	220.17641236340228	476.406472099004	7546.832092541234	23.615584089574792	1909.1492871042592	373.3585119154735	475.87806885933014	6158.832763783952	25.427798102151073	2619.56139302973	506.24879135628726	471.846326873031	1713.854815402513	13.623361493543506	5453.0883109892875	734.0993514154165	469.1759594728809	5751.445796720766	4.101981823299046	3817.9969227418037	160.4431867083905	476.8856722569981
87.75	9100.632474017928	22.214262090953316	1119.9904150442055	220.19946638022338	476.4148704032373	7546.514753110327	23.664975633711812	1909.3153696551092	373.4506588247392	475.93247103419225	6157.937954787248	25.409038781078163	2620.124095059883	506.49178359040366	471.8203437182074	1713.8073505340633	13.62478099236317	5453.1971801887985	733.8379418353517	469.26008219305675	5751.39160836542	4.105487482013933	3818.2804967457705	160.3431105906761	476.90478154068325
90.25	9100.73428045715	22.21604119052915	1120.0007330011297	220.16720114123507	476.44140638293885	7546.07577297593	23.65293426480279	1909.5186277967614	373.5014431963229	476.00187597774266	6157.096567583809	25.401964313496915	2620.7133731685767	506.71856489580796	472.06525818718393	1713.7060123271497	13.63560853923532	5453.431566634776	733.6029515656757	469.28166450176826	5751.197555843831	4.107839082752131	3818.511732048095	160.23953965093423	476.8568640048176
92.75	9100.777683419059	22.208199665608063	1119.9406911295744	220.18438556412815	476.6128084131072	7545.499194728804	23.658175564328904	1909.726905984426	373.5714447707063	476.04184407640855	6156.416765805825	25.3909018302191	2621.243768038835	506.92450887540105	472.10323743920975	1713.7102397386727	13.635106262223912	5453.622574265889	733.384963952676	469.24551175242345	5751.181198671342	4.103222866778178	3818.6960935314173	160.12831338225752	477.1114017987649
95.25	9100.667028182133	22.20232938612075	1120.0353990680057	220.2176395493652	476.72363252732697	7545.315145476696	23.64095692034721	1909.8126969157229	373.6118615345542	476.17899850044284	6155.591533724822	25.38289546283577	2621.896425649702	507.1017169351726	472.2434359692728	1713.7188376204665	13.639030954133615	5453.860886837349	733.1415017579789	469.26472012559327	5751.047105213527	4.101534260127571	3819.156457635186	159.89711016761453	477.1050945203438
97.75	9100.758657397519	22.2037235899856	1120.0856026138572	220.22026447519912	476.63236974221394	7544.977155017083	23.714087018875208	1910.0441140105008	373.72201013796763	476.0892030384641	6154.905937717817	25.361853846604987	2622.379159494553	507.31131867123923	472.27476152954404	1713.9817440752538	13.653247489644905	5453.987891532777	732.8973692850664	469.49511555522304	5750.845141525327	4.105908113734008	3819.614397625997	159.70188522605088	477.1621863379683
100.25	9100.720547007899	22.204606941365395	1120.1126898830344	220.20236646320544	476.6141227334006	7544.7642151849	23.753399964362437	1910.3426192692693	373.8186374552763	476.2151700679176	6154.166139690207	25.328280376208333	2622.9199077128887	507.5039685992959	472.45078777859857	1713.9308981709023	13.665767909600175	5454.1354913598025	732.6705909961923	469.67480599348664	5750.64216264231	4.102581916977643	3820.1421593835703	159.5026792592235	477.09298564054393
102.75	9100.729352273433	22.196436170291637	1120.2588429844038	220.23722873998852	476.73847749090373	7544.1484813398865	23.84013405554711	1910.7927524444679	374.01204597569307	476.2429326952075	6153.425721842917	25.284393011211943	2623.345540638098	507.65490509014967	472.4960997941844	1714.0565311903492	13.670828690201084	5454.356520732119	732.4412873873546	469.84295942360416	5750.8148523587015	4.10079008699844	3820.2323578460455	159.44764336425504	477.02602337177433
105.25	9100.684335738888	22.187410736254627	1120.2671928861187	220.2430040229379	476.75932827240973	7543.299130793905	23.75297541264102	1911.2305003222157	374.1699006703891	476.16317764579554	6152.827227414599	24.909587068818848	2623.747557978396	507.8264563153683	472.86933046350254	1714.0462521307877	13.669029043202993	5454.56733683692	732.2200896025731	469.9610102421002	5750.770160792738	4.101044971246446	3820.2304474037333	159.39712834820642	477.0779501936905
107.75	9100.725957979892	22.182421637819658	1120.2443005629918	220.23635820149102	476.9171665523734	7543.275219169993	23.382045784815126	1911.3512597126576	374.16371055068925	476.2730497604719	6154.012040396593	24.173175629554066	2622.545924840019	507.4473504636822	472.7271058214251	1713.9887604486396	13.661875442126657	5454.785530903544	732.0024305760292	470.1442962612416	5750.445172021759	4.0953169254300406	3821.0213180547084	158.9790710927132	477.7656110724821
110.25	9100.745695345322	22.184953141336216	1120.1976919671908	220.27656974173408	476.78051195268694	7544.308504218684	23.084277958996758	1910.5602471965194	373.9006932121298	476.18794130663116	6155.5960143183875	24.337079989486885	2621.452629736588	507.07153623268493	472.7654353794179	1714.196801430836	13.657019843058576	5455.030487016242	731.7374326105662	470.02388058716076	5749.754124638854	4.08955149126767	3822.177968480452	158.38640642552724	477.5553874277425
112.75	9100.721562785937	22.185182663376256	1120.1920535389436	220.2785772765806	476.7409575642614	7545.253010446211	23.2149036083722	1909.8492091858839	373.62875320322775	476.15857582942	6156.919453441664	24.292316284119178	2620.361182928949	506.6823528017017	472.63932741337356	1714.0681112454538	13.651601698984914	5455.271714569897	731.5035023205651	470.1061188664963	5749.454843316801	4.084352209174461	3822.844816389387	158.0020816253582	477.5893910886681
115.25	9100.86089859774	22.18544181505644	1120.2076338563409	220.29406651163973	476.77391536329424	7546.101653330926	23.25231730180985	1909.349071344135	373.43741945209774	476.00981142111067	6158.606727006668	24.28315512132876	2619.19351105669	506.2918802599477	472.60996702715005	1713.9250297123353	13.651834321361974	5455.482931478254	731.2999391493101	469.9057498250796	5749.376873135152	4.066837620201953	3823.331399436558	157.73878157984814	477.4558903928321
117.75	9100.905566776792	22.186933108726848	1120.1964909675805	220.27241691281242	476.78105513588804	7546.855932224608	23.28979629311346	1908.7602552308103	373.2917486514886	475.8657898202879	6160.2154285829265	24.290922148296403	2618.0115606103946	505.93033323939324	472.26953499622624	1713.796937132469	13.653972502916687	5455.723824713394	731.0238280014823	469.8046645090149	5749.25037844627	4.0560243869995745	3823.49649868731	157.6307912197252	477.4806881925726
120.25	9100.819385016988	22.185795734099774	1120.2554680876847	220.27213777584882	476.6927272772409	7547.430710243755	23.36192558164946	1908.2539879946992	373.1691065044346	475.9030366922896	6161.81967500812	24.441888854484375	2616.9616528576075	505.53689913482566	472.1447918058009	1713.7556449979147	13.654012501646207	5455.973899061737	730.8076102575119	469.9070692964362	5749.233879887033	4.0494470513368155	3823.7215296961776	157.51842671562332	477.5017962147305
122.75	9100.64217447115	22.197943892765455	1120.167392416145	220.26073026306076	476.5566729755477	7547.644942961456	23.479179635372162	1908.094793261506	373.1043886898184	475.9052464226698	6162.318636059007	24.78398387234984	2616.5416413454504	505.3658052951622	472.1738920049475	1713.6406785998429	13.65646632289717	5456.074897641569	730.5738979090564	469.8523606902891	5749.066925972148	4.049704675524219	3823.923489271647	157.44468211895426	477.61031607451844
125.25	9100.52510532401	22.190107258190704	1120.1527826382255	220.26100424407076	476.7135789349543	7547.823806283102	23.51304965448582	1908.00560317459	373.1079634101555	475.9784936120934	6162.720410720131	24.80938890141755	2616.346632214791	505.2908532207897	472.20587411649063	1713.7582113317123	13.650541833096746	5456.339851667701	730.3173180142721	469.9050379843778	5748.588881644118	4.049591024407924	3824.494005396148	157.18288619604388	477.7658918261906
127.75	9100.484417568177	22.18807380173469	1120.0499769553464	220.20024817584329	476.788879303552	7547.602477745197	23.527181181099525	1907.9986218077536	373.1365415593593	476.1335160279199	6163.145668821331	24.94832624273736	2616.1698732477635	505.19258337380626	472.15286143765195	1713.8614476244609	13.650709326363222	5456.491061420239	730.0686527463641	469.9933399491628	5748.288356642093	4.044971454550984	3825.1079602397485	156.8421138319884	477.8854591355481
130.25	9100.681321344033	22.183972916204816	1120.0967127620042	220.16317074552146	476.82106727140615	7547.664305272917	23.4835871213213	1907.960162277171	373.081521015463	476.1793694739077	6162.955498938123	25.14117173907984	2616.4037852601355	505.2615896604409	472.02811385458534	1714.2129931975671	13.64335047801494	5456.662903292639	729.824660246745	470.0327372457089	5748.199136608441	4.049642784410516	3825.583527477285	156.58917156415134	477.76506662068675
132.75	9100.817152372476	22.187066443822317	1120.1832344240242	220.113883119369	476.7443336374931	7547.5406466637705	23.53015319519264	1907.9299202399625	373.0838576853731	476.34521144069913	6162.54599852238	25.145135415509618	2616.7159124318573	505.3864297976806	472.03498648267396	1714.1673918126628	13.645295434839085	5456.69415946895	729.5684561651967	469.8273096876898	5748.200756533738	4.046958243778658	3825.6978090304056	156.510553364436	477.7688965007397
135.25	9100.981170414361	22.185146528215476	1120.1536152424858	220.10730842815897	476.8649116607569	7547.557398361082	23.49240481588326	1907.9465797492342	373.07908414118685	476.4588051228924	6162.273644456401	25.156232127352418	2616.950079812586	505.5397240845432	472.01026939297407	1714.1780223073854	13.647536683959126	5456.84743387161	729.3518181268191	469.98251958012924	5748.142852811017	4.039859202427439	3826.054611132799	156.3447085767993	477.8786949875362
137.75	9101.02557700116	22.1813324253125	1120.0975202052086	220.07273483648677	476.8521952680962	7547.51102527862	23.45679897395939	1907.8443714440846	373.0369074865693	476.63561587261484	6161.67314239547	25.16233897216748	2617.1608160652545	505.69767012345307	471.94655020180994	1714.2305980881229	13.650115279634226	5456.980535348981	729.1272648915425	469.89265172378254	5748.069988643407	4.038119825063198	3826.489406104224	156.1379388858215	477.83979835023524
140.25	9100.899156208941	22.175691208439922	1120.0426894347702	220.0625063259853	476.97076017985637	7547.692401874319	23.527021223405143	1907.8140565212932	373.0064095043941	476.38691766820307	6161.240192903497	25.13405708246482	2617.4127050838747	505.80416228424906	472.2575827146692	1714.4275202146932	13.649423343985676	5457.156727578888	728.8625810169136	469.7584214562207	5748.087583589967	4.039739798185249	3826.7498440632066	155.98109316736753	477.8631104047008
142.75	9100.984022092121	22.1731505810789	1119.9459500464984	220.0790702405402	476.9711134467735	7547.388967868189	23.646130001151185	1907.9937843309285	373.0692572799408	476.33513346715336	6160.9151749610555	25.114035976835034	2617.6310044714037	505.9392534118956	472.47826436836584	1714.6682423181098	13.655196070919622	5457.292703802271	728.639355937325	469.870645980372	5747.928958940158	4.037411056203309	3827.0628688846136	155.81022390373684	477.9154271178436
145.25	9100.9258637052	22.177507067968445	1119.9411740968874	220.08430083198087	476.8907818799372	7547.162222392534	23.5437275789973	1908.236531093662	373.16197264754175	476.5407048140838	6160.463994021472	25.12897196462099	2617.8382223791077	506.0135004861784	472.53657750178456	1714.7760248764318	13.651345528088106	5457.43574357159	728.4287931325335	469.8167060450705	5747.787347912422	4.03484547256444	3827.3245469882913	155.65187063050652	477.8613178222953
147.75	9100.964697722808	22.16812645258605	1119.985553552385	220.1080821830346	477.0360855721595	7547.3879109059	23.44381019624471	1908.1710885175546	373.1477724853024	476.55897309886365	6160.16248807565	25.15626311687774	2618.112242290182	506.12940532826036	472.5345947610779	1714.7993169505626	13.657694113885	5457.6007753441445	728.2200012451361	469.84312765558514	5747.842470319084	4.03437985152298	3827.370341276674	155.62410025352978	477.90109568208237
150.25	9101.040958435087	22.163827774118804	1119.9915780469548	220.11134681496267	477.0649540722125	7547.352570014064	23.445027361928638	1908.1820083981147	373.17187771336296	476.8493440813426	6159.851721266084	25.155867139348743	2618.4191227174106	506.2518929711893	472.4803828816041	1714.8248608631807	13.664427296462136	5457.824287453579	728.0384373951207	470.1103951856628	5748.084857730471	4.0321338972837815	3827.158503169187	155.71730672726775	477.63500256241474
152.75	9101.08301560426	22.156885135283357	1119.967175994264	220.11669728392724	477.1868971252994	7547.757657571773	23.390043159121497	1907.8979433845686	373.10774430023395	476.88692645773364	6159.559154515584	25.172535598071452	2618.7325439164956	506.39143703930085	472.5426738273079	1714.7611837498007	13.658822632356978	5457.938953521613	727.8169208534863	470.0510238259184	5748.096757740013	4.038426040252399	3826.723231904779	155.90712455824095	477.6379767663715
155.25	9101.070848356867	22.146900545631375	1119.9440631189896	220.12393711214057	477.2067737934488	7547.633738894223	23.489078864437744	1907.9113939580566	373.08018757546864	477.0006554391541	6159.18287821726	25.182941245651925	2618.9782043338455	506.53141544334113	472.50826848184346	1714.806982556366	13.66480321248689	5458.064593736835	727.6595561523843	470.2551572482066	5748.358366154478	4.041896337487574	3826.398349646957	156.0545627508137	477.6212385656066
157.75	9101.063004777197	22.144985483223554	1119.9123504575196	220.1095896731706	477.38365512353806	7547.703156834601	23.41299163018442	1907.824894435305	373.03776031973143	476.88254168736756	6158.858890630903	25.176569675176637	2619.2668921003897	506.63495053036087	472.73355692180786	1714.720433543151	13.665034461345076	5458.212532225608	727.4624081918971	470.0412240967152	5748.750982597859	4.041843275532057	3826.1113487890257	156.20379234833268	477.66109876612876
160.25	9101.0625913227	22.13524280114285	1119.9175815789724	220.12769688075437	477.5434347987069	7547.758716486932	23.447722098944688	1907.8331744016748	373.0622444266143	477.0451262384142	6158.610051066677	25.14945822196199	2619.5905942698514	506.766039791074	472.9443005858155	1714.7805103879236	13.66876208392082	5458.361309251817	727.308503293798	470.03410090414815	5748.631388593419	4.039689233681749	3826.2208393017186	156.14900625330054	477.6538118927165
162.75	9101.006527893853	22.11915349614486	1119.930050163877	220.13769927183728	477.73636599392256	7548.080210744084	23.289026402065932	1907.7721480033554	373.02791683987783	477.10290405410075	6158.09251101456	25.133427288178915	2619.840221047801	506.8788982689638	473.0986720663192	1714.8318026775485	13.677603848724834	5458.589002149667	727.1438025255708	470.1554542212614	5748.664903059717	4.039118755220142	3826.2367671808283	156.16966374545206	477.71067516184814
165.25	9101.097323446415	22.11722238588757	1119.8823714990208	220.14449611956826	477.67349942740566	7548.67866225944	23.19031490729435	1907.3254504111542	372.867750762161	476.9969481180789	6157.832871394025	24.96829495450217	2620.0760717371772	507.00860762507887	473.3511916385824	1714.8912151534958	13.680779840634477	5458.758318435067	726.9561163251069	470.28446736689847	5748.794029092277	4.038292041686302	3826.2125104116108	156.17285945443166	477.8160498708737
167.75	9101.097218511464	22.12233446974843	1119.865487126183	220.11822331128838	477.61958266187673	7549.030183224884	23.174990726280818	1907.109296874012	372.77926962495036	477.0781515275961	6158.462909965463	24.58186252480684	2619.7536545133844	506.88977324403777	473.48555826643513	1714.7454954120026	13.674894815228472	5458.912900773905	726.7545306792055	470.30292583237235	5748.803477039555	4.033815948819274	3826.3728188138916	156.04665514898645	477.82029677730634
170.25	9101.112170432863	22.11684970520378	1119.8625643559517	220.12345887882316	477.68785942110003	7550.172537697166	23.313879196543457	1906.1791535793682	372.44508540969093	476.7730290494071	6159.445126696767	24.54882321484046	2618.9424185533408	506.5972330655239	473.36721081399094	1714.845320455158	13.67571046329769	5459.048478442435	726.5460702626397	470.2209426258581	5748.781282863906	4.022521102208581	3826.5621417878388	155.9543829773173	477.9136952305612
172.75	9100.953125549488	22.11448864864952	1119.8940638040228	220.12200394011023	477.63115106184074	7549.097936795212	23.873599100451685	1907.153205198521	372.79971286502706	477.1375925988053	6159.753013339516	24.89852254858345	2618.635413162831	506.47950174593484	473.1337322303732	1714.754932293246	13.67529543960543	5459.198385729466	726.3657270189989	470.25209993228526	5748.536620836835	4.025321714437644	3826.7619402148393	155.83293465914252	477.7532483532548
175.25	9100.927612941397	22.12168033350259	1119.915773160325	220.1104974877129	477.60120459474274	7549.2670494746035	23.2666554940905	1907.0748618836965	372.7359641629324	477.10541868043657	6160.053683558778	24.94497692012205	2618.476784360587	506.41842920759564	473.10664646687866	1714.846047718055	13.67367759679773	5459.322732265432	726.1303261761476	470.2960322479256	5748.587940744938	4.021329979142432	3826.591203859802	155.90127802651068	477.7551713922254
177.75	9101.089707623149	22.12892934318493	1119.9924686810434	220.09492823518195	477.5069278175929	7549.211715142642	23.59009969087615	1907.1639945499267	372.77056474161964	476.91910852000467	6159.78971953208	25.094712036579597	2618.572707808577	506.4529340809311	473.06080340026233	1714.6674722453852	13.667365017926745	5459.472805865038	725.8748029636791	470.10351487156504	5748.65366925841	4.027012374699255	3826.496399506721	155.98292667840985	477.7542854083334
180.25	9101.194737304482	22.132441129852637	1119.9670102953357	220.10392967457872	477.4003280398467	7548.628767280156	23.55084058827778	1907.6403949466742	372.91015300585894	477.03976345710316	6159.331298874838	25.107541355759768	2618.8517346760727	506.56805474629357	473.11308317861784	1714.7238908008385	13.664327999434601	5459.657327659789	725.666398623737	470.01876388591444	5748.5065451492355	4.032241302489811	3826.660772283089	155.91605237990993	477.88512785149453
182.75	9101.224185575575	22.146307529028487	1119.9880842949092	220.110165348609	477.2847555141772	7548.771835209177	23.34756439206557	1907.494943217512	372.8692158656219	476.9215102854158	6159.127976169126	25.09247916049019	2619.0922746575097	506.6908155309208	473.0987936008684	1714.7145290508847	13.664859708425546	5459.8273200992935	725.4615659090085	470.1727985192527	5748.395165662534	4.037480599987084	3826.8687810487177	155.78966031226383	477.76496747149986
185.25	9101.007665997364	22.15776908833758	1119.9818668237194	220.07016315879576	477.1071873414318	7548.519225490169	23.45872954439374	1907.5238578118704	372.9322928741413	477.00731175832334	6158.546091623597	25.051772670946395	2619.295134025979	506.79127118305377	473.33041728498506	1714.732301042199	13.663308944055924	5459.992363217335	725.2470640981925	470.2412135057019	5748.308320898867	4.037245878427594	3826.9097724928047	155.73152366261007	477.9376092962344
187.75	9100.953422058372	22.167108562682827	1120.0772739776394	220.059106259337	477.0900161737037	7548.724060134661	23.425561831312134	1907.3770085654944	372.8598564094761	476.9430362947683	6158.659705725994	24.809207607064195	2619.2709770636206	506.7227882972361	473.34598192033263	1714.6780450737492	13.663680028453092	5460.118265318388	725.0481754462149	470.37548522465204	5747.95746264719	4.043876397274978	3827.297639639827	155.5488404242429	478.10704364207896
190.25	9100.930982532012	22.17144257080517	1120.0386843740132	220.06791769513018	476.9528866317707	7548.413226484133	23.720260238844013	1907.7203850524795	372.9760909749165	476.7764825217171	6158.957050353503	24.729219870729963	2618.97375676791	506.59952242311795	473.05630108042004	1714.7609741789022	13.661531120234534	5460.289800553844	724.8610089725835	470.4025745353714	5747.81227281221	4.039679097373607	3827.8446971632875	155.24187231583363	478.1666339529172
192.75	9100.802308809461	22.1746081085064	1120.0213871249714	220.10623616971412	476.90857349688935	7547.851677264874	23.688056260422876	1908.2335391730458	373.13864979454956	476.76865537048644	6159.446807011474	24.735118826126826	2618.605236423927	506.4989185767912	473.1295900211796	1714.8550886823123	13.6652585823338	5460.440440281184	724.6740054138248	470.3639328182838	5747.658229115619	4.036371332170976	3828.275827883596	155.02915405035498	478.198611418205
195.25	9100.759212960167	22.182249668740617	1120.041529495996	220.12199468758504	476.87843568645286	7547.557483017469	23.523800632899317	1908.4750708438366	373.2472508388133	476.9166872172492	6160.0532629546915	24.76833263040911	2618.350948537345	506.394743233842	473.05656401157717	1714.8053158568448	13.657268605524377	5460.61373243437	724.5157893790571	470.2913089190044	5747.235354508841	4.029298798411411	3828.781595896111	154.80627778538548	478.26196137962603
197.75	9100.796536252	22.17984797503216	1120.0742982639006	220.10171996575806	476.92083436126006	7547.657064899022	23.36926888388166	1908.378701749041	373.1922412765873	476.84257814530355	6160.443479845802	24.81077347254302	2618.1045074037247	506.33407790952725	473.11960637828554	1714.7875482169775	13.656096206959191	5460.77514551528	724.3131689526683	470.18884807525717	5747.006972100218	4.022728235655133	3829.01777886513	154.64929363700466	478.1740440337932
200.25	9100.879988452964	22.18715112862066	1120.1257237129678	220.11042205539928	476.81572796076404	7547.828645365314	23.40166177617554	1908.2640661124653	373.1350638239187	476.96019157343864	6160.71851568851	24.79571959633267	2617.869085359051	506.28094315925534	473.2573720904233	1714.7633451449738	13.662891839874368	5460.959301477876	724.1129596568425	470.2955704437306	5746.829276691974	4.02424485231448	3829.4510133227163	154.4006355072658	478.43998300330884
202.75	9100.813639354415	22.18865531247443	1120.13173362641	220.08061142784572	476.7578235442924	7548.123084833992	23.607467746555354	1908.118673766405	373.0913881288309	477.01019418604807	6159.371990776167	25.659177031780768	2618.736730076334	506.62243358643315	473.6282001014548	1714.718027239293	13.661591815472564	5461.114167258767	723.9088475525465	470.4780374693873	5746.558747012679	4.032375887669676	3830.032985736454	154.12709237497324	478.3599255927829
205.25	9100.891429394613	22.172968337810975	1120.2103980352965	220.06589300256204	477.0594585361189	7546.863551626345	24.00185692482369	1909.0351528549409	373.43589488239076	477.36462355458707	6157.55406667738	25.66984160281047	2620.0680790698034	507.1121873268218	473.8398453275233	1714.6522617402818	13.669453743980851	5461.296690609268	723.7079604538391	470.3169773252455	5746.603506203525	4.030694363408798	3830.209846591164	154.03278403011404	478.33642391162203
207.75	9100.811607737056	22.161336818669135	1120.19560060294	220.0921817628142	477.0652132401708	7545.865728204051	23.95995042282475	1909.8623484558457	373.6998772625706	477.30067987967084	6155.78961283599	25.65991285534566	2621.368214933784	507.5831155112633	474.04809046948435	1714.6940299775354	13.673037901178102	5461.48551035654	723.5168230331107	470.2537711205618	5746.284942800314	4.034941290520918	3830.4150942896995	153.91714662492288	478.3674627053618
210.25	9100.982489151624	22.169747364232133	1120.2142704070006	220.06907737693203	477.08159055115374	7544.244537287027	24.059162284062438	1911.1204464408615	374.1468540212622	477.3279402502564	6154.24422265949	25.654755454437982	2622.706201877363	507.9976092481054	474.01379559638445	1714.811510374283	13.671453279590699	5461.629791794847	723.3622094673991	470.41844983396027	5745.898060620417	4.042541193949932	3830.786913508228	153.74112075738788	478.33440526196495
212.75	9100.931677735962	22.163288634464372	1120.2338969835766	220.0718896377545	477.067297048992	7543.335697103069	23.757774868817442	1911.732811399395	374.3450929107804	477.0831504087749	6152.651625853671	25.66231112460258	2623.9683205729293	508.4668546291498	473.9710924431995	1714.8575637264623	13.679174840312742	5461.846874936386	723.1901039399229	470.62177636305125	5745.970174240503	4.044560606243034	3830.61053704221	153.8907234673427	477.9237867329876
215.25	9100.83996744883	22.16736660242369	1120.2384900900113	220.06041338070875	477.0435059747	7542.500235097213	23.76084674952407	1912.1432878441974	374.4778080279845	477.032484455655	6150.970992416387	25.666284214324033	2625.2165800445837	508.9502487975869	473.9107018436688	1714.7270896207567	13.682899594571674	5462.0005334504995	723.0289158876074	470.6722589190693	5746.340413339576	4.047029516494028	3829.8777764755855	154.2310680800644	477.85206871260385
217.75	9100.804525164947	22.177094813449244	1120.2132195536162	219.98035857670638	477.0418051622176	7541.896176255403	23.72268164641416	1912.6037029806598	374.61608672767545	477.1647572361853	6149.517823978342	25.687661309587728	2626.353161375942	509.41042774556325	473.674816934392	1714.6277406815686	13.684956393704402	5462.132909837133	722.8593982706791	470.68275260955994	5746.3215348980375	4.053310895647097	3829.9998369890804	154.21118764635233	478.54312585865495
220.25	9100.819782732102	22.17207063778406	1120.2465048477156	219.98835866238315	476.96702016337144	7541.5779971520005	23.680127064466348	1912.7995466764885	374.69793841266505	477.1855960051737	6147.964737379253	25.705434755249666	2627.4981210010533	509.80958544046547	473.4867343358239	1714.5427788123877	13.687615250817668	5462.32242687268	722.7012983016278	470.90239163145606	5745.900463932014	4.060659913078817	3830.701035982427	153.90985720609524	478.422879912295
222.75	9100.730088610606	22.16306197959816	1120.3035656916989	219.96781462630736	477.17624780211645	7541.175942705261	23.73808576715648	1913.0500961337725	374.79541794479655	477.1289872502303	6146.461982026967	25.70959239722494	2628.7088714009215	510.1950765512482	473.45270879149854	1714.4651544684577	13.68740063766826	5462.630888541066	722.5282467608814	470.85537078147877	5745.721354394847	4.060343090391262	3830.6387183860284	153.97283501682813	477.9244928170196
225.25	9100.596467661966	22.164761807471972	1120.3224490739226	220.00818291398778	477.09476327092455	7540.771314993961	23.768275718483572	1913.50341988819	374.950315916565	477.1101672002956	6145.012289451185	25.713100225891832	2629.871489004541	510.57879918117607	473.45114406426154	1714.4259871506722	13.698456293466153	5462.796598339765	722.3803885446612	470.96634255691407	5746.023280925955	4.059513900243972	3830.2756729504617	154.2142887342302	477.9589230444779
227.75	9100.508854537755	22.172078631863506	1120.2973422919415	219.99573099460096	476.936495838359	7540.3394236044915	23.439518297333066	1913.8943650202234	375.0752005565229	476.8105497181734	6143.665379466863	25.73089927263517	2630.9668953264836	510.96777943503463	473.35857209791004	1714.297352653302	13.700286179203323	5463.0184576757765	722.250335676865	470.92766239588167	5746.261281414383	4.059055332925522	3830.016946304396	154.35718377967586	478.0925646448361
230.25	9100.29005630485	22.177898129482966	1120.2725357092324	220.04742911215746	476.9464892615409	7542.167413198567	22.690119342832887	1912.7396303259432	374.6384640973834	476.77099979619567	6142.214752178706	25.69852367233462	2632.004922691436	511.3208498291547	473.6777244380885	1714.2375295723723	13.697590935186565	5463.277672568407	722.1414178830453	470.86880056692223	5746.042956750244	4.058757259520555	3830.0798053801777	154.28052637038184	478.39041400714376
232.75	9100.365967236676	22.170469261740056	1120.3011033691753	220.05605334357855	477.00713378679916	7544.3393045138455	22.694683937588906	1911.2312775957491	374.05783769102436	476.30413529042755	6140.877999268077	25.690353560366766	2632.965662770331	511.6182186716689	473.6754110073743	1714.2063827353545	13.700072411563674	5463.565654056254	722.0100590242297	470.93631059766153	5745.701825830595	4.060269355949239	3830.4820084805715	154.1483446889548	478.33474469502136
235.25	9100.29341471212	22.17136761288556	1120.2518727046665	220.0616381943274	477.0241549600907	7546.37056686621	22.702942108914737	1909.7372489384265	373.53976298659506	476.1755854203095	6139.735929795033	25.69553410112773	2633.93802212773	511.88807401612047	473.57424109840287	1714.200295104935	13.705294673782397	5463.933480800421	721.9047625774955	470.6649046273992	5745.226606329198	4.058870357281679	3830.8184538854675	154.01006130969407	478.1656726317116
237.75	9100.230735514091	22.16443739312639	1120.285556092233	220.07543394287464	477.16363938648306	7548.234302131924	23.20885792467157	1908.190080474716	373.0319475427867	476.12315100114006	6138.777945757489	25.705968986965264	2634.7270720588726	512.1277300392189	473.54373578921843	1713.985869116589	13.710090248201878	5464.219456776588	721.8402924655923	470.7333437179414	5745.226647777016	4.059956431062605	3830.824592826993	154.04095357056624	478.20601871540714
240.25	9100.212400255734	22.152838611212424	1120.3243910223891	220.08181363369883	477.2144784548992	7546.977291807468	23.782220483446945	1908.942666358996	373.36108892517143	476.3339324375144	6137.776339785266	25.737047216187314	2635.4372573853448	512.3490104895164	473.28571920646505	1713.8624855327973	13.709061201028975	5464.6098646653145	721.7521891472599	470.7696371966716	5745.23808207304	4.067927414629232	3830.5301087453863	154.20969829372606	477.9159339511062
242.75	9099.99574337539	22.16221256950674	1120.2960369935668	220.0881285798134	477.15315649229973	7548.165660372628	23.014371944987555	1908.117352654453	373.0837356160704	476.2709994911715	6136.798952063256	25.70015028986859	2636.163644903958	512.600180569051	473.72510964630214	1713.6655667883736	13.704132173861288	5464.958776668364	721.656407880619	470.86664574040554	5745.241052179479	4.068327124003616	3830.1923988368476	154.3969819260969	478.0518915295336
245.25	9099.892070558459	22.152026947800795	1120.4690596187836	220.08203474350458	477.26726662410573	7548.156594718529	23.391689734118884	1907.9878802746298	373.05412455640146	476.4814819882784	6136.007368661442	25.714639792184386	2636.9273626468944	512.825094558775	473.4987492709981	1713.413435006983	13.710582426775197	5465.22003838318	721.583579768025	470.82378790183685	5745.180828532781	4.062856547897527	3830.110817390999	154.51843979145963	478.02002051281755
247.75	9099.858594213856	22.159157558806548	1120.4670754429471	220.10827591087565	477.148253739515	7548.937204627485	22.91109360696778	1907.3564056240684	372.80919507561543	476.5165043440069	6135.072433222834	25.72237436870449	2637.5610681628596	513.0426333841815	473.3896705823817	1713.0967128542984	13.717994372626166	5465.483936322896	721.4854661621141	470.87118045558464	5745.16076789342	4.063341756065453	3829.9953182720747	154.62072619940648	478.0607811461318
250.25	9099.793287286144	22.166645159890297	1120.491857350932	220.15059197313127	477.0493224797654	7550.2439966798265	23.098943024669286	1906.3030547732792	372.44588062373043	476.22887292889163	6134.16926042228	25.70427640757368	2638.146534459836	513.2128401418297	473.6712516916062	1712.905710414763	13.721465113046143	5465.793625031571	721.3597853041346	470.68280170751547	5744.979942467875	4.066562184551113	3830.05508145075	154.61579546191675	478.25115102713704
252.75	9099.63726691337	22.172194760145413	1120.5452593793111	220.17644465205683	477.0448397019408	7550.615292702281	23.48470285891191	1906.1959899583787	372.45022203778586	476.4040120174837	6133.386732763532	25.733299717287615	2638.6805099902695	513.3689844507817	473.3063306516235	1712.7028884345812	13.721448640898812	5466.0404190457875	721.2969414719997	470.7550816603971	5744.636170630468	4.06880448476526	3830.4055119942086	154.487069114448	478.3006746413133
255.25	9099.68348297813	22.173707399718893	1120.5905887917404	220.17555694160342	476.9566971814963	7550.65230583804	23.490032539747542	1906.2270707710675	372.4605234593728	476.5117734414247	6132.857367857727	25.713548534073883	2639.2813945926528	513.519397648161	473.73736475287257	1712.4039351221609	13.732449066169583	5466.2852994945715	721.1898019459674	470.57972762226484	5744.6151029469665	4.073418509828559	3830.2304418747844	154.58842823163562	477.75800637621825
257.75	9099.508224901867	22.167051035977018	1120.5342905238567	220.21215857691897	476.997580505357	7550.597242682192	23.47195367670951	1906.3675528797364	372.49457492716675	476.78992719814477	6132.000821591045	25.730617408329667	2639.7622187631478	513.6582707905163	473.4319787009843	1712.1845661072357	13.733579004231967	5466.633625320872	721.133755845517	470.5487996592908	5745.024461030995	4.076516638833056	3829.5990784031346	154.9469123466099	477.8043895405776
260.25	9099.393496769371	22.16992617382065	1120.568046868217	220.19306762952135	477.08744250616263	7550.547322615521	23.46837072888218	1906.388960534573	372.51112163537806	476.79091984970967	6131.545250176498	25.70977089009708	2640.339883801442	513.8009214157489	473.7444735074473	1711.5986373241867	13.729357713360788	5466.941587426515	721.0918937747878	470.5653360945459	5744.646806029048	4.069248715265154	3830.0628641568287	154.7746701706289	478.4083258540353
262.75	9099.41098249844	22.155293312931633	1120.6802349687916	220.15224094098923	477.24450603804024	7550.424956123181	23.466079761178992	1906.4647012756143	372.54794673498424	476.6847794352473	6130.74635278126	25.73187821578384	2640.8117921652765	513.9162033450635	473.49753925899586	1711.4742317477376	13.731434756031291	5467.236188939398	721.0340757395571	470.4771591935483	5744.706588165301	4.069431449382314	3830.393656379044	154.65677844390171	478.05037145026307
265.25	9099.313559130713	22.15085122646744	1120.6877190782882	220.19491897344503	477.2672175072776	7550.244649404235	23.464064098474516	1906.5497116759866	372.55134978067787	476.70052169823623	6130.015538055172	25.713746782492827	2641.2187674369807	514.0083309986802	473.61260950992414	1711.31627134404	13.738347152855711	5467.569520866812	720.9998111003443	470.53842617897607	5744.602867456092	4.069603178579951	3830.3555200002193	154.7135194887069	478.0387770017858
267.75	9099.17779809164	22.144963442106256	1120.8443820988048	220.2178624718114	477.40110302674344	7550.030459891998	23.457187412220705	1906.6435308943664	372.55916187867206	476.9054333089724	6129.360317228621	25.719058004943406	2641.717311041389	514.1531227962382	473.5840022085488	1711.0066578564974	13.74237343533359	5467.880543053567	720.9435380137342	470.6295972347729	5744.574143279648	4.075272118691751	3830.1793469241957	154.83538328790235	477.833103709806
270.25	9098.968039007334	22.15090539852215	1120.9003175418616	220.2553435233545	477.3272932567091	7549.844137001841	23.453003757162083	1906.7164795294632	372.59625230990997	476.93528568567666	6128.768119520798	25.717194190385158	2642.084233999233	514.2910195551756	473.4923402621716	1710.7063745866044	13.747832349725622	5468.2246097817015	720.8835279938769	470.60995359232476	5744.66950419278	4.078801187012221	3829.691629557067	155.07615880182723	477.80670211829414
272.75	9099.077743806529	22.150491812668072	1120.9071686016555	220.2159562187062	477.22382752327917	7549.598289956255	23.673090546652464	1906.7120296147805	372.6188693950128	477.0535952727932	6128.389238597247	25.73736468030957	2642.4799561503387	514.4570494209469	473.4332438177501	1710.2529116724504	13.750538570728668	5468.636597567869	720.8391498484293	470.46240959035697	5744.64703095555	4.076788429442192	3829.849798240775	155.08067959043723	478.22208894566376
275.25	9099.041699854602	22.15717420057072	1120.8727546169841	220.21754772128855	477.17966504213473	7548.007943351796	24.077273300500153	1907.7490657321994	372.97639346954924	477.24114248734344	6127.82136627165	25.715992267268653	2642.892114914406	514.607975411554	473.8063346124491	1709.9992098324233	13.752828611683098	5468.992651912314	720.7905962146004	470.4423444842654	5744.254194814199	4.0667493102089125	3830.45040069235	154.84612858944774	478.2668852576121
277.75	9099.179604723899	22.173089624124373	1120.8565183349374	220.23906569698252	477.00433264894593	7546.61486862586	23.84119703084698	1908.702514529584	373.35560360999614	477.28900004366056	6127.32698535017	25.721630791932895	2643.32199663328	514.7313332058618	473.6989014296948	1709.68995982094	13.75105344618431	5469.3202041919085	720.7409485163573	470.5420774366906	5744.018933386998	4.061231810153216	3830.4031760995604	154.86001560424936	477.83420495427777
280.25	9099.25758862798	22.172037431068855	1120.909629074084	220.25242207999182	477.03239798185496	7545.849541017871	23.633430280776093	1909.156680486481	373.5500673306979	477.16327830747343	6126.835990286294	25.72447660186498	2643.7318871450907	514.8828606033666	473.55281627781955	1709.2445438638154	13.755043639913014	5469.655205037536	720.6852782224136	470.4538553218911	5744.154457299542	4.064871535706597	3830.206688807644	154.95716012270688	478.01179551395074
282.75	9099.111057532433	22.170295749286783	1120.895035439227	220.2482758062118	477.0015090645491	7545.459631352892	23.642195636860453	1909.459045121851	373.65929886208147	477.0392591677262	6126.249436028857	25.744300793676818	2644.1571514730354	515.0156182042294	473.34560802659064	1709.1093017089865	13.753323891599479	5470.0324074757655	720.5880806094132	470.48686704660054	5744.077598519724	4.061031279852446	3830.2649637008476	154.94270132092146	478.07049593738407
285.25	9098.965665729726	22.167832998836563	1120.935964747947	220.2705181826833	477.11212688245814	7545.128676661338	23.63878540907331	1909.855639910399	373.7416131800994	477.15088058855315	6125.6742773378355	25.738761399337392	2644.6756082225966	515.1725484943584	473.4467140486358	1708.8449822848886	13.757513782731555	5470.507205318332	720.5351632873956	470.4386788405988	5743.871201366868	4.0585629927089375	3830.544141134659	154.85460999427448	478.20665387969296
287.75	9098.83442913572	22.178651863480095	1120.9371198043605	220.28643912562563	476.94005078610746	7544.599782060254	23.46342161026694	1910.2114927369375	373.860106352504	477.1955669016078	6124.971852092643	25.746705176731496	2645.041226144913	515.312519948878	473.43454240214186	1708.5192166230875	13.76030607534282	5470.807778721386	720.4993513310562	470.5713213559194	5743.719447401625	4.067028036121568	3830.7528791664254	154.7892884404498	478.07822481975984
290.25	9098.772360887071	22.17852821139174	1121.0700948578237	220.26689813119347	476.887841778803	7545.217941446126	22.97419445522024	1909.8264953675623	373.6556735001015	477.0007059283306	6124.57201822207	25.725402696304332	2645.509563856832	515.4415932244179	473.5411780795033	1708.0653173135408	13.763826218930438	5471.1742594909865	720.4554300292765	470.51113195839224	5743.55160024346	4.072997400773	3830.990825782186	154.73855584914742	478.2008468061327
292.75	9098.685098180478	22.189629639105327	1121.1489901620707	220.28581514493226	476.79123847822444	7546.787073434356	22.666150075474178	1908.5174407247493	373.1952140412982	476.8281004717938	6123.979850764836	25.73676357986047	2645.841058314715	515.5273325618106	473.3751936519989	1708.009145644442	13.763791694922075	5471.585137017515	720.3860614187444	470.3302789685292	5743.180177996006	4.072638645608316	3831.434679736647	154.57827315552112	478.1765407632644
295.25	9098.790333957562	22.192249643225548	1121.1330283017405	220.300288100183	476.705590440357	7548.6427397536845	22.680137740114795	1907.1662609480354	372.7295540327135	476.46463134088685	6123.5640121687975	25.72751521784252	2646.137041265992	515.5981581124206	473.56859040517406	1707.5479133216777	13.764288427722828	5471.922398861806	720.3569235298361	470.41704553566524	5742.920066221146	4.06868638293438	3831.579598435357	154.57406193886004	478.1852921171634
297.75	9098.579869509109	22.194559174948715	1121.2165664532017	220.29432127233156	476.69925225349675	7550.372804487445	22.67047964772512	1905.9328190950737	372.22926238484797	476.64661750924904	6122.973674866167	25.74852663283178	2646.308460536619	515.6990212638871	473.2391751944752	1707.3796045392348	13.768248710870006	5472.2460861373775	720.3028854855795	470.49219818303976	5742.8561262845	4.069733128547103	3831.8715091623617	154.48259423557215	478.24308980839464
300.25	9098.511654603259	22.196499988726195	1121.2491414637134	220.3027745969783	476.6631117135743	7552.059675955967	22.676895901625166	1904.6485983134532	371.77442952800305	476.5220429083389	6122.545983966748	25.730709489832684	2646.541010587681	515.7740017829013	473.52943887040664	1707.1157355007224	13.767532411881337	5472.589890404432	720.3216604160249	470.3775298549394	5742.999164361762	4.068996264688604	3831.629555906614	154.64485435343047	477.8003056381638
302.75	9098.513175303835	22.196375506531616	1121.3196660981284	220.30574611896222	476.73066630053677	7553.894357224191	22.66609647068342	1903.378022859012	371.3091849581222	476.53790932663804	6122.466371870024	25.74023632021156	2646.747261773115	515.78729936553	473.34600680217613	1707.0496641375896	13.776535760154943	5472.976328455449	720.3159604195814	470.165710044861	5742.940801074628	4.071138507074363	3831.269095952459	154.88214056493445	477.94008172983644
305.25	9098.477449399168	22.197001865896233	1121.3215837343225	220.29976937785503	476.68162551447193	7555.4940326441065	22.848671482991858	1902.1812222520402	370.90464703269043	476.3731834464588	6122.282315744453	25.728349288422148	2646.8977246949808	515.7740117911679	473.5067561175488	1706.951036505368	13.779570393400219	5473.356592815879	720.2568195951803	470.2126601926466	5743.219156105343	4.076071411221516	3830.855894996694	155.0884979583127	477.80931403348126
307.75	9098.528575503617	22.19721521581922	1121.4254608279873	220.32197273968515	476.7559779541893	7555.968280595978	23.200770289399117	1901.7338003759385	370.72670639665006	476.68415959849995	6122.164597338557	25.746601300481895	2646.902422313382	515.7589953555947	473.3671427808415	1706.737207397294	13.786119838348819	5473.740073574619	720.2412199139503	470.0162882336214	5743.313250448735	4.079557135198177	3830.579243113012	155.2940392309536	477.8341372340076
310.25	9098.40127355408	22.19095035576985	1121.5524437930915	220.35319045192122	476.846327899581	7556.336698419828	23.205408373667485	1901.4873674857047	370.71598353763324	476.6620010984867	6121.927832864097	25.726979230792253	2646.8702377376594	515.7875640418381	473.6808601257236	1706.450520570936	13.787237841504	5474.122756768655	720.2137301483743	469.8636721726602	5743.14015967233	4.074089120882125	3830.4674469693327	155.37448399140885	477.90808349647295
312.75	9098.254956226032	22.18641818829284	1121.6458022415118	220.34564534070392	476.7789336050613	7556.601519746714	23.21834527447059	1901.2154369010618	370.69551490490005	476.51888679761737	6121.804340021704	25.737803407830068	2646.8855376672695	515.7465625146523	473.45509003557567	1706.2699348181804	13.784518956535122	5474.501737570079	720.1876433786068	469.8108475359419	5743.279245183434	4.076119376154902	3830.209834028752	155.4792142897891	477.7178814449379
315.25	9097.928602605765	22.190323875121113	1121.654583642135	220.35478129281924	476.7601232133074	7556.850589224054	23.205769915276246	1901.1686719348222	370.63750941415833	476.79319981122035	6121.956949848146	25.72832499504465	2646.981536351762	515.7279218905504	473.5045169410779	1705.9718876172687	13.791790450698374	5474.911332480817	720.1298827485633	469.73592337834936	5743.504026844279	4.08042498076732	3829.84236354594	155.6924747849889	477.7670558654767
317.75	9097.877280908557	22.194015857747342	1121.798530040095	220.36820139747283	476.7994211507585	7556.990471289648	23.197978291928738	1901.090861240562	370.59356378957375	476.86350663186397	6121.742031153695	25.749618151182556	2646.9823078408854	515.7071218397601	473.28512746276795	1705.7082958449794	13.795648381937916	5475.306161779628	720.1226197490374	469.9442476593364	5743.55175558098	4.0787505108427204	3829.8117457176927	155.75007978185823	477.93001000354457
320.25	9097.844661223597	22.18465231903163	1121.8302954380497	220.37986249083673	476.86922155104133	7557.058713694928	23.194040108251112	1900.9360553642919	370.5393722710338	476.8469163406313	6121.578792941183	25.727232162993236	2647.032509118537	515.7058926716581	473.6109786028672	1705.5927988341725	13.796517358969936	5475.6411605172925	720.0885396368346	469.9211562110731	5743.375840625922	4.081082481162155	3830.0017998645503	155.67066127950122	477.9293145820642
322.75	9097.743362117984	22.175252655982142	1121.8266285936675	220.3823907285765	477.0012195303332	7557.231186186098	23.510058614361206	1900.8151524123284	370.48965151868094	476.9461983784165	6121.569779615818	25.723390677197372	2647.067761778007	515.6849784305032	473.6137959228861	1705.1977611002758	13.792938703078132	5475.935907235018	720.0392017812792	469.89897162708587	5743.088392372334	4.078254619034965	3830.2737285857506	155.58984006940648	478.0087502746046
325.25	9097.643485529556	22.176754990620882	1121.9524211146602	220.39582649906274	476.9129841799286	7555.446996330841	24.21721273206005	1902.152077686431	371.01402124592306	477.1012783124002	6121.554433460911	25.744369577110003	2647.0943448593043	515.6854572817718	473.60748471673674	1704.6412567093714	13.784994332727349	5476.28259367868	720.0276623607932	469.89582199282137	5742.912686070738	4.071838267394217	3830.4244807092255	155.54042769816414	477.904768736931
327.75	9097.624322499485	22.182509942728487	1122.0394698948098	220.3771818678627	476.8058006627806	7553.072927332013	24.235972302547378	1903.7251227895465	371.61216844208616	477.0212388593121	6121.5072150075575	25.724147620390816	2647.191647971169	515.6636706896724	473.92048008831756	1704.3005385411527	13.787871085674174	5476.61635041952	720.0028809987783	469.9560407851956	5742.990572612799	4.073487745161731	3830.2537057603654	155.57240968679375	477.72861834475145
330.25	9097.498015884428	22.18484349210708	1122.0777365503504	220.43564532734615	476.81393324043415	7550.829519498293	24.230478585116384	1905.3120120636977	372.1976273304624	477.2140880855869	6121.29440787788	25.68894197589728	2647.391263609122	515.720656802562	474.24758282827486	1704.2368173987877	13.79227561637449	5476.892855575516	719.991111443856	469.869969274969	5743.231562759819	4.07195307089072	3830.0041665261515	155.72783030963726	477.75110763787126
332.75	9097.224118893426	22.193881093486798	1122.0273182124201	220.41467998146783	476.7418158176846	7548.738999511806	23.87737914518643	1906.8490643514015	372.74805212891863	477.3121271197499	6120.972870670189	25.68747161623652	2647.5713519951723	515.7924491863247	474.10138790882434	1703.9013951131578	13.787375201797607	5477.2203948321385	719.9636246815592	469.86762972766127	5743.349952064534	4.080438031242186	3829.8449457011047	155.85015796347582	477.71604929611357
335.25	9097.522524661255	22.196739432001053	1122.0067751855256	220.41553834407128	476.6749064302352	7548.8859517915325	23.45111309687493	1906.791871991825	372.73391942113943	477.23567781360515	6120.721043482702	25.706744174509932	2647.826753781464	515.8334223539202	473.7285731152981	1703.6184776274247	13.793489769711893	5477.507087968258	719.9197555404227	470.0535169867019	5743.10565153702	4.075805830113858	3829.8395959505433	155.85023677248645	477.9041985143691
337.75	9097.622311323912	22.198221662913404	1121.9572869365643	220.42435040039598	476.7297625746633	7547.612483473078	24.02573919612978	1907.7512046624097	373.07006506284426	477.1730457172898	6120.2777787930845	25.7265094511867	2648.09041857428	515.8834612020986	473.68172619791596	1703.2340656945858	13.788019401880476	5477.807510056279	719.8842305039796	469.9947162195644	5743.0810899577655	4.073816053980445	3829.9507253398356	155.7473642687905	477.8333055010781
340.25	9097.531800463263	22.19819591768271	1122.0037136254196	220.39610198217954	476.72406443493605	7546.542518257254	23.460302738104165	1908.5574925333037	373.3882991031652	477.3613231203002	6119.987117090581	25.746626849076797	2648.347792386703	515.9828017735211	473.55858308449723	1702.987523558933	13.785636476164912	5478.133194254529	719.8841595278129	469.8659967441316	5743.055509419863	4.081666090505637	3829.970776412409	155.7471662132304	477.8143239336213
342.75	9097.65614725516	22.199534257383355	1122.0301758720007	220.41712479928336	476.6664497735046	7547.951065442211	23.062079420387107	1907.6895442261389	373.06335901213646	477.0828482538281	6119.595477031469	25.709273102580315	2648.620766192041	516.1006440917846	473.9130723347066	1702.6896365716736	13.79460797598895	5478.463345679303	719.8475632198881	470.01621644371585	5743.231610346543	4.081432108103577	3829.7597114660903	155.8783939480776	477.74494583094423
345.25	9097.74436304601	22.19397239837878	1122.0426419154599	220.42691442703807	476.73999710741094	7547.321459761112	23.53991810334643	1908.2090588497656	373.23104768831917	476.8794713921671	6119.379358151437	25.71559972923581	2648.8130727502253	516.1678131714004	473.79865730405953	1702.4630590494264	13.804401101934594	5478.653857482866	719.8296558026766	469.9981178265259	5743.114482371624	4.083722281272085	3829.5214364315652	156.02681172168744	477.62749482173587
347.75	9097.726632781243	22.192852918189285	1122.0332557155027	220.44672863542206	476.82604975354997	7548.359804462195	22.679843857025666	1907.449298903249	372.90757280691344	476.77930900719	6119.254404849387	25.712914768431112	2649.053619948187	516.2320360757901	473.7648124275119	1702.2326610903717	13.810726001347634	5478.940766826117	719.7984520640535	470.27778358872706	5743.000955237947	4.086868472294165	3829.3454690272024	156.124592728576	477.8555687056757
350.25	9097.838154244066	22.176941834740756	1122.050840176599	220.4353186321204	476.99394368281605	7549.931430844834	22.665180787455153	1906.0901478437395	372.4176113310878	476.67668091217445	6119.092825711325	25.724372836846467	2649.1879286091385	516.2768997720956	473.49223603192036	1701.9793499558202	13.809058653286415	5479.283408095465	719.7718337836046	470.38601715300814	5743.008430662365	4.0900127495545275	3829.5464273023276	156.07420868522408	477.7496812631529
352.75	9097.95279173855	22.173251721188183	1122.0855440108535	220.44882259675856	476.9866608838264	7551.6894171891745	22.686214185319923	1904.8353255068093	371.9316933778683	476.28483854908956	6119.039457113022	25.746954449635826	2649.2572396326855	516.2905673435089	473.3271868365061	1701.6317825695694	13.814158391357623	5479.538970999881	719.7812863114223	470.4886794829498	5743.068502701643	4.0960971941051785	3829.415299777501	156.15390251014594	477.7287745617709
355.25	9097.938343933098	22.17501742378182	1122.0990295960694	220.43733389648378	476.9634485986201	7553.77778198427	23.072254399049395	1903.6481937328726	371.4823418330367	476.11698199804664	6118.986958717452	25.733412593972247	2649.4024342337025	516.2687077473374	473.484666370285	1701.3657884600796	13.815666033249842	5479.859121492078	719.7513878803737	470.568426454439	5742.811214040938	4.098561693616687	3829.5164713827926	156.12743439402277	477.78368814378547
357.75	9097.997875055185	22.1798087405226	1122.171798755101	220.4772874561058	476.94088969568656	7552.927518856586	23.8667644975157	1904.0644423411984	371.64291540202385	476.62174168549933	6119.218719745561	25.757819575444657	2649.475177756064	516.2728506212354	473.24794200233924	1701.0528510082327	13.820043830351143	5480.065662400756	719.7132527745381	470.3915959454843	5742.758125728842	4.0959161157564274	3829.497551715507	156.12128681599995	477.73888302812634
360.25	9097.729632746461	22.1788489836097	1122.1683310613137	220.4753664652774	477.036551774406	7551.732563488293	23.882705555281387	1905.0308559066095	371.9632387397689	476.8978026920139	6119.007049268957	25.73945758145939	2649.4744494305787	516.3149712109662	473.6647910781952	1700.850637901276	13.826153841660656	5480.329312001216	719.6721744627429	470.3598461456687	5742.760734918248	4.100734720125806	3829.644575750076	156.09613961044957	477.87646906862165
362.75	9097.863403711455	22.19044755230095	1122.1567337147405	220.48053501107228	476.7861606762398	7550.656883793529	23.982067493097606	1905.975350197167	372.2873556169197	477.1505234443695	6118.723738509602	25.740154831880872	2649.6732062625456	516.3279550628156	473.4920165417108	1700.714961440751	13.831078258061545	5480.629680983267	719.7031465282896	470.33104215225535	5742.803917377006	4.100562115212184	3829.8392225651933	156.0184914908652	477.8153180286628
365.25	9097.764704853706	22.181561670839653	1122.2261304928743	220.4808439368861	476.9832681086962	7548.831362066947	23.722581980025886	1907.3972324588447	372.7990048565791	477.37951792248504	6118.512932841596	25.759469665364186	2649.8582078436248	516.362133676018	473.47818127585623	1700.363726341057	13.82987942802777	5480.903840367917	719.664463195264	470.27617788854076	5742.579915537192	4.094692314908588	3829.750093479456	156.08275130610326	477.8016134533172
367.75	9097.58708540461	22.181982909928696	1122.2504843709803	220.47860080006475	476.87469681996595	7549.799569992836	23.154810532931386	1906.646516739639	372.5284824014846	477.0082424198028	6118.3598988294125	25.712345433047464	2649.97983895138	516.4386960699736	473.8607685486196	1700.1218982480275	13.836332136364904	5481.335324028793	719.6752230743548	470.32913876977744	5742.390242139465	4.1014011281870335	3829.9504213602113	155.99366239259507	477.8885245337842
370.25	9097.529054225392	22.175304153750336	1122.3259243681505	220.47400561105155	477.02749700138133	7548.555554521755	23.821999162462504	1907.5943723605276	372.8634726668541	477.1394903371677	6118.224241303354	25.74964339502797	2650.097175907296	516.4665455123073	473.4809500543921	1699.9199829966333	13.83776874875519	5481.621546386061	719.6813487621152	470.4362543422768	5742.2505590565	4.085863582216595	3830.153090726778	155.9177050408186	477.8721205444102
372.75	9097.393271303665	22.168049161687044	1122.3971530668848	220.48571904845454	477.07764446449016	7548.759052454327	23.35005868194812	1907.296467713277	372.7668437136771	477.07952247162444	6118.064513978441	25.718792662380917	2650.2249672670446	516.5389855089554	473.7748951579509	1699.5467516406811	13.831555006463814	5481.8928767909165	719.6433629050296	470.5604540098636	5742.102292481918	4.0886786601114045	3830.1986189494232	155.93091513400063	477.7428844554664
375.25	9097.109605508618	22.1764475342345	1122.3565683072673	220.48479938308765	477.01489003204046	7547.655269913055	24.055990114046963	1908.1983070376095	373.0773544416254	477.160602139816	6117.890100896906	25.730211553799343	2650.293660680092	516.5928735233796	473.71222056130216	1699.2132190661118	13.822727325440642	5482.289505644465	719.6531866360435	470.51853619163376	5742.032663216312	4.090452473534243	3830.1842332739443	156.00010907867403	477.83882450235336
377.75	9097.03447960628	22.185218296249396	1122.4250895480643	220.45593119736856	476.72570773171446	7546.071314854715	23.79196301854678	1909.3354927787718	373.47843452288583	477.36487109189875	6117.52280099098	25.746914803589572	2650.516157645885	516.6308408810912	473.5341488683113	1699.148069214541	13.823036872337365	5482.589169134161	719.6410202357182	470.32647781794196	5741.810082804557	4.087959794760816	3830.459049555511	155.9468362074873	477.93912062676833
380.25	9096.896440579716	22.187281047275864	1122.449419347361	220.44153281069777	476.8323859990144	7546.05104418781	23.18844666295363	1909.4392270502876	373.4860936620599	477.26217713838736	6117.179118479146	25.75105985544738	2650.7094371353796	516.6754354846782	473.44907570405115	1698.8539819178714	13.815730604082285	5482.7723306655	719.6414325246707	470.36004945425043	5741.460109770521	4.088907737998208	3830.8373644714347	155.84419825399948	477.9393890124577
382.75	9097.027288888346	22.203674935176785	1122.4112846657476	220.41828062415686	476.52488287953	7547.2634141850585	22.85033487599195	1908.591842903919	373.19389503580965	477.0288825778656	6116.8622845717455	25.709916399257214	2650.84500293936	516.7192677531133	473.92551995942506	1698.5573397748683	13.816169731828802	5482.9647532341805	719.6259700138015	470.2663582671643	5741.239404419247	4.091158379306962	3831.0655812111218	155.79144138618224	477.91390492613925
385.25	9096.89983900833	22.19363015766847	1122.4179703379848	220.46979342897626	476.83329033096766	7548.6836796080715	22.852265066548934	1907.607845826654	372.8300463667485	476.8443426632044	6116.591883653098	25.7141167741522	2651.0099210665912	516.7489157082451	473.78151584717284	1698.3815906710643	13.815487999560608	5483.256900831063	719.647671292513	470.1261854218723	5741.1279340147885	4.092589746236939	3831.1602575059574	155.79279636317585	477.8660502074941
387.75	9096.94873900087	22.19301815751387	1122.4899248859901	220.44325692651242	476.85902674572424	7550.0539017771525	22.867898780891604	1906.6733648585382	372.48474801987595	476.7087077834165	6116.587714685899	25.724924486448757	2651.1389216495227	516.7624437894544	473.55857973106197	1698.109108142624	13.819594767225874	5483.531852258078	719.6405275443013	470.0323823968091	5740.999114487608	4.086762807050504	3831.349051231696	155.7478478526243	478.0165194216222
390.25	9096.793555240743	22.181443433466075	1122.4468273401133	220.49343830262848	477.0076333326688	7551.393922925681	22.85897783555541	1905.7823913303685	372.13766364085086	476.7987175190779	6116.504178524898	25.753964669013445	2651.1919888637467	516.7062519274002	473.2846473958177	1697.878801525934	13.817791354787536	5483.839973231811	719.6339706899067	470.1275279969234	5740.693285304027	4.0857274194254956	3831.7385333880848	155.58788586599618	478.19530903177355
392.75	9096.784248156548	22.16408615367225	1122.4673170494514	220.49095708139603	477.1422910205365	7552.485631078948	22.857909722708737	1904.8668798740948	371.80906930915756	476.6808526062595	6116.47627424557	25.732412292801165	2651.2042807186076	516.693408680447	473.51833216662726	1697.4998794792061	13.815962887528546	5484.128379284497	719.5989784714897	469.89438095366125	5740.41564370088	4.08660533987816	3832.1896198911427	155.44750323347168	478.0607803594851
395.25	9096.777957647095	22.174328476065952	1122.4493298717136	220.52649675215005	476.98839914758224	7553.715655127213	22.868391531359936	1904.1036098611887	371.46140772687863	476.51032331705545	6116.367342572469	25.761725095504936	2651.134089300024	516.6857802785676	473.192535452527	1697.2329150897642	13.811611032490845	5484.382423697362	719.618152152548	470.08880970421285	5740.1963194379005	4.0826109034783125	3832.6041656867924	155.28883941234335	478.1030524425022
397.75	9096.690412509915	22.175389414709777	1122.4169728649629	220.54828106154238	477.04406892744373	7554.706056299913	22.87859401852876	1903.3054647369058	371.1424144935176	476.37398669403973	6116.286416829143	25.74576090158469	2651.075002775587	516.6877172357398	473.4923537473943	1696.9374148786976	13.816024322516128	5484.665111652681	719.6182110642221	470.0867509341826	5740.004779568643	4.08195941308703	3832.609627603585	155.29410199587397	478.0022177454306
