0.0	-1.0	-0.4519886248689331	0.0026444140035576736	-0.0016094862826868883	1.4555936279776817E-4	7.010686393497545E-4	0.005317663019013005
2.5	-0.8345778717152342	-0.5575838737595386	0.0014149797287830459	-4.4674272458902954E-4	9.466677747387501E-4	6.561894852867797E-4	0.003410149237452731
5.0	-0.6080948237771284	-0.6927136745443284	0.0015840419727279475	-3.2088215347552014E-5	0.0013141128154859952	6.422438304683428E-4	0.0032458112732755345
7.5	-0.5035109896296684	-0.7526464474113971	0.0024206423005394277	5.150555567672494E-4	0.001691513363547038	6.241936534190039E-4	0.004398685479062024
10.0	-0.14791630202011327	-0.9621079705652211	0.0018012437430108444	0.0012842407700658417	0.002279986892773481	5.922891959415833E-4	0.00510969026024078
12.5	-0.906313001001261	-0.49835450210580234	0.002892845393575297	0.002099558344287078	0.0031092120834632754	6.055506141553685E-4	0.006059382434578836
15.0	-0.48648665763838733	-0.6923354484821336	0.001984623832500073	0.0022970553754168167	0.0034717179594811382	5.83106615620534E-4	0.00654697336630765
17.5	-0.9166427705746714	-0.508677616190102	0.0022615607034838837	0.00278337563869288	0.004865077651481571	5.551212736122726E-4	0.007499357375762348
20.0	-0.2755967818095766	-0.6858836009572159	0.0017409670120111303	0.002373088933042511	0.004560329067559874	5.514761025256274E-4	0.006354110657262091
22.5	-0.4156264786786494	-0.6425748478277976	0.0021444186209122937	0.0028960763332504056	0.006181448071811266	5.611322399841442E-4	0.005646689652963571
25.0	-0.24964940450719414	-0.6801779397937578	0.003454004433903979	0.004774618322667419	0.009468039010172144	5.911151112449095E-4	0.009098640142550848
27.5	-0.25325424738798386	-0.6792830542368371	0.004516182000245923	0.005810636399757621	0.012802602366240187	5.514090753928903E-4	0.00830980085159761
30.0	-0.15829767193010447	-0.6927970399830512	0.008620956526097774	0.010891548979192988	0.02447589519987349	7.341999512489117E-4	0.0160696525858758
32.5	-0.12938178587536978	-0.683008094157792	0.007592616509048601	0.009556251714212389	0.02260019233823622	6.732156733868081E-4	0.01075160161426138
35.0	0.191731517279517	0.8889781008445986	0.009791710081135606	0.011732926257404566	0.027017830258744623	7.230129266602511E-4	0.011055914610585292
37.5	0.23044118565094796	0.8820060675792587	0.019113062357172507	0.018939809471331726	0.04184244185282828	9.78102529818981E-4	0.022474576576403952
40.0	0.212790329613093	0.886024027517178	0.01566364757909351	0.015085535708087718	0.028958521543983658	8.20429410339639E-4	0.01554355511146136
42.5	0.41835315273012247	0.8321552119729554	0.028531883995775966	0.02523763010692184	0.03477010988016299	0.0010523297652330536	0.02481722875861049
45.0	0.3896030266322465	0.8417295260146103	0.02247804636966661	0.017751967996393614	0.0219659393735168	9.198383952180282E-4	0.018565237287024233
47.5	0.8233419169766467	0.6666539166780666	0.07142385172794563	0.04148504763744756	0.03565260679816365	0.001884286560385272	0.05544969508933511
50.0	1.0	0.564905547384495	0.05249548631474688	0.013532423971912361	0.0057431050368448745	0.0011767001241007953	0.027712075227906058
52.5	0.5340810707954647	0.8653164763650054	0.12188976745853246	-0.0027063623814308144	-0.013785071130792706	0.0019051822460890082	0.051442707029004046
55.0	-1.0	-1.0	0.40270347922952066	0.1930173118525102	-0.037458820535082454	0.9989721075171978	1.0
57.5	-0.9999199164504115	-1.0	4.4963344062095564E-4	5.560828362531143E-4	0.0014281748420382693	3.3375118170027914E-4	9.197710913268777E-4
60.0	-0.9996409769761923	-1.0	4.55187398574523E-4	8.792198414253518E-4	0.0019837129142059916	3.702251237640317E-4	9.885592501537943E-4
62.5	0.4011292106621829	-0.945752514028009	5.538266324634855E-4	0.001117441681057692	0.003245303358785031	3.57978638728468E-4	0.0016972729052153355
65.0	-0.30481565438039754	-0.40789295711625323	0.0013135596789961305	0.0027113465371458568	0.005251619562386938	3.727539928586296E-4	0.0028722960269571586
67.5	-0.15280728427151666	-0.43531902613825935	0.0018664093961720477	0.004363912872296235	0.007500338055400089	3.945014821823466E-4	0.004614339757650769
70.0	-0.14257443248976998	-0.43653230146803307	0.0027826716572143923	0.00919408599312073	0.014589077929673707	4.747113394091115E-4	0.008802494182667632
72.5	0.20286101350221186	0.45222355526759433	0.0038516991831772786	0.011323672738179691	0.01876146833715082	5.331784537362086E-4	0.009373224146196905
75.0	0.1594575390973914	0.46492506458112354	0.0031459933423674913	0.009025375735707072	0.015191815460698884	4.0267940594474404E-4	0.006781535662701504
77.5	0.0865200426614875	0.484982964207717	0.005472775679035987	0.01295396540963631	0.022517136187625717	4.794933146969797E-4	0.009207024233616598
80.0	0.2473091449433823	0.4457785592764835	0.0033121450552967492	0.008511492040764677	0.013176774112864404	4.1485991090794874E-4	0.0069878211888989945
82.5	0.044755297369823165	0.5085263569597827	0.0033250009837839526	0.007659025733550818	0.012820802823406141	4.5558862723316275E-4	0.006568353591863075
85.0	0.1577210472507542	0.4765645819404886	0.0037190940422278215	0.00718498087747829	0.010597894905178087	4.4487661622407895E-4	0.006383227109106804
87.5	0.11819822768563629	0.4885911751384497	0.009157366129930771	0.016142705271673528	0.021992105656647994	6.589169297387535E-4	0.014757874684734116
90.0	0.16398131505675992	0.4738011246134706	0.008920215502495832	0.013634968623808627	0.0167381682996127	6.377271827480361E-4	0.01502421854041698
92.5	0.09141639378982386	0.4993261829841575	0.0026097077587869523	0.004706679502074939	0.0065356432376508485	4.1864202221573044E-4	0.005231945724849673
95.0	0.21465328173464387	0.45743592362608	0.0032211811389029612	0.005495797590264087	0.006760853960756629	5.090968588801117E-4	0.009170223126338353
97.5	0.21949739629340426	0.45565843673147227	0.004373521867230808	0.006688114301244145	0.0077385271308076375	4.1365537534875536E-4	0.00721555497948941
100.0	0.4017619262044016	0.38373195158347095	0.005496648413343477	0.006765232017987346	0.006663648392166812	4.2792886729293056E-4	0.011230815956279467
102.5	0.3575434463702606	0.4037238898998734	0.021099130841662744	0.022964877514785372	0.01698056455350222	0.0011138680348301317	0.053035660764598265
105.0	0.23726926046490307	-1.0	2.2299215057108127E-4	6.215637392167103E-4	0.0020059147257850732	0.9962879032024847	1.0
107.5	-0.6321541816039407	-0.4302732660444222	1.7188738380877937E-4	5.29264020538346E-4	0.0016091599090570046	1.1511415753424208E-4	4.014755945152696E-4
110.0	-0.25871627119265345	-0.594961682295018	2.2753701696700564E-4	4.8615389076242673E-4	0.0014699480054559005	1.3104762488687968E-4	4.480144893250914E-4
112.5	-0.29179662943439866	-0.5789001083067054	2.2551914308994469E-4	5.457716643297327E-4	0.0015629061695516865	1.2151823876337115E-4	4.2009320321509977E-4
115.0	-0.2623894665497079	-0.5928684639103932	2.5065231599826133E-4	6.261575808145833E-4	0.0016218757126330154	1.4358477920255107E-4	5.512130898657115E-4
117.5	-0.3622395570301973	-0.5524657999153636	2.5727236182331156E-4	8.212641057752532E-4	0.002289184991328801	1.7985730900805356E-4	5.668177104523766E-4
120.0	-0.2568537821354821	-0.5756757069228204	5.200389212739909E-4	0.0015443901484199633	0.0035355254306973917	1.635038807124982E-4	7.104070353140825E-4
122.5	-0.1495470491370775	-0.5679835988881428	9.41358708390543E-4	0.0023553638068860923	0.004402986925657187	1.6683882338500185E-4	5.831791403813654E-4
125.0	0.17253939882802427	0.40675779751047664	7.457587049728927E-4	0.002279727262803578	0.00406740468875981	1.5625742038392359E-4	3.189475346548624E-4
127.5	-0.007265408382544442	0.47878190293673806	9.219519291148462E-4	0.002715777587184658	0.004888035287173407	1.3473111734945662E-4	2.8874316194457705E-4
130.0	0.043384463847089334	0.46791555185052225	0.00140727728622807	0.0037884333169090835	0.007250069314785377	1.3857067125030222E-4	3.7422888468922964E-4
132.5	0.04693740535617599	0.46722144836845064	0.0018460262968704431	0.0038573327690275922	0.0073949505227145695	1.6957470479905603E-4	7.392389533089664E-4
135.0	-0.05997560807045668	0.486578859915844	0.001686188663067579	0.0024880442666640216	0.006046807824052813	1.304291828048904E-4	2.846734093135141E-4
137.5	-0.12531475153595065	0.4933350451395594	0.0021727477560849026	0.0022054600867232373	0.00798185233196284	1.5024466998817115E-4	2.449497834023878E-4
140.0	0.73551542442803	0.3624086769429466	8.412469324659619E-4	0.0019183847996651292	0.0027060249426788443	1.71640323714609E-4	4.3151626255452473E-4
142.5	0.7287533472697529	0.3657365508900743	4.151841932534843E-4	4.54074359362643E-4	9.307504463225874E-4	1.5934196914736543E-4	2.1367877415735218E-4
145.0	-1.0	-1.0	1.817314931871021E-4	4.494789674790677E-4	0.0016337627602153772	0.9961484885252309	1.0
147.5	-0.42568174504490447	-0.9560117294578625	1.0633421257293961E-4	2.1897273227526536E-4	0.0016716398528869821	8.885744539631065E-5	1.870650180920596E-5
150.0	-0.08739123004507737	-0.7928979901779583	8.680170997098021E-5	1.7087315525012595E-4	0.0023897834435382464	6.138955208985275E-5	1.2306419434863597E-4
152.5	0.10386866228108188	0.5061233634150231	5.961667679270766E-5	9.332491745315334E-4	0.007882694545783364	6.12655780327775E-5	1.408842318350206E-4
155.0	-0.035186686013496525	0.51773485510693	-1.8733370629861926E-4	4.3122239326541403E-4	0.01436083930978161	3.5098297839905024E-5	1.5053436582156208E-4
157.5	-0.014048678314906514	0.5173276208246279	-9.395603042714687E-4	5.64825836450645E-4	0.008933479252705765	6.3720052408834E-5	1.8088923756752432E-4
160.0	-0.018232190740851018	0.5174498774955699	-0.0010828819219325955	1.1117653602605624E-5	0.0036257951114768475	7.737476534288734E-5	1.5910615444029633E-4
162.5	-0.24339564981117814	0.506556306734107	-0.003560465181542507	-5.735055086944972E-4	0.002013749532580675	4.8262790774830965E-5	1.478923987761959E-4
165.0	-0.40779386643174037	0.323544133303217	-0.004047114619712898	5.497432027304434E-4	-0.0013025547219784907	1.65759107187298E-5	1.2204811337348827E-4
167.5	-0.6757223035986805	-0.6715005294299567	-2.670640309805744E-4	3.4438709908498046E-5	2.3410739411758048E-4	1.2949168081613568E-5	1.0231080041692149E-4
170.0	1.0	0.0840545385493565	-1.9954592862255873E-4	1.2923777948025665E-5	2.8292480655516217E-4	2.297476776699248E-5	5.6073986163432216E-5
172.5	-0.48987125753621147	0.03992551084951835	-2.069595377611998E-4	-3.76588007224043E-5	4.273216556873357E-4	2.5126669834212676E-5	1.1469430636004294E-4
175.0	0.07259232864749121	0.32145035583722115	-1.742655929117017E-4	-2.481908780810006E-5	4.1527702879674274E-4	1.2849396874723118E-5	1.2886359611621697E-4
177.5	0.31217749124408944	0.3725214476031738	-1.5217769899070514E-4	5.649012440189853E-6	4.12253548966556E-4	4.8516339801803626E-5	1.6861732995737618E-4
180.0	-0.3623122115377829	0.2463860640348054	-9.797115833555426E-5	1.2849209793569393E-5	3.686784463086978E-4	6.351797256010737E-5	1.028306403494941E-4
182.5	0.21754351966254723	0.2657205980323393	-4.231596791085656E-5	1.7470451098088486E-5	3.9332607079434407E-4	4.1357155371873906E-5	1.1656718133406874E-4
185.0	-0.135639924532746	-0.2001019080640621	2.719214640937784E-5	1.6326017453287306E-5	3.6834499610448687E-4	2.6047824929568905E-5	8.011998039612763E-5
187.5	0.3109203792577977	-0.13821061443987792	7.410867055376145E-5	1.8346821370632933E-5	3.303204121755315E-4	6.697454799700806E-6	1.2682292883743669E-5
190.0	0.31669259761071233	-0.13861600314664654	9.215536121409359E-5	4.7390561225399675E-5	6.027621030805948E-4	-6.387197144994537E-6	-5.867155575344829E-5
192.5	0.2171671259586196	-0.11495359345529181	1.3950411644796166E-4	8.069139189716117E-5	5.777175321186686E-4	1.5520085947238906E-6	-5.187420724502166E-5
195.0	-0.18751662139285974	-0.012732658931294513	1.7171825614119762E-4	5.7013496846283765E-5	5.275934437850888E-4	1.6164791474756102E-5	-7.15915918117885E-5
197.5	-0.04095466028789337	-0.026205097896714748	1.2845751382822073E-4	5.308539141365242E-5	5.084858974234899E-4	3.518293531372835E-5	-5.0898234320961797E-5
200.0	-0.17887406815887102	-0.017517417200377996	3.3493798809781363E-4	1.7294841574867612E-5	3.567483258790035E-4	3.5781095167972924E-5	-1.3807116431776043E-4
202.5	-0.027367920501506722	-0.2692636595937931	1.901068589936812E-4	1.1927248623172983E-5	1.8931309777743064E-4	-1.647367509616846E-5	-1.1770594456537086E-4
205.0	-0.38676351266694825	-0.36479731775178104	9.216355311122385E-5	-3.9323813020454944E-5	2.385286659451331E-4	2.5804978578556847E-5	-1.0523321797323663E-4
207.5	-0.27372152741185435	-0.20745529308619876	6.496813824049404E-5	-2.0460848326111666E-5	1.0139841321625792E-4	2.2889106726616928E-5	-1.4200649791657217E-4
210.0	-0.08547369601743814	0.17202309670846247	8.997276212020676E-5	-2.4735954926356996E-5	1.0027613598415522E-4	4.728275841803114E-6	-2.898129767981665E-4
212.5	0.3874027280362891	0.18783957113023825	9.227097267557066E-5	3.0644155100705075E-7	9.749021618323249E-5	-2.193931134161657E-5	-2.3334668650613812E-4
215.0	0.10393420607695852	-0.024844627357129286	1.0524716700518409E-4	4.095801862623116E-6	9.415504654472441E-5	-1.385730787599239E-5	-1.2675086588394697E-4
217.5	-0.028936041519252463	-0.03638424703170568	1.5766901100095043E-4	-4.5498445722991736E-5	3.8235906845866525E-4	-3.5724798935399946E-5	-2.4298747948752345E-4
220.0	-0.04163396876564289	-0.04081186769610382	1.645629951465479E-4	-9.165656983233973E-5	3.7519915309770525E-4	-7.055039876286207E-5	-1.9095058929000084E-4
222.5	-0.04494853961932366	-0.04230169642023921	1.1610145984750974E-4	-1.3358782518366996E-4	3.6140365199842465E-4	-1.0605073925995875E-4	-2.425127349332715E-4
225.0	0.03602404771386413	0.022543889774316185	1.7090171336481847E-4	-2.1117829141894203E-4	4.489478965044384E-4	-1.4591779387662635E-4	-2.348961362325302E-4
227.5	0.1629079249876973	0.07221615508556878	7.986621244425715E-4	-5.563597834454435E-4	0.0014806508165428277	-1.2817871255174494E-4	-1.7669895266183818E-4
230.0	-0.10563758792899555	0.04377187223633841	3.885942079270214E-4	-3.655864241818309E-4	5.178974803478385E-4	-1.3084827788830447E-4	-1.8108397134131892E-4
232.5	0.16593091850191857	0.16645893357107874	6.836491191142488E-4	-1.586531127000781E-4	7.794178130996501E-4	-1.2775450595906365E-4	-1.7488017529622383E-4
235.0	-0.12196911376866613	0.16990498314544036	0.0017856814838664063	6.90012803388011E-6	3.29920145737818E-5	-1.0021934335655681E-4	-2.4322335624276392E-4
237.5	0.883877730921349	-0.5928785688190134	8.658372644975007E-4	-1.6621212394809882E-5	-1.2631570073080004E-4	-1.1991910135384928E-4	-6.432842388434698E-4
240.0	0.5	0.4791523064418795	1.0621100981219846E-4	2.1272117255887073E-5	6.791919780868504E-5	-1.2747606334824495E-4	-6.217236384495094E-4
242.5	0.5	-0.5671650091157372	0.013737457521529607	-0.0055738517623875015	-0.002508223072805516	-4.821144346276407E-4	-0.011320361770620131
245.0	0.5	0.04140614784381683	7.51601109320243E-5	1.1410240209665331E-5	6.9795530739544075E-6	-1.9693215674836174E-4	-0.0022520483349585583
247.5	0.5	0.45626070027623805	9.845107623911188E-5	-2.6142326416674853E-4	-6.914894963002838E-4	-0.6946282874658571	-1.0
250.0	0.5	-0.9093242520970249	1.9368007037404416E-4	-1.3662721740370214E-4	-2.5132748454693004E-5	-6.956767765611774E-5	-7.001410429248807E-5
252.5	0.5	0.588698533757886	0.0013108708710326835	-0.003094064189798455	1.7659727701077696E-4	-8.326401770791588E-5	-1.815305869532613E-4
255.0	0.5	0.5888203311106374	0.12263485100413038	-0.28789099885012526	-0.14951483682674443	-0.9606464394606867	-1.0
257.5	0.5	0.588890741911604	0.07361839583911108	-0.3270858895411971	-0.22237886306994145	1.0369251772916723E-5	2.0144067571509363E-4
260.0	0.5	0.5889426370177265	0.027743793470864597	-0.21502796745708236	-0.19452099427316863	8.402058171877014E-6	6.647836897192111E-5
262.5	0.5	0.5889829061182629	-4.202864394167171E-6	-2.633051508313784E-4	-6.09059197327826E-4	1.3103181103434608E-5	3.2925209768984505E-5
265.0	0.5	0.5185852502938554	-0.013356978871628759	-0.2721685220703764	-0.24275498075549737	4.902987232429547E-6	2.3277996944283696E-5
267.5	0.5	0.39291224345318804	-0.07539300666988014	-0.5547711327279308	-0.47877945442624825	-1.3017730186351236E-5	9.523336446305669E-5
270.0	0.5	0.1455675035617947	-0.03567768026367156	-0.4012121071433175	-0.36170666388969536	-0.0245217541172039	0.5793736006603252
272.5	0.5	-1.0	-2.7405185934044107E-5	-2.742498512133274E-4	9.285540224173458E-4	9.122062505646941E-6	1.2658983160648347E-5
275.0	0.5	-0.48772668001469394	2.5545498613690464E-5	-1.521561490055009E-5	5.089727311165867E-4	2.405876046673769E-5	-3.773089933199995E-5
277.5	0.5	-1.0	0.021748717721207154	-0.22928249681217783	0.028095517476105166	0.05744263079654409	-0.9965410783325608
280.0	0.5	-0.19628990844021799	6.912584546952166E-5	-4.5171085308458816E-5	6.222464273211702E-4	3.1231418612182874E-5	1.1396387448062174E-4
282.5	0.5	-0.9767562074988936	0.035082118710065203	-0.43864115380182905	0.20072722682850783	2.1921460954854716E-5	6.755708908522954E-5
285.0	0.5	0.2889067350450995	6.951548032385662E-5	-0.005501857886769703	0.0038767601781364023	3.0035312852071082E-5	1.0795280397854557E-5
287.5	0.5	-0.41201937454465615	0.062843381520812	-0.6218397441132615	0.25008755997431964	7.571834303293679E-6	4.0607898753730604E-5
290.0	0.5	-0.45074957684276284	0.06830360492346646	-0.4491372315095395	0.28073440168682323	1.6110849096474233E-5	7.112402933098246E-6
292.5	0.5	-0.358422932767146	0.10232094425786441	-0.5112683272720071	0.3391435590968424	0.6172488092805587	-0.8095301277519538
295.0	0.5	-0.4003738203806891	1.516102326677698E-4	4.711086784068662E-4	0.0016211127846168228	0.048571731343600134	0.5942028248525376
297.5	0.5	-0.40024352376048483	0.2464386568123743	-0.8114356358598853	0.6496825702648967	-6.081358943493529E-7	-2.8856188068373835E-5
300.0	0.5	-0.9963706769657232	1.2059516425888557E-4	4.2806715194630067E-4	0.0015280611639022035	0.09467480436455698	-0.7478353384249165
302.5	0.5	-0.29863510794636544	1.6570722803857337E-4	3.72564647136275E-4	0.0015070311491091441	5.994293956422319E-5	1.1618199188952828E-4
305.0	0.5	-0.2982682112641853	0.17028092652125418	-0.7452751746213718	0.5201751805096572	0.0935833942445032	0.39840325448711517
307.5	0.5	-1.0	1.393114690741531E-4	4.678506905975224E-4	0.001394812723692286	8.577593006179707E-5	5.809534035082891E-5
310.0	0.5	-0.2734346225968889	0.07016924202573536	-0.49965737185625797	0.3234413111288649	1.058966199681386E-4	4.704735494632188E-5
312.5	0.5	-0.9173556827260564	1.3029062639382884E-4	5.73857919812338E-4	0.0013717771708827472	0.5614666240520715	0.5191741948739462
315.0	0.5	0.6446661746762428	0.0768594096796697	-0.5924626355242238	0.38087223738323567	1.1520598760496183E-4	-1.1205513606764639E-5
317.5	0.5	-0.9938451349578767	1.4256593670701893E-4	4.3699556201465506E-4	0.001430311716552338	9.21450647012578E-5	8.729515409885827E-6
320.0	0.5	-0.18407977259254413	0.026941374657176772	-0.4603544759462103	0.26083440731555346	8.34537833688269E-5	-2.3279035215571263E-6
322.5	0.5	-1.0	-0.005361258062207598	-0.25154963581402734	0.10665869847746035	0.535141984090425	-0.5957246812820594
325.0	0.5	-0.22491673675601606	6.537047934389809E-5	3.5536074426465803E-4	0.0013827058690653532	0.18648361797509105	0.46635498812130644
327.5	0.5	-0.12497803173107092	1.262493168551688E-4	4.6882429478262546E-4	0.0014190596673199249	0.003562677645460358	0.03577447347667279
330.0	0.5	-0.1266359267224634	1.0053688301525072E-4	4.127247317902382E-4	0.00142624854322378	0.2004289835473688	0.4700465440624051
332.5	0.5	-0.4985202678162046	0.1361368054865376	-0.7225526321991892	0.3950930049180157	5.99775943644713E-5	-1.9618453077243306E-5
335.0	0.5	-0.5894792272325591	1.45232852770406E-4	5.368488136776048E-4	0.0014093674854261447	3.583957535048908E-5	-4.2077388949975536E-5
337.5	0.5	-0.589791412897687	1.7421994568071384E-4	4.848850328063796E-4	0.0014059485902539206	3.354312818978843E-5	-1.6106531278620955E-5
340.0	0.5	-0.15712669778362512	0.17387357635641199	-0.8265338430401674	0.4472173189482978	6.504319246065377E-5	-1.1789175084463256E-6
342.5	0.5	-0.9094995143951381	1.662414258859666E-4	5.250493436185608E-4	0.0011744528842514564	3.211902058446021E-5	4.707079223514812E-5
345.0	0.5	-0.9096179538733494	1.550888004104093E-4	5.861794688913575E-4	0.001304715172763642	0.5892952858077596	1.0
347.5	0.5	-0.7958004758522729	1.3558402992092442E-4	4.8805357270557894E-4	0.001254922526297692	9.432926566764206E-6	-8.103109056773608E-6
350.0	0.5	0.25191029905306506	0.022521975412685573	-0.5539534670122065	0.30168397773349637	-2.0640407708057615E-5	2.3558639878592516E-5
352.5	0.5	1.0	6.972171661914444E-5	2.547764575366576E-4	2.5327936006602287E-4	-2.69481907471321E-5	6.201796239143892E-5
355.0	0.5	-1.0	4.7362597229226744E-5	4.501465481883634E-4	0.0012492412978565035	-0.8987049642524241	1.0
357.5	0.5	-0.9178472448860625	0.05132901850344964	-0.6426466673800985	0.2793028038595253	3.5540735020320665E-5	-7.608288730683553E-5
360.0	0.5	-0.8959016062224082	0.006508294624240179	-0.4673700806345061	0.21772209665716616	0.035334445094944524	-0.29065562323440114
362.5	0.5	-0.10170588956905606	0.08724184005169174	-0.7095073644178927	0.3674619035828126	3.2809692153286783E-5	-2.5131961843539434E-5
365.0	0.5	-1.0	2.3789979826774728E-5	4.052070748833787E-4	0.0012171827640752478	4.6700756547619375E-5	-1.034379158707307E-5
367.5	0.5	-0.6434066439550408	7.36040182887996E-5	4.1395004091080275E-4	0.0012950176182909745	2.1986606716654787E-5	-5.7571039382441686E-5
370.0	0.5	1.0	-0.006126102353884392	-0.5140262207601409	0.3024953326508072	4.833044717533205E-7	-3.919796177065962E-5
372.5	0.5	1.0	1.0227687117059704E-5	2.0270288096152871E-4	4.157816245883806E-4	-2.2478000269294753E-5	3.4721170361577846E-6
375.0	0.5	-1.0	3.316486282390797E-5	3.525728180880718E-4	0.0012022807945176763	-1.5934367817757836E-5	-2.7170916718919358E-5
377.5	0.5	-0.999756246454676	1.3369449412270354E-4	4.529244534419796E-5	9.283748523558356E-4	3.1329278252561384E-5	-5.148258847753333E-5
380.0	0.5	-0.8902392920152151	4.1445409320798584E-4	-0.003396588333782792	0.0023536937980681524	2.0380720152019027E-5	-6.607085692803562E-5
382.5	0.5	-0.5022065619458307	0.3036432935917858	-1.0	0.5119264030927271	0.20782538457516236	-0.7452301074025085
385.0	0.5	-0.9153780327326788	0.023620794254469633	-0.5134754154544229	0.1869041436614156	0.1341773715563905	0.4969884437144088
387.5	0.5	-0.9011581557961387	4.580693957056952E-5	4.512445422643157E-4	0.0013561490982028357	8.480465242474115E-5	-1.3219954491587334E-5
390.0	0.5	0.4032373596420176	-0.01414328781053558	-0.6030221610368257	0.27186621962848406	0.5220422122732616	-0.9148828858586395
392.5	0.5	-0.7669446627262623	-0.0711614541653513	-0.6961750111037812	0.2709118105715165	0.3289533427777981	0.6006348329355026
395.0	0.5	0.7148259830320877	1.3950649215138206E-5	5.049424785089901E-4	0.001311819201363346	0.008016075930455727	-0.1614922544807147
397.5	0.5	-0.8597700556815361	-1.0587539063338515E-5	3.57895255217363E-4	0.001566184575806599	2.03641303799906E-5	5.623352088983442E-5
400.0	0.5	-0.8589313961525111	-1.2712362659995815E-4	-0.0070572929720622785	0.006076024417911391	7.336447036485739E-5	-6.391085941961199E-7
402.5	0.5	-0.16383245339612412	5.242633868991162E-5	3.6928767757201297E-4	0.0016956277540576149	0.007182641216337705	-0.050093527717276945
405.0	0.5	-0.16362487774906057	4.8754080456410856E-5	3.5173875389866007E-4	0.0016686918404535242	6.059414881283295E-5	2.1801517294301107E-5
407.5	0.5	-0.16347234410592468	0.0018545280150602974	-0.6403626721215719	0.4326059319092512	8.52262686810502E-5	9.445834891366714E-6
410.0	0.5	-0.33279767837063656	-1.3951717822159547E-5	3.83794129971489E-4	0.0016352179714142522	0.035924957749154725	-0.10490384753894175
412.5	0.5	-0.33268514557924844	-3.0497024211196175E-5	4.226053580019049E-4	0.0019660854279089663	1.0137673128133722E-4	3.415426023771122E-5
415.0	0.5	-0.332577929840313	3.171639458095963E-5	4.3301031677637765E-4	0.00217087515402414	6.082385437844561E-5	1.9144077238452445E-5
417.5	0.5	-0.33247609348703694	0.0034563384349081397	-0.6344416164476516	0.4523960488520409	3.100909026783519E-5	-9.422070194064637E-6
420.0	0.5	-0.3323839162059499	7.606141954611337E-5	4.7935299935385987E-4	0.0019494832887506878	1.1746896749424094E-5	1.6037290003155366E-5
422.5	0.5	-0.3323000282460987	0.05168134125783653	-0.7349111380175654	0.5005610915113187	-6.659882266387217E-6	1.2392125810824941E-5
425.0	0.5	-0.33222004381213593	6.543494639425608E-5	4.577411369935657E-4	0.0020870101279850286	-6.55953578881788E-5	-4.067769255240424E-5
427.5	0.5	-0.33214287492156475	0.04934725539265045	-0.7611146353959177	0.6090696110263941	-0.0087302130189733	-0.0559956600273559
430.0	0.5	-0.33207039252208087	1.5786024045256997E-5	4.687913445152402E-4	0.002077181742539269	-0.9504787407477501	-1.0
432.5	0.5	-0.332003066770139	-0.05226657402709272	-0.8076221726751711	0.44574082688986444	-0.08782735698975935	0.5484334689057939
435.0	0.5	-0.3319378081293492	-1.0362571879464698E-4	3.809664504244008E-4	0.0018812440156731368	-3.8471314876101916E-5	-4.084024618794579E-5
437.5	0.5	-0.3318743172757896	-7.539063666422584E-5	3.602960579564286E-4	0.002012580175195466	-0.030130316026119028	-0.32708794766011323
440.0	0.5	-0.331813160607345	-0.08374473019147416	-0.8348995748453653	0.35399104568072337	1.1968310512749929E-6	4.875152566990191E-5
442.5	0.5	-0.3317557076087871	-1.039247940546885E-4	5.447019948692171E-4	0.0018550218904572714	-7.671458379610832E-6	6.488358089697505E-5
445.0	0.5	-0.3316995524644795	-2.6335959905384808E-5	5.01383885471883E-4	0.0022248695284191908	-5.820269838137291E-6	4.6306558457232505E-5
447.5	0.5	-0.3316432224400845	-1.0635722241340903E-4	5.324223059811241E-4	0.0025556145386204042	-1.3234170856983332E-5	-3.053810126798794E-5
450.0	0.5	-0.33158760999118486	-1.724198527702032E-4	4.865196007485299E-4	0.0025979818656005588	-2.963551207383369E-5	6.843947017574908E-6
452.5	0.5	-0.3315329836498754	-0.2348346920190522	-1.0	0.8106798462122858	-3.38168198043114E-5	6.272034075547254E-5
455.0	0.5	-0.3314809561384709	-1.2112933056633696E-5	6.383058887083288E-4	0.002008078842450765	-5.063583092423371E-7	1.332737066617226E-5
457.5	0.5	-0.3314309933010951	4.6028508211881995E-6	6.494023370702472E-4	0.0019491286775761853	2.1074277879168526E-5	-7.232222103125459E-6
460.0	0.5	-0.33138301904112366	2.674346065548029E-5	4.2105171102881973E-4	0.0019466067500195914	1.3944689169259425E-5	4.080080685921662E-5
462.5	0.5	-0.3313370203642455	-0.02929101288526478	-0.6609251253587032	0.2862673874507421	3.9020092778692304E-5	8.405179319129407E-6
465.0	0.5	-0.33129271651735515	4.533051253853838E-5	4.923743989744705E-4	0.002144501699289331	1.6864962880907243E-5	1.5475315662970237E-5
467.5	0.5	-0.33124931633751936	2.3006359143446254E-5	4.5572912832217606E-4	0.0023558607890642345	4.702123265254403E-5	-3.7853494759530662E-6
470.0	0.5	-0.3312071335518199	-0.030231943643202027	-0.7323917593206226	0.4098020134190686	0.046799876589219476	0.4264927144721056
472.5	0.5	-0.3311659241186683	-6.685390421438615E-5	4.807156252243623E-4	0.0020925810950115976	1.0266659338646248E-5	2.6265337661536193E-5
