0.0	9099.418066063323	22.25731802665025	1120.6933888360566	220.22955860160326	475.83155697097334	7532.238992647228	23.328030473719508	1920.2574150551195	376.3915273644486	477.03904651828964	6142.372839484403	24.829793275532577	2633.2967253844545	509.80603074750763	472.759987078265	1711.7896954696919	14.28832167829073	5446.177791241422	743.0687074360393	467.8036244905155	5755.297940884698	4.186472360382533	3807.2857401239567	166.3907589063491	475.82727561466896
0.25	9099.448757048749	22.257547681974597	1120.66980458523	220.23498453564903	475.8212094112102	7532.270981610529	23.125356436977928	1920.1891300218333	376.37543549684	477.07279571002994	6142.462893998708	24.747034184016446	2633.238330312119	509.7902441972746	472.8139547923654	1711.7754768759019	14.286823144155676	5446.212380546958	743.0550621539555	467.8084579444728	5755.223448206471	4.18636378015699	3807.3305761076326	166.34643142918273	475.8724660775058
2.75	9099.575511192916	22.24872706993395	1120.709107129662	220.2638015298247	475.9770953755704	7534.184729211827	22.71201065429595	1918.7076654771317	375.8324484574179	476.9351927893186	6143.463870185447	24.501097654139315	2632.4224201486145	509.5172536865771	472.84364941140433	1711.9220223271661	14.279521685826246	5446.467739740759	742.8203243489846	467.80695294025367	5755.170642903879	4.176771756047322	3807.7824733159214	166.15093915108852	475.81601880374967
5.25	9099.593067362399	22.250693599395603	1120.6812060067218	220.26502018995603	475.9139598572174	7536.278883608857	22.86350119580407	1917.0979131031456	375.2276487449627	476.6642092978681	6144.667042879076	24.399695302141605	2631.35438048687	509.1717567650765	472.70109667649007	1712.1242546577232	14.270138411003314	5446.749061288465	742.5766675442352	467.82857399654415	5754.796253544928	4.155919858920162	3808.3176060638107	165.91804843520802	475.91936462841574
7.75	9099.707439510084	22.25829059322062	1120.7358289569975	220.2971075095908	475.80330750714586	7537.90999696755	23.038554487870435	1915.7821708924291	374.81828089071917	476.40971728023055	6145.958574795781	24.327732193198333	2630.1526736644973	508.79471791580005	472.6557074320275	1712.0942877786613	14.266187086863317	5447.077808681636	742.3520230263567	468.0502919132308	5754.716119543487	4.145500857268522	3808.8195463788093	165.68043876454007	475.74787634257035
10.25	9099.758938007039	22.24969143898317	1120.7425854679843	220.3470308870783	475.89560735081534	7539.30248473498	23.213203886640656	1914.8050365828185	374.4980295783059	476.10957010609377	6147.772663339949	24.229184324026317	2628.765604771264	508.32399262071607	472.5860970151901	1712.0336271764604	14.2611864530577	5447.338270668183	742.1011187528701	468.31000558679153	5754.575294405092	4.138611514363645	3808.947384603847	165.6800330570327	475.7700832834252
12.75	9099.785838640513	22.260140979787643	1120.652664529042	220.28594856124926	475.7874651539259	7539.922949208598	23.219621816343366	1914.3054177653053	374.32554238335405	476.0922699421046	6149.974540991284	24.227381714534626	2627.2114406300916	507.8100962254987	472.3401593205713	1712.1909104890342	14.251385786633081	5447.63134422595	741.8371527107471	468.36926477359066	5754.719396746702	4.1237413984561355	3809.1742595840606	165.522280861832	475.77313460666727
15.25	9100.012158676269	22.2555584610748	1120.670668161504	220.31480502786852	475.92861151740067	7541.515155250418	22.928998093007078	1913.0650704819975	373.9163597533469	475.9050775957873	6151.374763664058	24.45443779837788	2626.1425025886692	507.5008569176098	472.2432146626695	1712.1645400114778	14.240327355310855	5447.899352652376	741.5114896002316	468.4100027957449	5754.670148262802	4.125505863831408	3809.1992326296663	165.49884868433364	475.75838672300057
17.75	9100.04206318817	22.25353300029379	1120.6647097884872	220.28662486784518	475.8271702832486	7542.6446630034625	23.042804762796294	1912.060199075308	373.59310267187453	475.91403729299526	6152.881326653504	24.42043573629031	2624.912551726661	507.10342107081	471.9656462276893	1712.2330993257037	14.229256942752805	5448.118479551789	741.187821065642	468.64741545981997	5754.561744171003	4.125506826912352	3809.258204435119	165.4456383808298	475.83521275336375
20.25	9100.124442885734	22.25507481823842	1120.5671101440032	220.27749338188497	475.84706314867907	7544.4369400303	22.97000197117824	1910.7463006892178	373.1647395640027	475.85619393571477	6154.449790588275	24.489119941415	2623.838946574181	506.8187245037227	472.01448275548984	1712.2103734909897	14.221271072265633	5448.392254704735	740.8962779158949	468.58220134157	5754.549145172766	4.126850754415376	3809.6103542700675	165.27783931505178	475.9951516167268
22.75	9100.349535850639	22.262314077075146	1120.4938388593139	220.26557188308817	475.7629960667086	7545.344240336152	23.28677566179942	1910.106470126167	372.9831273175111	475.7568644056037	6156.030233869348	24.41003068973849	2622.716090199018	506.48223817765694	471.7561869718969	1712.3359994812295	14.217520750216057	5448.617797842979	740.649995376482	468.44190280289683	5754.128198174425	4.117215492719924	3810.0666505438267	165.00974726803105	476.1249659246511
25.25	9100.582707700083	22.264355025862702	1120.468493084883	220.2983501241736	475.7402626286786	7546.245554552228	23.26550024388411	1909.6044878758055	372.8361221307348	475.7096274785961	6157.48454397248	24.436119316569883	2621.480435683211	506.09549659211837	471.48403714610157	1712.5296565493845	14.213524949293804	5448.779766796205	740.3908868980037	468.7214038696326	5753.9490328270795	4.118857747646423	3810.4562757093126	164.77487501797955	475.9773389800044
27.75	9100.62768249946	22.269037600109325	1120.4442951644266	220.28934518769816	475.62311235508184	7546.832392285691	23.350744898989966	1909.192671567413	372.74033106992295	475.73636777188983	6158.954162181527	24.442407011385896	2620.3294354445234	505.7288464999171	471.22372201466845	1712.6653424802937	14.201387855523734	5448.957838065157	740.1206960525858	468.7568806202792	5754.0128641218425	4.116137510861343	3810.6920181708992	164.62344561481856	476.10907613295643
30.25	9100.526295999854	22.26533474276044	1120.4546958342528	220.30031038663128	475.6799424127274	7547.297356957901	23.37705795155439	1908.7599217550492	372.6596495375789	475.7234532695209	6160.389859912184	24.447788680518848	2619.2521687324333	505.3772889732649	471.0693058918953	1712.6779407700326	14.191460455648883	5449.205033511808	739.8261243041267	468.71246745727956	5754.127179155091	4.110185999865405	3810.8337600724117	164.5109066831117	475.965591567793
32.75	9100.518900530373	22.2789318414521	1120.4966773982292	220.26221159204295	475.5965847530933	7547.611096626691	23.43509817753069	1908.5260923884705	372.6175423564206	475.74438629752433	6161.90287959601	24.457419135234108	2618.1559913100796	505.0440302638719	470.9184395167497	1712.8240930831955	14.199971629752264	5449.2973659049485	739.5167607531577	468.61236609572916	5754.166388281406	4.099039304391568	3810.9862636550934	164.44865776038623	476.04646728661936
35.25	9100.620274422727	22.27655992615636	1120.4798258846308	220.26919144751088	475.5122321747712	7548.010492845315	23.53570424373076	1908.2780159316997	372.60809679848467	475.68279347316206	6163.232412593586	24.87256547788892	2617.1460477946607	504.72015341284373	470.75483418664044	1712.6106671581376	14.191804738494586	5449.450449498965	739.2315256199869	468.4157534503324	5754.097189755283	4.09901686287054	3811.134560422234	164.31784801217668	476.1094954582321
37.75	9100.577656740834	22.285220136308993	1120.4165631829883	220.24539173476242	475.57241400393264	7547.9701093819285	23.702928326541375	1908.4188788479948	372.7013576080323	475.8904320694597	6161.965384769278	25.788550826567413	2617.8096487234275	505.0400100701513	470.9255623972606	1712.9403560386406	14.192296450195368	5449.585376063173	738.9664671427895	468.49544278554293	5754.1869245143125	4.116335538520655	3811.2939568040965	164.16128932230583	476.0700872955901
40.25	9100.698345840261	22.277794861444256	1120.3525176404582	220.22888346725057	475.60047543519505	7547.454126081944	23.72178286041523	1908.6922666827436	372.85369310821625	475.8492453128881	6160.320485619905	25.797292176267764	2618.998184202051	505.50704406748196	471.1704602211963	1713.2309888459702	14.195280000739734	5449.7622742919	738.6536417304466	468.5284199873279	5754.112365970812	4.125755908246416	3811.3859796546703	164.0399470602046	476.2129806017175
42.75	9100.667483686942	22.28419999129635	1120.3453859874294	220.22765367938163	475.486349755832	7547.07802535853	23.771233877503043	1908.9101711782716	372.97829566272816	475.88598950765606	6158.856198009969	25.756220245271972	2620.1829702072796	505.98542057481137	471.6529836497337	1713.35135370611	14.182356842692855	5449.955268087719	738.398159067005	468.57624254537575	5753.883369797102	4.137133575541789	3811.8062819004695	163.8167353578747	476.2263797389094
45.25	9100.772025457078	22.27897954760198	1120.340304462267	220.243130827724	475.6975760220165	7546.417583539029	23.865274570949875	1909.4045152562203	373.185329749827	476.03146236808385	6157.271364373331	25.700793842133706	2621.233490278018	506.378951935871	471.88716984000285	1713.1960213626935	14.191425640493486	5450.185721312682	738.1236080548266	468.48717398760186	5753.89880199107	4.141497491617705	3812.3006414215142	163.58294101576686	476.3520170043859
47.75	9101.014323515057	22.267635763727416	1120.3577637783292	220.24469634064562	475.7956353793302	7545.647928411395	23.958417468675076	1909.9712263597435	373.4265927506028	476.01760335206876	6155.764902865786	25.636777023274433	2622.347990593456	506.8274610546962	472.2858048869064	1713.3177050403333	14.191560253073412	5450.31567521164	737.8860765533982	468.48792197581105	5753.704268410219	4.141343860594589	3812.6891829751553	163.34103792170066	476.36659583891804
50.25	9100.861476548596	22.266787772788447	1120.2986557615923	220.1881780231366	475.73475367358355	7544.268046973793	24.22349285101692	1910.9558741415701	373.80697854562305	476.2500459795744	6154.816526510818	25.48578138097091	2623.2125706247275	507.1538484095369	472.5898712368366	1713.286699350416	14.189340988239737	5450.581214138643	737.6386423594068	468.52131260401353	5753.47918335509	4.134742801377431	3813.2629341407924	163.04813707346423	476.4697987241116
52.75	9100.895803070498	22.273127586030004	1120.3661482091431	220.17403750251586	475.6883397178696	7542.7956516761615	24.185514551811874	1912.1498167037025	374.28207168269387	476.4292979129092	6153.883458783999	25.490574729269955	2623.9067517179415	507.47839904341805	472.7083785029657	1713.2645601858735	14.190142727756895	5450.824433043891	737.3633591457688	468.56086952104226	5753.208227874647	4.143148023597462	3813.82685506879	162.74923140328679	476.59249352627285
55.25	9100.71165854826	22.247604470278695	1120.400228477511	220.17239351671375	476.14307424951636	7541.595656461812	23.55673275811666	1912.900292317773	374.5582986350068	476.4215440777197	6152.605701809914	25.16758353782914	2624.9717588696963	507.85143374331926	473.0194854234894	1713.3443587742959	14.190508909435017	5450.97527319245	737.1364940897244	468.60520713640796	5753.031803543326	4.144310788607776	3814.441818031502	162.43964430342825	476.5834382032798
57.75	9100.523663157428	22.221899529740426	1120.3970104034242	220.1791216583695	476.28711571637206	7542.998955403471	22.722387563396815	1911.837568875347	374.16746800932975	476.3515770368496	6153.948494573405	24.069119988904728	2623.9876207756192	507.53169510221704	472.8417904766634	1713.3908316179507	14.18049358859477	5451.137995101359	736.8803280249615	469.0103390379436	5752.713228882625	4.130649056755394	3815.2786669446705	162.00332779655488	476.92580062288846
60.25	9100.396409492972	22.22077381796474	1120.4149865703016	220.13376295281049	476.27216080495566	7545.095206726256	22.72368818016708	1910.3270236238452	373.6379585196837	475.93806970930535	6155.92310589778	24.04495419886993	2622.367435278118	506.98586168643385	472.623440046266	1713.3115866305216	14.17421997771626	5451.374377172043	736.654043841486	468.86592877009264	5752.128239520783	4.108260760030295	3816.0654854789072	161.56643568301962	476.88793520946246
62.75	9100.427275097547	22.22060239197864	1120.4436242697848	220.11883435017208	476.26568891976297	7547.278189242778	23.095618473164404	1908.861645896592	373.09309631580703	475.63746294418627	6158.0911826904385	24.091536703042195	2620.703000043395	506.4031574912139	472.1677422890672	1713.4156126647274	14.172196421710886	5451.617668532532	736.4447858834277	469.10641048345883	5751.782590196638	4.09809294598576	3816.6701368353356	161.25211924127228	476.83965781961933
65.25	9100.43475353138	22.223515381857123	1120.3479222059386	220.1610071208101	476.2870681267281	7547.094866916877	23.694823984158546	1908.9819040472726	373.15227914810396	475.62913383816823	6160.231114023821	24.285328534815037	2619.111985013825	505.8813648784813	471.96736961183404	1713.4565049655475	14.158602877112859	5451.855235173704	736.1722136935067	469.1488824511424	5751.77592891805	4.0900275129706	3816.9803590673696	161.09010272551063	476.81273839933795
67.75	9100.53691083121	22.22373954158301	1120.3169936401966	220.14889600958614	476.3948016002443	7547.2530817786	23.364953490663027	1908.735919853182	373.0791974580461	475.6106407207556	6161.319177787806	24.6055430587527	2618.2295292377603	505.60372007564257	471.80932019561277	1713.5259583192487	14.154247410673497	5452.041782184255	735.9582027210878	469.23198559754803	5751.605178976436	4.078081683439026	3817.109002921042	160.9916959040119	476.8518094914571
70.25	9100.655716634805	22.207462946767546	1120.3084279252705	220.1570666818543	476.58565415303264	7547.584042180082	23.44544266128799	1908.4209009289846	373.006288449259	475.52476958466815	6162.319458081514	24.615588820290043	2617.6014606614085	505.3848124885637	471.5693934234789	1713.7095611884229	14.13977701544888	5452.177046795151	735.7054650398532	469.2790279228283	5751.590373013475	4.07635781264664	3817.374121801963	160.90157280157766	476.7162881877907
72.75	9100.775735987712	22.200353633998677	1120.229117175894	220.14260276075302	476.5867643648034	7548.034478013857	23.538558360727297	1908.1318526065716	372.901790955295	475.5442009590061	6163.131578209957	24.85641225336888	2616.8264569483654	505.1762608218844	471.46047750930916	1713.734806673785	14.135213789786583	5452.366800947315	735.4420091294695	469.11949218615257	5751.684908637749	4.080254376232489	3817.3212298793064	160.89777447295168	476.72017947737214
75.25	9100.833822701476	22.20439938861879	1120.1830383798697	220.17397019238118	476.55536637388735	7547.976282400399	23.712080549832436	1908.3139951725263	372.97565992655854	475.68708514228234	6162.672300082545	25.383699624858245	2617.1787710361255	505.29160876018483	471.43861995907355	1713.8202672684454	14.135319600036985	5452.5278190555	735.1534847353821	469.3424030891793	5751.680027037742	4.086762671976948	3817.406591202517	160.86498217208535	476.77821163828503
77.75	9100.577138372513	22.21711534775893	1120.0680374679466	220.15237259414198	476.4763863121873	7547.661740864514	23.67505231776573	1908.5402374418159	373.0843284452824	475.66437083283427	6161.761774195182	25.430253437038466	2617.6726064921463	505.509285332412	471.30771180450114	1713.883793506288	14.13438011764499	5452.652289687531	734.8853752871322	469.2495672769519	5751.8207140660115	4.091195536587881	3817.2901102916135	160.85400975499462	476.7311068328405
80.25	9100.659863424336	22.211041034044534	1120.048670146973	220.16233086403028	476.4804742751415	7547.596228469484	23.67133591795687	1908.6416802450403	373.15386519852285	475.712862782533	6160.8553351671035	25.413950442476633	2618.3658857459545	505.75590341138474	471.6369906156001	1713.8599056571147	14.127384154671976	5452.825102011023	734.6521464900309	469.31191345237306	5751.789307553218	4.097398479376764	3817.3518180045685	160.79348076681364	476.7918193658108
82.75	9100.674413326908	22.200760803961646	1119.9990116608742	220.19140417955327	476.5704956794167	7547.2029779594795	23.701835441522903	1908.9754005155426	373.2791060833605	475.9112530098	6159.952204323133	25.396678487286117	2618.932783060859	506.00614312590966	471.60482767893666	1713.9730516410784	14.130440984528317	5452.921927786213	734.3824808074424	469.1856206593081	5751.7279370911365	4.101851895537048	3817.564292119113	160.6688934697613	476.9300195405143
85.25	9100.555045829788	22.209035607042473	1120.010550880823	220.17619797031418	476.40639483174243	7546.863537258476	23.611487440023883	1909.1262900059294	373.3501440483647	475.87428858430627	6158.928381370322	25.41902070592424	2619.4912297043197	506.2233523387696	471.83352165115264	1713.8571553247423	14.120536967271097	5453.086056476269	734.0988254545127	469.1713484647478	5751.450478849506	4.101650941718408	3817.9900808485663	160.44600812760217	476.88488069781135
87.75	9100.634797417417	22.214243338936182	1119.9891630476357	220.19918353809365	476.41462786382135	7546.561311479356	23.658773919797973	1909.2813121883805	373.43825877821325	475.92649639694497	6158.051593785908	25.401189253417193	2620.040624685789	506.4616328620149	471.8050390658812	1713.810734709183	14.11695997075033	5453.19406752997	733.8371155899479	469.2552752975768	5751.396947171677	4.105122185005888	3818.273063774371	160.34603771568152	476.90388486969806
90.25	9100.73717703762	22.216048701867738	1119.9991694649468	220.1668387272514	476.44068176300516	7546.13235824066	23.647030766055813	1909.4771875676383	373.4864251923329	475.9941422739195	6157.229603629195	25.394288430358458	2620.6155725907274	506.68335072633636	472.04695528672096	1713.7106233446057	14.122838746147696	5453.427450467	733.6017731157306	469.27663309120067	5751.20385189984	4.1074396006374	3818.5032077634314	160.24279417640196	476.8555743318038
92.75	9100.781194220732	22.208258275145443	1119.938785368558	220.1839362436755	476.61153645042805	7545.577579783721	23.648378955773893	1909.669501862611	373.55062245262314	476.0306566395676	6156.564936238397	25.384767491379474	2621.134737458016	506.88539463603246	472.08259086421594	1713.716266634852	14.11744741693617	5453.617310030109	733.3833852313621	469.2402290386875	5751.188855642482	4.102818139691962	3818.685736702404	160.13223825902605	477.10971756911243
95.25	9100.671169531392	22.20239883564952	1120.0331455664025	220.21710717712324	476.7222524494593	7545.41334135755	23.631613337331846	1909.7407282496197	373.58582989967346	476.1650934806127	6155.756192029572	25.376794743291555	2621.77516504392	507.05835023561286	472.2205417145778	1713.7264319282265	14.116530534592714	5453.854349190087	733.1394852201923	469.25917197786805	5751.056182452829	4.101122330573654	3819.1442258228403	159.9017055326634	477.10342137389574
97.75	9100.763453089568	22.20381475547714	1120.0829806823451	220.21964709051628	476.63076544967697	7545.101578105274	23.703284988164825	1909.9528955424048	373.6890436490725	476.07158949062625	6155.083663050922	25.357039701669528	2622.248152456534	507.2646379948541	472.2500871917518	1713.9910651403518	14.125962834261172	5453.979956604137	732.8948770472615	469.4892844557872	5750.855653977912	4.105510689154348	3819.600310071203	159.70712053928617	477.16027528128166
100.25	9100.726034854144	22.20471572668277	1120.109678664227	220.2016602164686	476.6121657839305	7544.90891500331	23.747245749231062	1910.236442836072	373.7804002529222	476.1947555882211	6154.358770179939	25.32229324721908	2622.7777977135397	507.45349373259313	472.42400915059017	1713.9420748856614	14.133744566357967	5454.1260508538835	732.6675920992266	469.66867902674306	5750.654201269855	4.102192235608123	3820.1260977497004	159.50859749700376	477.0908589725865
102.75	9100.735610785467	22.19658737758883	1120.255398261817	220.23641944423412	476.73376590846885	7544.299318413048	23.82809742850128	1910.6818920968312	373.972409388376	476.2199172895252	6153.636094933802	25.282326040816585	2623.1902254412416	507.599902363456	472.46625757659365	1714.069718905116	14.134108592520676	5454.345442747458	732.4377432340543	469.8364897939164	5750.828801295256	4.100396163048625	3820.2136422121125	159.45456311368122	477.0202561577111
105.25	9100.692147576308	22.188875574031776	1120.2627548834969	220.24179729400328	476.735889358012	7543.515053544962	23.788645621141555	1911.0721624500427	374.11271512084977	476.1217344871417	6153.029811220952	24.91625892909661	2623.5977486173706	507.7737482739276	472.8341226707002	1714.0616015346518	14.12771913978031	5454.5544939752635	732.2160230083846	469.9538503882767	5750.80233922267	4.100822654759854	3820.1763611199267	159.42137802753035	477.0486877291352
107.75	9100.734480829	22.184138155006348	1120.2394547941576	220.23500361764673	476.89443131232474	7543.157691639765	23.50162656534439	1911.4355308738373	374.19742852483216	476.2779322748053	6154.205048386464	24.226646356907832	2622.4030087225015	507.3973380076947	472.6944694547947	1714.0062777104758	14.116020579234796	5454.770740797708	731.9980215960359	470.1365892170507	5750.499986044093	4.095283056019784	3820.9230368135477	159.02506329073466	477.7413812680384
110.25	9100.752747272087	22.187165903983452	1120.193292255284	220.27543606392794	476.75853829838934	7544.125691432517	23.11270789032933	1910.6928002170341	373.9514680192218	476.19859954497156	6155.484822891244	24.48476773356377	2621.535086795631	507.10036474976926	472.7759277626178	1714.2157973503536	14.10730529765524	5455.014589131934	731.733172918462	470.0158821263456	5749.821245871176	4.091123182454844	3822.053800912559	158.4451983102752	477.53434332438087
112.75	9100.725615276478	22.187204724581186	1120.1890569676532	220.2779498658576	476.7197195788915	7544.875852992197	23.305474756432165	1910.1247782508822	373.73087317479644	476.1967937240585	6156.529472038288	24.408229064461338	2620.650593292017	506.7830335199485	472.6859358874758	1714.0852289026666	14.098012644414277	5455.257228902392	731.5004298337268	470.0982957968294	5749.527459065431	4.087162941206688	3822.7065506324448	158.06839692232896	477.57034720756326
115.25	9100.861080138642	22.18747310493774	1120.2065081864866	220.29403150726367	476.75335337739375	7545.572346669088	23.305707611680614	1909.7370160942635	373.5792874622158	476.0671933021625	6157.926074113392	24.412370484073378	2619.698967189197	506.46720156568307	472.69572303763385	1713.9374520366914	14.094428387165888	5455.472041909464	731.29891068561	469.8984961570846	5749.450522062986	4.07076169574249	3823.1862864986842	157.8094959045532	477.4381308792581
117.75	9100.900761453448	22.18893077389906	1120.197872909366	220.27311958060065	476.7611257161152	7546.223173363004	23.30175721205128	1909.2250523914518	373.46013810794113	475.93587640781783	6159.235286921723	24.431692578462588	2618.739928012907	506.1822445635851	472.3956874943474	1713.8016169905345	14.092805964593047	5455.71891825956	731.0257413912611	469.798393902541	5749.321843425399	4.060945863876485	3823.3492122716216	157.70409226337827	477.46379387858855
120.25	9100.808151977666	22.187887984805393	1120.2601002860808	220.27375808199693	476.67332978859264	7546.900348046044	23.278300732656707	1908.6449327067894	373.30880901500996	475.95678432308114	6160.477911584116	24.45750397606321	2617.9593162423075	505.88114440484685	472.31532412791074	1713.7493797987645	14.089269281288054	5455.9775864112835	730.8134213993943	469.9022308842319	5749.300509856614	4.055556417805519	3823.575179835977	157.59331042996288	477.4854616986355
122.75	9100.62910494604	22.198330617224162	1120.1738854944786	220.26260302733178	476.5373660674337	7547.414705464203	23.360822650528007	1908.2670185232819	373.16250046320846	475.91774904684974	6161.503869596224	24.448918626577758	2617.150693641893	505.5716663673454	472.26241160766875	1713.6216464146337	14.086211716188156	5456.087285985419	730.5836431448839	469.84879727228775	5749.130284483238	4.052429706424116	3823.779882939506	157.52029618338088	477.5943063022648
125.25	9100.515704151945	22.190364492512728	1120.1581195275646	220.26213675761798	476.69412627325767	7547.8160659954165	23.497022405496153	1908.0154210723792	373.1058453293973	475.96384368657755	6162.669900962402	24.701160058915033	2616.391194978396	505.2969425690054	472.1982193393863	1713.7334440246873	14.074305441494428	5456.355103301015	730.3287946349221	469.901687954452	5748.651999086114	4.048319017893517	3824.352940065225	157.25791511141387	477.7501451997877
127.75	9100.472634440797	22.19081060566721	1120.0557627522305	220.2015456337898	476.7701136077119	7547.406487316163	23.62315910373719	1908.1454110436803	373.18558703244463	476.14701851538297	6162.514167384438	25.301184874343836	2616.641345133445	505.3527465758883	472.2375223639453	1713.836059368378	14.07153563702693	5456.507201042311	730.0810754732726	469.9900973649678	5748.34845073245	4.046951736420118	3824.969178987515	156.91606604790002	477.8700916702026
130.25	9100.662199846685	22.18621538650171	1120.1060516402827	220.1656657550784	476.8031158590897	7547.321505434401	23.5219503994764	1908.2142456051965	373.16988509447816	476.2104868151396	6161.731454544405	25.35667069678938	2617.3104475413274	505.5790915892025	472.1882502208539	1714.1795540897037	14.061290284346244	5456.685725529526	729.8402338844459	470.0306041546516	5748.253278130004	4.0543551626652805	3825.448399996134	156.66275301044803	477.74998292767265
132.75	9100.789970114241	22.189176689907445	1120.1966556111845	220.11756548603654	476.72709521523444	7547.1538650793345	23.55178845329001	1908.2164791767318	373.18344816762414	476.38160023671924	6160.851990405963	25.347035114024173	2617.968338127088	505.82811020513594	472.2578039733654	1714.1203640608808	14.060112215364999	5456.72779324846	729.5887489838044	469.8269651368002	5748.247160794146	4.053437908952102	3825.5675151108467	156.58413046084723	477.7540629853334
135.25	9100.944618151862	22.187177833094577	1120.1719055739295	220.11231617064624	476.84844397585624	7547.097923092587	23.50838541375221	1908.2865338812258	373.19760166502044	476.50471093105114	6160.140304478893	25.353984433449803	2618.526377562786	506.0968316295677	472.2921604382068	1714.1126926404456	14.05920076865775	5456.89551126213	729.3781940953502	469.9845636515985	5748.179683906022	4.0477222480634145	3825.9303850506344	156.4184593815033	477.86412361002823
137.75	9100.978216552263	22.183351241546706	1120.121499152785	220.07923143087837	476.8364712285099	7547.099600932114	23.414543387585965	1908.149703945919	373.14152187580567	476.673444138636	6159.094986216571	25.365583789321768	2619.06546343039	506.3711976527124	472.28860308372174	1714.1425171356984	14.058677069993134	5457.0465420601195	729.1610208930775	469.89765441508206	5748.095479631249	4.047218274903704	3826.372317742262	156.21206112501946	477.82531327420855
140.25	9100.839556525594	22.17766177399521	1120.073194007122	220.07066361544395	476.9559299212572	7547.43371541983	23.617467630951882	1908.0080562507187	373.0690307689098	476.4086150851618	6158.224112960784	25.307214619794074	2619.6410516337514	506.5918504629494	472.6578729846223	1714.3122266406504	14.054914833781806	5457.24414974421	728.9050069827017	469.7669449364172	5748.100086994934	4.049908438320018	3826.640815601137	156.05584042230777	477.84869816691156
142.75	9100.912007509321	22.174781045638642	1119.983329481932	220.08887219246668	476.9568167835794	7546.338619404926	24.083041115540517	1908.7623999252603	373.34821971415954	476.4720872552227	6157.628185195664	25.22167233741886	2620.061143518039	506.7959740598346	472.91408254660973	1714.5217655204967	14.057271728082307	5457.4043980773695	728.6914950892954	469.88311517447033	5747.927508304442	4.047665425629987	3826.9629088414445	155.88566029834746	477.90114241114475
145.25	9100.841490587176	22.179056164730277	1119.9854732912736	220.09566323131196	476.87673905296543	7545.016677948094	23.630640932739134	1909.801528743872	373.7389370482265	476.8125441427014	6156.939709205746	24.870408001200786	2620.445445234753	506.93032331587204	472.9938202890173	1714.5959245548768	14.049887960927423	5457.573535137553	728.4912809454994	469.8598008284572	5747.771257491394	4.044861994582196	3827.2343828050434	155.72792355048924	477.9079201043193
147.75	9100.880744031763	22.165558302935704	1120.0325811874488	220.11901527377984	477.02374506867955	7546.423200806942	22.834427952902697	1908.8739027318707	373.4052524561222	476.65468972457904	6158.52948103671	24.074755280741936	2619.3257291596915	506.54855087810586	472.7121102684787	1714.5878422125109	14.04799188341385	5457.760622284437	728.2902406646161	470.12564910180396	5747.48861281351	4.032770366035756	3827.950149948655	155.37030306252078	478.42409530237853
150.25	9100.970982122206	22.160764022435213	1120.0343940631149	220.11902749192322	477.055884328744	7547.472012129742	23.211326162944307	1908.0925054363781	373.1368855826426	476.81290240039937	6160.637942131863	24.141301988579567	2617.8447817229817	506.03948070626893	472.33401728875697	1714.6033225855447	14.045425192242618	5457.99224758359	728.1064767184646	470.3895746086908	5747.31026015684	4.017282063665656	3828.589434467797	155.0393525881515	478.06438057563963
152.75	9101.033608890857	22.154015284052466	1120.0019409317374	220.12004492781617	477.1808393751482	7547.906744241488	23.44390454522229	1907.7862730098188	373.06491335640726	476.8541119355125	6162.478738860909	24.592830317254833	2616.5805185250892	505.6231751870422	472.118793332588	1714.5524270245398	14.031229554200888	5458.100197769762	727.8735528755146	470.32313663434303	5747.083960716991	4.013363901091543	3828.6523186641925	154.97722095712533	478.00854345924427
155.25	9101.035014301178	22.147440013263534	1119.9721470394709	220.12405200379777	477.20499401546124	7547.736563763784	23.509590191473727	1907.833321380437	373.0499017089773	476.97274150697825	6162.165008850749	25.37674120734065	2616.776220897942	505.75039274067706	472.0972887257378	1714.6272993392895	14.033270996504141	5458.210957607573	727.6996023545125	470.5184987316956	5747.211972322566	4.018121351823958	3828.6124563163526	154.97681344942035	477.95458915390776
157.75	9101.032559855383	22.14556559900669	1119.9380827284813	220.10815881990425	477.3863014336289	7547.699635950355	23.44346762699285	1907.8244450483653	373.0361622137568	476.8694831031487	6161.3262520545595	25.38945131469151	2617.439147435548	505.9942896120517	472.3927615157375	1714.5663934957552	14.03087943988604	5458.348319303322	727.4864145306879	470.2963455389898	5747.531994510812	4.021778900078976	3828.4824014107285	155.04313588114528	477.97024046761095
160.25	9101.03499816094	22.135520341484195	1119.9424015184413	220.12511607291574	477.54988037837165	7547.76844401906	23.45533167438531	1907.8233526712422	373.0567764697969	477.0303178967798	6160.5612298358155	25.356726303828502	2618.138895393583	506.2653530801022	472.67355176814675	1714.6461004219316	14.032021141090251	5458.491561208426	727.3178955533127	470.28177806657794	5747.376712946404	4.022762533157006	3828.671262143195	154.94542660201293	477.94624871675813
162.75	9100.97985610565	22.119177892475577	1119.9550062354028	220.13425087787294	477.74571019549126	7547.976204715243	23.377483651528415	1907.8455899369183	373.05294242127707	477.1062170461692	6159.546859181078	25.34104775099808	2618.751176189069	506.5122323407142	472.89460692915344	1714.7113436855418	14.03827164953063	5458.718224329166	727.1401468788595	470.3964814185524	5747.396288701489	4.024785864271478	3828.7197148156465	154.9476657638345	477.99187638273355
165.25	9101.069574593268	22.117114013695424	1119.9084918531837	220.14048371293006	477.6849690751304	7548.275760706088	23.223082419437244	1907.6182320869616	372.97235129073806	477.03865528670843	6158.76841721047	25.267490636100902	2619.3665612460513	506.78106074621513	473.21937893513575	1714.7792753530737	14.03892690506273	5458.890730473176	726.9410682554662	470.5196452315045	5747.523334906048	4.026280253902655	3828.7009190346876	154.94698034388344	478.0890101054177
167.75	9101.063226846141	22.12305651179354	1119.8949751929247	220.11440519435874	477.6321988622583	7548.9497718587745	23.054123649692436	1907.1671329501507	372.79629805064417	477.07379564100364	6158.395386164191	24.88344621028941	2619.7817307594833	506.927566210929	473.4869582380231	1714.635456825034	14.031627851754552	5459.054262514286	726.730428427568	470.5334184502273	5747.53495232113	4.026223925035261	3828.851138819984	154.82597295641136	478.08704820200506
170.25	9101.073645941024	22.11544113270489	1119.8957817781204	220.11973211358125	477.7034943147946	7550.102602432962	23.344691884320284	1906.2296546069392	372.45887056712803	476.7726884100773	6159.350684375267	24.479067040510817	2618.991308779149	506.64099061151893	473.3610082331114	1714.7284390487675	14.028931576025453	5459.204025188692	726.5151290474766	470.4475801958158	5747.519633263202	4.013986620135211	3829.022226865528	154.74427697508807	478.17533713580235
172.75	9100.912509219072	22.11316883459526	1119.9293734313737	220.11780573432043	477.64957054468965	7549.006311017831	23.851718355033903	1907.2197947853012	372.81899010500837	477.1393667527277	6159.668621750519	24.925682792906926	2618.677941706727	506.5194318006341	473.1294701293182	1714.6321412591074	14.02495211643367	5459.367158673814	726.3278123560123	470.4748204813393	5747.285112962807	4.015901545486837	3829.1983221943474	154.63584427353177	478.0104186711214
175.25	9100.884172343849	22.120215436443264	1119.953443085976	220.106043535733	477.62230133572797	7549.312490318727	23.207083604485927	1907.0415425301067	372.7179564125933	477.08879710309384	6159.900624775732	24.98603687324062	2618.570972296562	506.47522969669063	473.11234826002334	1714.717145188958	14.019981674779594	5459.504825838118	726.08571465275	470.5149810930143	5747.347600547728	4.011572124048665	3829.0013844804057	154.71841971604022	478.0082022238561
177.75	9101.042956043671	22.127361587839893	1120.032640058706	220.0903507678487	477.5305649783622	7549.358921992823	23.569989214549697	1907.0564455318254	372.72487031875056	476.8910025310977	6159.521968095324	25.15827866839157	2618.7522616181145	506.5389242819488	473.0832345372753	1714.5317514852081	14.010461962031707	5459.668657125652	725.8239115307241	470.3188928092835	5747.4249522549335	4.017251486894537	3828.878886846976	154.81511391547576	478.0032488058872
180.25	9101.14406955816	22.130744770475545	1120.009919720135	220.09937627936557	477.42637120403293	7548.766808673808	23.534716644032013	1907.5393303258568	372.8669592466034	477.0137448719463	6158.914456262549	25.162032110388886	2619.14187619058	506.69241068212733	473.1561641108458	1714.5801637328902	14.004330821468901	5459.867721179219	725.6097852601525	470.23082802067194	5747.289779923695	4.022689993129209	3829.0141201478564	154.76416915190163	478.12992369154557
182.75	9101.169873314975	22.14423142164012	1120.0336640955477	220.10564723860423	477.3130376430532	7549.048806992839	23.323192395216868	1907.2921092989072	372.78864956360064	476.87763739497615	6158.6718030673355	25.088333196868565	2619.4126428689897	506.824135724418	473.1463094878977	1714.5615917445573	14.001562752925144	5460.052835723033	725.399718791261	470.38175722034987	5747.1907766236445	4.027609112137572	3829.192280295588	154.65419332587777	478.0062905037311
185.25	9100.950757775216	22.155351717438293	1120.0295955822573	220.06554675452145	477.137538813313	7548.660813593582	23.538689533268904	1907.4191778069041	372.88872631744584	476.9852702194384	6158.170486817769	24.978692362571422	2619.5576838758384	506.90169923425555	473.3660817511476	1714.5702824024495	13.996483737785843	5460.232532457642	725.1800646303932	470.44708469759036	5747.116761785019	4.026558649891243	3829.2035182578743	154.6123092786203	478.1753806922584
187.75	9100.896136965544	22.164118536616837	1120.1261318155823	220.05410193651693	477.12225770341024	7548.690660162068	23.46533201661436	1907.400078015285	372.8633006137259	476.94382977107796	6158.594551874619	24.711629137407485	2619.30596024282	506.75018690118645	473.33993671604134	1714.508504416392	13.992833354092616	5460.371329300427	724.9756152565269	470.5780458687575	5746.780264610303	4.031348358117314	3829.5611885131457	154.44570051488807	478.34155459201526
190.25	9100.873078829583	22.16892825359821	1120.088305289117	220.0625659533332	476.98697685249124	7548.3866760436995	23.708129273223168	1907.7388361712283	372.977093148234	476.7758507186659	6158.901550781267	24.766547713304607	2619.002286493573	506.6235726745802	473.0534462405845	1714.5868249161845	13.987351754508255	5460.553735590607	724.7823707432292	470.6016451493002	5746.649637243071	4.02707436751269	3830.077534027834	154.1545595193391	478.39801252912366
192.75	9100.742588705578	22.172014555969714	1120.072340734647	220.10084126312464	476.9444705781548	7547.823557300617	23.703630259870263	1908.2533840228584	373.13961045447115	476.7701501069666	6159.305118717024	24.772253228982457	2618.6980151901907	506.54475891705385	473.1386846491032	1714.676002150097	13.987994070661102	5460.715456359368	724.5896244819	470.5596832210344	5746.5096813466735	4.024183642600883	3830.478111744873	153.9576567912144	478.4269240936192
195.25	9100.697496501143	22.179502467624005	1120.0938936178934	220.1166221678161	476.9160213154792	7547.452615229705	23.542482963037152	1908.5510021456405	373.2686446464677	476.92955724981664	6159.837379575377	24.80681746282601	2618.4991697416635	506.4591843018953	473.07615891066837	1714.6205294015524	13.976922256794595	5460.900217748236	724.4260665585742	470.483918561791	5746.1004591982455	4.017435227114886	3830.9538759024035	153.7504405092895	478.4872344785762
197.75	9100.732457115926	22.17705078219252	1120.1281886182637	220.09644891552708	476.96000368533845	7547.574408305289	23.35915599529349	1908.4387896023436	373.20702587799036	476.8528034449126	6160.1186921475655	24.861770954740525	2618.3337409091105	506.4262564173816	473.15473783400694	1714.5963384144293	13.972773751127495	5461.073529762537	724.218514951362	470.37850866162694	5745.885179416296	4.011340095128913	3831.1605597900357	153.60898371928658	478.39631169833126
200.25	9100.813182871434	22.184231714283065	1120.1813160845413	220.10533898775995	476.85638107775185	7547.729902316545	23.393156255418877	1908.3361935112919	373.1536355279461	476.97374067986294	6160.286265174	24.844760102543336	2618.1783552035904	506.40039043514116	473.30757813921394	1714.564673856441	13.976623606400208	5461.270212976301	724.0138560352642	470.48249919878174	5745.720041947569	4.013288957578962	3831.564826897978	153.37575611222744	478.6592787884911
202.75	9100.752718298203	22.182758819756717	1120.1859973895744	220.07453955314892	476.7995477345299	7548.121021711788	23.354284392196593	1908.1205006083555	373.0833494541471	477.0046405581451	6160.23871250543	24.77135472657293	2618.0952925646834	506.3934549055563	473.474597617013	1714.5133401136904	13.969314966127003	5461.434241179828	723.8042688167096	470.6615126571992	5745.467197651703	4.014862829913345	3832.117671092197	153.11709121859028	478.5762747947638
205.25	9100.85151595794	22.165894103872443	1120.2556690380611	220.0563475400017	477.09561380211244	7548.196170692045	23.330072004138863	1908.0675136307261	373.06262755328333	477.1919414158687	6160.7321309081235	24.600724139563408	2617.732142854612	506.26620468672326	473.39462407727996	1714.4596946577753	13.969015065902422	5461.6102317195555	723.5920877525327	470.4942050241336	5745.539413613925	4.0028213289219465	3832.2631876887363	153.03516826668064	478.5499502836081
207.75	9100.806402470722	22.157483653622787	1120.2239921122782	220.07668840160983	477.04541642114646	7548.812129761147	23.168693387068764	1907.7160210628608	372.8918502918694	477.11879031287475	6161.514977857319	24.576022548786238	2617.1602874946866	506.061674290422	473.5163834459509	1714.538708286527	13.964000284817395	5461.772527532885	723.3821967908061	470.42331323984405	5745.2583815041835	3.9971068440268462	3832.4330389046877	152.9293758117644	478.5784151822176
210.25	9101.018332505537	22.167956238133772	1120.2220754017994	220.047036006487	477.0455193566178	7549.367476427296	23.267717116231967	1907.3854987099187	372.75167561648254	477.0354877637416	6162.304805357898	24.757744691653134	2616.7791559055327	505.85994477216525	473.39681873715733	1714.7195169737843	13.954361926895105	5461.870182152555	723.2013703008038	470.56778090735844	5744.918080530888	3.997234810349328	3832.7647391948794	152.76107960590326	478.60278682778755
212.75	9101.01219018265	22.16486285071313	1120.2182655309625	220.04281647820562	476.99772273481625	7549.483411111766	23.504991308052173	1907.2402121137306	372.684015998428	476.89646533311526	6162.385246649959	24.993969908837425	2616.806350866842	505.8909919811005	473.4347987466761	1714.8504774671649	13.955549198596591	5462.0254398706265	722.9963472775761	470.65687888389766	5744.7221819689485	3.9952760332909385	3833.1848507911486	152.59687813921107	478.655017666411
215.25	9100.96656174551	22.170569433355343	1120.1990504762914	220.02403921744306	476.956490106019	7548.610834436035	23.693026523517883	1907.664382394728	372.8418295376841	476.94971772887226	6162.132888265733	24.960638620761898	2616.9965751335485	506.0041178182627	473.3958724163431	1714.818111301817	13.953235029894511	5462.11037846156	722.7952880493762	470.7086339457592	5744.742908308134	3.994328506846998	3833.217192690595	152.53726990010315	478.43405364831034
217.75	9100.982601989688	22.181093547188212	1120.1475374556826	219.93583719587852	476.930032004212	7548.204886095442	23.49856070121795	1907.968473720452	372.9404814253741	477.16094239950826	6162.353351902814	24.848033915865425	2616.8918520472926	506.0320106732308	473.1965175489662	1714.8301704891492	13.94863402964816	5462.164835751767	722.5802426016552	470.72097448869926	5744.8287160365735	3.996547658290954	3833.205442264392	152.56447933469352	478.6638652051767
220.25	9101.057844944988	22.179936345835394	1120.1493322021204	219.9343465005438	476.79408548311085	7548.207852731575	23.40997638833914	1907.918089558459	372.95011498550275	477.3504069971178	6162.530373974233	24.845079166882392	2616.7508680001056	505.98713083532124	473.08474219418827	1714.8746247288727	13.944440344055673	5462.260607898982	722.3729990829307	470.9651253024826	5744.681743768503	4.000440386976318	3833.444343806894	152.47145848689956	478.6692836423717
222.75	9101.032060461735	22.1741603922908	1120.172716186318	219.90392092664263	476.9675615001373	7548.254736481584	23.397216455149756	1907.829086005383	372.9414860688066	477.400659858974	6162.7235991887665	24.83786864589193	2616.698060522874	505.94042966018645	473.09151424421316	1714.9441809254997	13.937396673771772	5462.4608111390835	722.1464841447727	471.13741884905403	5744.377221141807	3.9963446592641625	3833.7258578385618	152.33772865242364	478.64562386805557
225.25	9100.963385407476	22.17583242854695	1120.1579219319658	219.93449907586552	476.8923154471748	7548.413264797618	23.410603236100513	1907.8595270766714	372.9599839310797	477.4151735293097	6162.935748892285	24.854863864333584	2616.6197910278993	505.9035478627949	473.0632429157961	1715.067275873251	13.941678242659052	5462.5087785592805	721.9386362084358	471.24815246738626	5744.427908905835	3.991368487371145	3833.964445736136	152.25188980534466	478.59657980579857
227.75	9100.944425650634	22.183909464957413	1120.096925108347	219.9116352265141	476.723330266517	7548.426798897514	23.495059977721738	1907.9129544228247	372.98144515883655	477.2124061668994	6163.108077622646	24.91631856688519	2616.5769147697392	505.91206045030754	473.0191401226813	1715.1152856370786	13.937018631138228	5462.603503314107	721.7428394424145	471.22098977316944	5744.582546920033	3.987633163645493	3833.9781181600656	152.22999715274537	478.61079575230997
230.25	9100.795704598271	22.189226031624408	1120.0351995522308	219.9531025658901	476.74438680744134	7548.379594057209	23.493713503928095	1908.1189438936924	373.0642774749587	477.37504830130825	6162.9995268855155	24.9329947974716	2616.605440808639	505.933198843507	473.13626924256664	1715.245965488123	13.928185580240388	5462.72511246159	721.5642224885644	471.2239241167318	5744.558973799775	3.985515605363704	3833.7629492077713	152.26171953975438	478.61714558883614
232.75	9100.945301805263	22.18226907696911	1120.0241801348202	219.95129641068294	476.78892962446275	7548.534010349992	23.431822521299974	1908.084727962423	373.0326995482352	477.06945641240924	6162.874033743824	24.93906810590796	2616.6514407049576	505.9348624410191	473.1914752097879	1715.4183959493882	13.924649944336455	5462.863550697	721.3613499009789	471.286241425577	5744.504654345459	3.9860204476207444	3833.7086701486273	152.32533403595488	478.6130414309032
235.25	9100.949232613331	22.18585673502001	1119.9330601024349	219.94608771512696	476.7681672595672	7548.311225691377	23.510490727301395	1908.2422815155244	373.1234091207534	476.9559519117224	6162.636096201757	24.998126212799495	2616.933332691267	505.9920543989539	473.37033950635765	1715.626806905399	13.92427380048704	5463.072157036928	721.18302493066	471.0221762441037	5744.166780158004	3.9844723820047157	3833.890790828414	152.23057025625212	478.576838234302
237.75	9100.963455258538	22.181292596810135	1119.924540483832	219.94914830590164	476.87896784557336	7548.336875024822	23.628352521859593	1908.0489822260065	373.1067185816778	476.81377712058554	6162.4097063000645	24.79400104970432	2617.1575697905223	506.06613177650496	473.612735974982	1715.6337590695857	13.923550661630253	5463.193231236275	721.0440421522071	471.09662513170906	5744.238657397036	3.9852901771932534	3833.875625638312	152.23791226209187	478.6580594290701
240.25	9101.028119584598	22.167463263088653	1119.9194717870394	219.94425589004118	476.9369358008584	7547.396458622541	23.874223154000454	1908.5816688056075	373.34669343266023	476.794119905241	6163.227398514165	24.625262988454267	2616.5005186560693	505.836768464451	473.3135362406475	1715.7393205129274	13.914414173565172	5463.41151200539	720.8783257662216	471.17891208880343	5744.070584772305	3.9864215381443078	3834.0723755755707	152.12606515605825	478.7536416971085
242.75	9100.891076252381	22.17848011856576	1119.847417374997	219.9395230580876	476.8926046366722	7546.519661204114	23.86497662425761	1909.2731231316047	373.62592581949855	476.9860452221966	6162.74573817146	24.96936464379476	2616.83424398907	505.9865222680606	473.59857813832105	1715.7849523417617	13.904304812599513	5463.582076154283	720.699322758538	471.27978986503985	5743.826503436134	3.98661956247549	3834.358597471602	151.96495844593065	478.80501468604996
245.25	9100.869721367404	22.16434669082403	1119.9770113734012	219.9223838708367	477.02602670378	7545.465076290924	23.857991267767318	1909.9180555124422	373.8761923687549	477.1283470877032	6163.43058964606	24.530375195173814	2616.483382195588	505.8514739182212	473.4644940472111	1715.7774859338115	13.903239494869432	5463.66348268751	720.5405076334379	471.24020680765716	5743.674557777128	3.975285499786401	3834.597192014978	151.889713003381	478.7143603468473
247.75	9100.919756036923	22.169578665461326	1119.9299608117533	219.9374793598352	476.9526620946296	7544.375954392078	23.83800891849437	1910.6670869867785	374.12989892039707	477.2635858903972	6163.4057057591535	24.97241344589319	2616.4192392892164	505.8589598004847	473.50050773794777	1715.7181891410169	13.904200824039172	5463.739022044724	720.3523225932939	471.2741684644296	5743.656307762628	3.972947620998709	3834.6179605796697	151.88544100714162	478.65954842513884
250.25	9100.933200838846	22.176790721771955	1119.9107579025754	219.96968629749426	476.86549400722333	7543.5269110270965	23.843482547057004	1911.2091490296257	374.3369712248288	477.23463099932695	6162.449660774952	24.87275663374097	2617.0154113376752	506.07375270113243	473.6500898687252	1715.7887598541843	13.903207701826327	5463.857766439202	720.1366047735987	470.92462270530785	5743.854372958427	3.9787337946558066	3834.056446370288	152.15205512786514	478.3507880289132
252.75	9100.866259197857	22.178470785697307	1119.916013744814	219.9845543627057	476.86016423953487	7542.898619714679	23.83812306401958	1911.854203662632	374.59928585266033	477.34696636324446	6163.379127946834	24.47238664729463	2616.2599233899577	505.8100636497846	473.2996406136455	1715.8499159569308	13.894680303359662	5463.905479179256	719.9857701490274	471.0056612874147	5744.019641017831	3.97489929754348	3833.5380129188857	152.41787759472	478.52591857086725
255.25	9100.998232492038	22.182988961769535	1119.911943230737	219.97317954779302	476.7912950903524	7542.260303601674	23.83018498728237	1912.4021806436797	374.77914434298845	477.5189793570869	6162.866657152493	25.317947781515688	2616.8216280601036	505.985750174436	473.5967069685062	1715.8303904029174	13.90091125996916	5463.939471145812	719.7895366164809	470.842865385349	5744.097036275324	3.982255124084468	3833.3106809836663	152.5039932455835	478.33421419574535
257.75	9100.895157833595	22.17194567384642	1119.8135661012172	220.00252603379397	476.90738224727204	7541.576980285237	23.826529026274635	1913.0265795022185	374.96908379997825	477.56633491454056	6161.350231679822	25.341579283890184	2617.762031087772	506.32820867957975	473.5646177274981	1715.8842506664296	13.898738846190295	5464.08251083905	719.6468840329835	470.58932835815966	5744.791477405652	3.991007262542691	3832.245391963781	153.0394893703529	477.7522600119029
260.25	9100.848434284042	22.16935789338813	1119.8067145692435	219.97764324134215	477.06465383927394	7540.919958148308	23.83363317272207	1913.5178126320623	375.13479643505167	477.4764939142449	6160.242335148793	25.335156253186927	2618.797148727025	506.66931673819255	473.6473769750197	1715.5645028496565	13.891245160115067	5464.186941376062	719.5244400801089	470.59680753888154	5745.19062971642	3.9902261366324803	3831.2877931017074	153.53895258976297	478.03068372700847
262.75	9100.932747436927	22.152493688940986	1119.8776099995805	219.93153247250297	477.2390930583649	7540.211265543807	23.83876175727195	1914.0491304411155	375.31454694392363	477.31310370439206	6158.777807958544	25.35186813508366	2619.7394092763316	506.98376114710175	473.53847726860664	1715.700790803779	13.890146215557094	5464.2773170300325	719.3930447274222	470.50198611078446	5745.670262793233	3.996470713569717	3830.9052797297813	153.74046994916958	478.2430593244686
265.25	9100.899020782172	22.147628526726848	1119.8452702066454	219.96917496003857	477.26508765461233	7539.457209002347	23.831289719015793	1914.5808930991118	375.4573536809571	477.4260130904912	6157.3943028135745	25.32326309070526	2620.6103799819625	507.2687665489504	473.55382635690074	1715.7951331063439	13.893903281339593	5464.411990690676	719.2889073212209	470.5728223788771	5745.646475831057	4.001344647859583	3830.826466755587	153.78265258111924	478.2276008597698
267.75	9100.822541412215	22.140552906451333	1119.9648297447543	219.98768116782904	477.41153887983563	7538.700121428586	23.83072714242175	1915.099412900362	375.59594520289926	477.4974490966331	6156.182316311281	25.248555666627297	2621.5054422934736	507.57828192377275	473.67887044224005	1715.7292097552943	13.894590699754835	5464.53089032986	719.1655265520267	470.6734943564369	5745.699603801242	4.010522368302321	3830.5998937722643	153.89680237880324	478.01930875568553
270.25	9100.670932093073	22.146771685530098	1119.9845070246586	220.02051439076226	477.324469054325	7538.001053732121	23.845497937590842	1915.576053002972	375.75481218132603	477.2817998996642	6155.255142060038	25.110352579077233	2622.10878672978	507.819498633251	473.56620377641866	1715.665432518446	13.896228945547879	5464.688051337643	719.0406778812874	470.66291931859155	5745.876963386186	4.0158769732862565	3830.057496276033	154.13362204079948	477.97999953233426
272.75	9100.83825435204	22.145559521191693	1119.9560466227138	219.97648805190013	477.225187379727	7537.257633350707	23.85305559954821	1915.9650590083425	375.89440180888425	477.287429286395	6154.957873954902	24.70303380199466	2622.4372422316255	507.9762292673138	473.4174887148659	1715.4443123640283	13.894226779146628	5464.915589431542	718.9328625727323	470.5166432659642	5745.996643443302	4.01351015532569	3830.0400022089557	154.19555551304413	478.30823101159484
275.25	9100.871145272218	22.14881520540848	1119.8821727649008	219.97175261312717	477.18324366930125	7536.542129094395	23.846132505091884	1916.3992320712753	375.9930094748488	477.4273578806611	6156.295385818445	24.153585324027024	2621.436240173492	507.640255542164	473.3273024414565	1715.4267668231935	13.887868889295111	5465.080918096974	718.8196387487245	470.49081303441744	5745.7704491642035	3.994450444337053	3830.429070201964	154.03542918217977	478.4302434497931
277.75	9101.084262740766	22.165011853265263	1119.822199983822	219.9857206631775	477.0197403492672	7535.946947901638	23.83488609603543	1916.8014260791892	376.13899282758337	477.5122546234832	6157.406118194467	24.323121504737827	2620.6754726505205	507.3547493717999	473.2255566367196	1715.3724223694276	13.878221402148998	5465.20389329464	718.699826220621	470.5034160713865	5745.348139726625	3.9821216865579356	3830.885360984982	153.7633645864752	478.4211874320736
280.25	9101.2434820478	22.162258448618598	1119.8293153577306	219.99054838089359	477.0489576274266	7535.268482272565	23.836049824430727	1917.2169539152733	376.2990085125277	477.42953162810574	6159.007794600934	24.23023095540865	2619.5310313138325	506.9738157785847	473.08512384854674	1715.1951968910591	13.87320381319976	5465.325405614881	718.5676809142574	470.4354351815685	5745.521858044088	3.977048875073856	3830.752705629992	153.79199624892675	478.0344043663783
282.75	9101.179147563469	22.162884527053752	1119.766453415307	219.97767745360974	477.0156386030369	7534.80315962695	23.839134042866004	1917.5975636815513	376.41959222956956	477.4282820482707	6159.462931712587	24.515691643751325	2619.179416106609	506.847922413898	472.9335414000383	1715.3469133495653	13.864752510724617	5465.475002527924	718.3902720592872	470.47381153177184	5745.739724552179	3.971310223173634	3830.365168548757	153.96086177441336	478.1320543116575
285.25	9101.119103187571	22.15658183758046	1119.7585863669876	219.9915568716146	477.1557794223524	7534.4147342555525	23.845970488742495	1918.0590763716111	376.5090194782188	477.37113512194685	6160.7117593280445	24.397206202668855	2618.3408383581796	506.5443469980822	472.6915560803783	1715.3795231956913	13.860485827876612	5465.712016022461	718.2552829868785	470.4295374353379	5745.759373238177	3.9632070667182484	3830.345124233308	153.98138822093853	478.2923431299867
287.75	9101.06983835175	22.169750703724752	1119.710179607372	219.99942870332785	476.9967834237913	7533.821089622405	23.834425896689922	1918.4847027329902	376.6374533764138	477.52069735575714	6160.213110302726	24.961310050539684	2618.5469333147603	506.6468003977064	472.8096676524023	1715.3654847396037	13.858463729547449	5465.764935618655	718.1349375048634	470.5649943162792	5745.787249341953	3.9749223470062045	3830.3436949945717	153.9784509439005	478.1790807871668
290.25	9101.085707911185	22.164491516831543	1119.79698242763	219.97333752755918	476.9981692679122	7533.371252699969	23.862290814088958	1918.9021485117096	376.71382010383036	477.1734618686796	6160.486094431003	24.557627737078608	2618.5114058382824	506.6139462282139	472.7591348033072	1715.2224554353509	13.856139715837864	5465.883301236984	718.0071828942969	470.5074167491302	5745.771581738201	3.9811399282196103	3830.427038583497	153.96302735818077	478.3112878621133
292.75	9101.081147131714	22.17276385319826	1119.8269672450392	219.98479804368426	476.9352123771234	7532.799873773985	23.87164991658027	1919.1867593216539	376.815785141893	477.0789594768562	6160.796819404742	24.54973999410706	2618.1681910488196	506.4788178099783	472.78034069101705	1715.4832018204945	13.849600983669806	5466.040643598495	717.8525465179711	470.3462045048495	5745.537825189735	3.9794669609356736	3830.749171003053	153.82101046867749	478.24396106537176
295.25	9101.26659557359	22.169716653697282	1119.7633105198408	219.99281500402745	476.91709309783516	7532.354896777294	23.891939403788	1919.5521342639931	376.9501277076048	476.7981193033932	6161.065185847658	24.590631138239115	2617.950999960882	506.3862189640138	472.8470930653372	1715.345998368072	13.843903359323187	5466.118268974059	717.7372551141476	470.58105500967196	5745.669363613036	3.97550944757581	3830.2657225552734	154.08765962757727	477.9097054358975
297.75	9101.145845429875	22.17887749691207	1119.792393291635	219.97758574780738	476.8079632362802	7531.85866309166	23.87710576675057	1919.9846144823657	377.02643785447776	477.0591166609751	6161.055685651316	24.57319226384821	2617.6852932212214	506.3512693631681	472.7465136132096	1715.5075820642282	13.841706350347515	5466.175509731855	717.5980041426802	470.65851654212156	5745.869179671153	3.976676318999909	3830.1858067885264	154.13853829138463	478.39378138844853
300.25	9101.15315543696	22.169248691235065	1119.7802885989047	219.98115477458705	476.95867094085247	7531.410000802638	23.891999134449602	1920.3039812005065	377.12007807338006	476.8425113773431	6161.131985496672	24.400732245427445	2617.5378914062967	506.3104010095319	473.06832737065554	1715.5760101765125	13.834792841996892	5466.25166689628	717.5303416819801	470.47897256212616	5745.7483852072855	3.9746746864334797	3830.62652270046	153.91639626064588	478.37585999467257
302.75	9101.247939951629	22.173220064032005	1119.7960847699876	219.9741083174277	476.88880618725375	7531.181780721048	23.883508664787882	1920.5873609197706	377.1806262041065	476.9287824357941	6162.334216607773	24.219127805401595	2616.7867398371727	506.0077395777196	472.9282642843593	1715.8439986961419	13.835639957553884	5466.370873130525	717.4342752769377	470.2960435167116	5745.599453200381	3.970795116307294	3830.6081226439646	153.93938435271468	478.06210222828406
305.25	9101.301005623312	22.177961836675866	1119.745206434601	219.95869028114313	476.8392689506105	7530.774539788144	23.875657990099246	1920.9061906547176	377.2845721728718	477.07237738303047	6162.572616140639	24.636558209682057	2616.6179866344223	505.89998673702377	472.7823316499237	1716.088807439371	13.832357463037695	5466.478129268618	717.2824234646122	470.34735102145703	5746.037804118355	3.9749156053638295	3830.03499542836	154.18111783711325	477.9669876349496
307.75	9101.432593063679	22.176943764810165	1119.8011224203265	219.9733700598613	476.934551232387	7530.367004324506	23.89043033101585	1921.1507106360887	377.3139241369787	476.82093277001314	6162.469085834896	24.454704144909044	2616.606334828994	505.89619856549695	473.1316195106515	1716.2179710704822	13.833354363322517	5466.5895655769855	717.174620910326	470.177855856854	5746.140470262829	3.9788631563807324	3829.896873871819	154.273601466319	478.18879466832124
310.25	9101.390838152414	22.168488613364147	1119.8787711945386	219.9960091544533	477.02299296520107	7530.133234826202	23.881744401804575	1921.3917792195284	377.43559048244765	476.9933512118449	6163.293700101603	24.222987681240244	2615.7835652248077	505.66333062942715	472.98490722294014	1716.2730117762576	13.826560343466449	5466.700841967898	717.0537635341947	470.02964263542043	5745.929952209256	3.9680513446295773	3830.0203589736698	154.19307047306702	478.2297666935199
312.75	9101.327457625153	22.165111655356295	1119.923107943819	219.9799470753964	476.9652907155964	7529.841272765982	23.909217361035967	1921.5741974062976	377.53554559224705	476.6275086711765	6163.377283283778	24.473624454613912	2615.642033146976	505.5817313891692	473.09918716068	1716.4409576177834	13.817811430436379	5466.805355816754	716.9320285991645	469.9956602728607	5746.093107596147	3.96946582503587	3829.8723597696853	154.19894929975734	478.05102307599424
315.25	9101.084376676461	22.16734847902554	1119.8838698064449	219.98053157104292	476.9459182774965	7529.536233168002	23.885379557006424	1921.9791326633379	377.5981592692312	477.09329680237863	6164.380394170998	24.510297763363614	2615.106091965069	505.3544629053389	472.7165928987549	1716.4906530460732	13.817636897570422	5466.941222514553	716.7777941303847	470.04961691078586	5746.209724648982	3.9693580179959027	3829.8804204882226	154.18114282897156	478.3224854212062
317.75	9101.103460761802	22.17423868802367	1119.9844600639237	219.9868966460262	476.9992666127779	7529.166112557292	23.89491177251176	1922.320707520464	377.66321763644004	476.8924864710971	6162.891966329391	24.996426446341285	2616.0424693012114	505.68178359571226	473.0608516899112	1716.5758461462717	13.818747802960164	5467.0666311853065	716.6731869901589	470.1974551289484	5746.185515476678	3.9739528332056095	3830.1382983660405	154.05192838575653	478.32791476481196
320.25	9101.14227915224	22.16061833419892	1119.9752092737367	219.9916457495942	477.0660710905312	7528.72360929668	23.880921076858066	1922.5851466156205	377.71894559319793	477.0839406495024	6163.270172139748	24.263549359525	2615.6936302483005	505.54864429561593	472.9493651708528	1716.7939589607324	13.812866337136201	5467.142214897965	716.5446401179347	470.1770936276493	5746.061168239297	3.972540921474904	3830.372110327034	153.9105241975253	478.311704147491
322.75	9101.113347261164	22.15337855414349	1119.9287700362204	219.98641869599223	477.1923554245878	7528.420685531844	23.874159719731207	1922.8571833395856	377.77023634730733	476.9921202576364	6163.235554275834	24.49377157798578	2615.7509397906097	505.5420401606929	473.2588970222002	1716.7363335878686	13.803815197714272	5467.175831618031	716.399887098488	470.1709460374538	5745.8505091198	3.96934716769587	3830.6349904247295	153.79375949409535	478.3448647580015
325.25	9101.087193303701	22.153116123977032	1120.0124346964092	219.9921432810395	477.0988353348695	7528.180996679802	23.88609571569576	1923.1192988940497	377.8435552434209	476.94268884386935	6164.103556464113	24.232230427783232	2615.1275489858535	505.3201692615999	472.99877643795656	1716.515450935988	13.788404549703396	5467.2612493155975	716.2935416452913	470.299690233415	5745.962906689769	3.9583657626877193	3830.3576313716007	153.9183017139279	477.9806035617117
327.75	9101.139464272845	22.160920009876776	1120.0570377233378	219.9660513104149	476.9916464769638	7527.818059319626	23.895156767546194	1923.2744182909557	377.8672602828931	476.7846603204746	6164.217144551735	24.7149130382557	2615.113533692833	505.2601755706548	472.8904094419114	1716.5181613007571	13.785770192323197	5467.327539793312	716.1739414198009	470.39709223670155	5746.236641891239	3.9605110075057905	3829.9401463335184	154.0328705479456	478.0829366104969
330.25	9101.077037894654	22.16381481851775	1120.0566620867933	220.01839654275517	476.99802917141034	7527.528732848601	23.89291422058058	1923.4777804280652	377.9009405839683	476.9049140053541	6163.7557045484555	24.78485117873021	2615.507906280074	505.3825677419205	472.9192193153713	1716.7950823634105	13.785976432219758	5467.339896693479	716.0685037634619	470.30514224434444	5746.515925217291	3.9618128461741815	3829.7518915556057	154.11809243315753	478.14071406970777
332.75	9100.863595177329	22.17411933851493	1119.9695959886285	219.9914950088608	476.9150918189773	7527.323439606341	23.890717130348847	1923.6745998940182	377.9250974824814	476.9458349485302	6163.183715606896	24.685273397498104	2615.885876795428	505.51869863745833	473.0031981639566	1716.7944059490815	13.777127836704048	5467.409086417323	715.9483678364444	470.3343711322797	5746.532456791798	3.972706078899588	3829.9285124959183	154.03461375564493	478.30892031244366
335.25	9101.218814062284	22.171406343616095	1119.915981926797	219.98745986472	476.91343833681583	7527.193139036854	23.907643995352863	1923.8411879963958	377.9831024364184	476.7320112667477	6163.241474342677	24.444263898783845	2615.9252477018026	505.47811300412104	472.99591362448973	1716.840854232405	13.778035433658175	5467.44269396188	715.8114080596763	470.47562201329157	5746.2182615072825	3.9668943817672706	3830.19483406351	153.86211384003215	478.3635337730426
337.75	9101.383154239995	22.174570582368535	1119.8288519691203	219.98917225993358	476.91202242969814	7527.000847486554	23.909028661766804	1924.036670445677	378.0205701074569	476.7500605736772	6163.405379596427	24.37831640653022	2615.751778678609	505.3703290463372	473.04900686993227	1716.7866461929511	13.766612091584774	5467.489811783926	715.6816156521762	470.412431518888	5746.234795263408	3.962151439587592	3830.358004796507	153.69632415683137	478.2768796492477
340.25	9101.360013169242	22.178785298174375	1119.8361543801439	219.95285913256708	476.86863285257243	7526.8884885226935	23.891760325381284	1924.1639466660756	378.07886509579066	477.0180269781741	6163.799145024153	24.4950827532809	2615.5142029313565	505.29261391821456	473.011979323522	1716.874071947961	13.758158389826882	5467.559642156655	715.5858980662709	470.2808910505177	5746.278253996792	3.967228243777751	3830.3760796141523	153.65971756307832	478.2476453781364
342.75	9101.538183125364	22.172596560028186	1119.8312930278564	219.96958070428227	476.94830372872235	7526.868422016201	23.908721197514026	1924.3580242628136	378.13915737431245	476.64182343580404	6163.4245149252465	24.545209444728425	2615.785343958722	505.4079016258409	473.28460965784956	1716.913033590758	13.762583149527462	5467.633011105845	715.453112911881	470.4264899613806	5746.537430370124	3.9678673470465884	3830.1313550973086	153.77025919824567	478.16374790477846
345.25	9101.691418029588	22.16692041835862	1119.806294998836	219.97239895503097	476.95237890283124	7526.6906691174345	23.92135808823498	1924.5674410662125	378.18370118179973	476.575303354885	6164.104678140695	24.096721081700295	2615.324416942306	505.24483647585305	473.2239962153206	1717.0217384225675	13.76581377288015	5467.566696084659	715.3391340586838	470.38337218358316	5746.555346054002	3.9663208010137496	3829.75983465902	153.94804058640872	477.99888360901343
347.75	9101.746409582474	22.16969738162042	1119.7552495130449	219.98343980958728	476.98643173208626	7526.355555263681	23.9054090498557	1924.83002741961	378.2300105192215	476.7986274408949	6165.164810115455	24.11907909255437	2614.6957721179615	505.0061651463173	473.1788448624603	1717.1349076391498	13.764888390416223	5467.589720196567	715.2095677092207	470.5945074759739	5746.507633905808	3.964495312961196	3829.5955117575472	154.0013140992875	478.3593668365498
350.25	9101.931037748895	22.157216868991778	1119.7309930461183	219.9631623231825	477.12073875639123	7525.960226430919	23.889933845423187	1924.9324561651251	378.2641849543647	476.98094484801027	6165.902634202531	24.455966563107836	2614.170636348142	504.82424953624417	472.9771800439947	1717.2333729805632	13.756426318989163	5467.662913290767	715.0819341065779	470.69726211791357	5746.5754864040755	3.9641199707851573	3829.8219123796603	153.89826644752034	478.18081762567556
352.75	9102.105903260377	22.15576086897314	1119.7294074062395	219.97017510717637	477.131992120002	7525.824458097055	23.913589261412646	1925.0896545763053	378.27878443712194	476.58232794071296	6165.033790698806	25.25890932382685	2614.8466907741818	505.06000426444143	473.15596975308716	1717.2397979615896	13.758344496736703	5467.649910013094	714.9906600836481	470.80150301037395	5746.738098616904	3.9751275865374858	3829.621650634686	153.97282662347462	478.129254866521
355.25	9102.133651033773	22.159586589612967	1119.7149555410897	219.9551517232739	477.10851250005436	7526.067877497199	23.906869875039668	1925.2816065415386	378.313889324814	476.7930901116468	6162.589048642928	25.19528830022225	2616.7556677334323	505.68012849806234	473.2627523951507	1717.3114320567636	13.760101313613722	5467.716233622566	714.8662893443963	470.8427145658802	5746.714025245304	3.9896416324710735	3829.3718939665596	154.08559987655423	478.0409358733318
357.75	9102.241337775811	22.159293936037944	1119.7600700229598	219.99092023662476	477.084616700046	7525.682537614807	23.880206916299432	1925.3873913154196	378.3383358940753	477.13505584428185	6163.111389030204	24.068312459706227	2616.623839456972	505.6119374029794	473.071486104575	1717.313081505517	13.75880815253336	5467.682262940093	714.7398495468678	470.460097314184	5746.608347019277	3.983656204059515	3829.5774249494243	153.93465971802286	478.50575794412146
360.25	9102.029671666569	22.155520705067552	1119.725047387653	219.98296639833865	477.21843950822597	7525.616626123366	23.881450347476495	1925.5585401439284	378.3431665280998	477.0404015428866	6163.981916529623	24.08914162836204	2615.8334652208105	505.3753190721911	473.1354141805872	1717.428693517139	13.757615335246737	5467.703998501048	714.6069610385983	470.43969108835466	5746.403277895727	3.981350073873319	3830.2660890558177	153.60532428421354	478.5468784953717
362.75	9102.222944569912	22.166440035524655	1119.680055079665	219.98134641515995	476.97390758172133	7525.660038883377	23.882761907251066	1925.7123479243512	378.35715381379583	477.00418976948316	6164.728082126988	24.30815942628508	2615.281649323905	505.12334578172045	472.97763903068324	1717.618400275522	13.755503845800174	5467.758406658861	714.542494808337	470.4261907119787	5746.470442397415	3.9755908260502317	3830.542656908436	153.45192284555003	478.29863234061514
365.25	9102.176381462083	22.1570530125623	1119.7186828862932	219.9763160809549	477.2097156965155	7525.642960883915	23.902864806184486	1925.842992344425	378.36983051902183	476.82926723109387	6164.36280101567	24.549060221527395	2615.5925051724284	505.2002197104064	473.22461925602653	1717.598012823985	13.749976610115693	5467.78425360275	714.4075678017173	470.3796052681443	5746.373387472368	3.970982766947339	3830.3242216482436	153.54543247677768	478.2805228063994
367.75	9102.054859337579	22.154983238131265	1119.7112301268128	219.96823471082175	477.09266056464855	7525.50615469809	23.8942068991821	1925.9180801302493	378.39665481089133	476.81202720759086	6165.084350742625	24.12102054432785	2615.07931412707	505.0512143279471	473.08814062763065	1717.6841774773154	13.74996162819953	5467.96805765845	714.3228192903772	470.43866654699605	5746.3095012029125	3.9738590293516025	3830.401389970466	153.48303968688765	478.36278133777876
370.25	9102.05683190381	22.150536389573958	1119.7519315173943	219.9567309313822	477.2231732940905	7525.412067501471	23.893288858961284	1926.048849534527	378.41692253841273	476.94479079407733	6165.6153353076725	24.758142666133956	2614.715342227693	504.90803745225656	472.67794413673636	1717.8175612360715	13.74545878212223	5468.001085907267	714.2318173311714	470.5482626488248	5746.295249194373	3.9561982750888	3830.483645872119	153.43133203619044	478.34173766184455
372.75	9101.96324329857	22.14898676649312	1119.7951748751473	219.96424611235165	477.26382882892176	7525.131923583401	23.900625390259272	1926.1186998361063	378.45416218057943	476.85384038868153	6163.553762842576	25.70415392271073	2616.252504100662	505.4873659692172	473.0547702085656	1717.7780596025705	13.739162064789799	5468.024232389235	714.0989699260175	470.67445340661783	5746.260777100429	3.9700881800153494	3830.412870537389	153.46796183540158	478.20785774100597
375.25	9101.70279724101	22.15788539137137	1119.7371038969766	219.96248403582686	477.20238707475426	7525.066398338756	23.890800159973566	1926.2806790502752	378.4838491997336	476.9883289183216	6160.818057631424	25.20877020991102	2618.2150019287033	506.22324859645806	473.355490393009	1717.7518410972214	13.731783902380137	5468.194126296349	714.0225317591808	470.6366688692277	5746.290490037155	3.9846146487972605	3830.290045062112	153.56192130538605	478.2988348943349
377.75	9101.660141136223	22.161039144008285	1119.7870171628417	219.93132481234068	476.9083718088591	7524.854585287419	23.874182823796957	1926.4317215284157	378.5161032477225	477.2582828015566	6160.98567311021	24.05365671038501	2618.060162879384	506.11821691919744	473.162368358342	1717.971755336677	13.726837772786515	5468.279779807669	713.9293955516945	470.4506641531347	5746.167657389519	3.9781187044356785	3830.4618359331057	153.5341498705712	478.393960790776
380.25	9101.569261080973	22.16484713421972	1119.78476869876	219.91138664617944	476.9787679445018	7524.8680378074305	23.858252270910253	1926.5173625810032	378.52514829604576	477.41504147636664	6162.041757497932	24.05270204611563	2617.233456300891	505.7976713967128	473.00716175462725	1717.9709207215672	13.712379347003063	5468.241168935867	713.846252376746	470.49002716685317	5745.922156093485	3.9715547307242365	3830.738060254838	153.45479708396428	478.38923247755525
382.75	9101.749292346043	22.18237423503767	1119.7187736809772	219.88245679177618	476.68888063111103	7524.820394111266	23.856139994669427	1926.5988535925867	378.5810125706488	477.4415945520302	6162.931647255274	24.215494978904935	2616.491239233827	505.52725728631026	473.0242547932412	1717.9795057129343	13.70614820857503	5468.2026840285935	713.7441286138862	470.4036754072105	5745.808541209063	3.9683640876939674	3830.864353799269	153.4231406023378	478.3136268648706
385.25	9101.659178210173	22.160889253938624	1119.7041170475852	219.93224761637728	477.185051961885	7524.802537910196	23.877278939918853	1926.6785154992278	378.6084539493241	476.98634998621776	6163.10503119014	24.334340750208543	2616.342146255709	505.4418743285934	473.25815907977005	1718.1177028815284	13.700396034804488	5468.257522353052	713.6779049549021	470.31581183893456	5746.046509709463	3.9691481074719155	3830.372557619374	153.68641714345534	477.9376876336
387.75	9101.756229833756	22.157238947030205	1119.7476718223836	219.9018114674772	477.18967505859234	7524.777252990574	23.90138574094842	1926.7803729915142	378.6390426256614	476.8672292743702	6163.910870305498	24.093473803519103	2615.8830500325857	505.2482764792788	473.1402902371651	1718.1628576936062	13.698398493209119	5468.289440549554	713.5839568896833	470.2557248291412	5746.17355373203	3.960578865830708	3830.1660446543356	153.80736806019732	478.39255766896645
390.25	9101.656176777664	22.147822774789578	1119.6719990863087	219.9463544672203	477.3051560717185	7524.754971051954	23.878717862023752	1926.9037386223824	378.65659608070916	477.1773762782643	6164.720130857618	24.44285360392668	2615.284298309408	504.9659302088983	472.8494305113358	1718.2569150548845	13.690147848153478	5468.348707384139	713.4891037154238	470.36798804531236	5745.950306001408	3.9561247888293414	3830.5107315643736	153.6371535940982	478.5099387027281
392.75	9101.689983866827	22.13585843253866	1119.6641771596167	219.93998625477238	477.4179384364218	7524.543488747944	23.87740697226446	1926.9619133634394	378.6740803285849	477.0197880846431	6163.593043591248	24.90736498442381	2616.1169847038627	505.2467335242935	473.0237746632156	1718.205312288966	13.686302937019688	5468.388335954529	713.3669230340911	470.26627044755685	5746.054736422618	3.9645047837654848	3830.3059134737277	153.79212490635862	477.97440530047544
395.25	9101.72585669048	22.14601842856205	1119.6201143122369	219.97223694331953	477.2250704321247	7524.528223931008	23.902722354501947	1927.1328214898263	378.6538725531696	476.71198170266507	6163.519529450266	24.63173902451693	2616.0317288762276	505.2336368962982	472.8199572835204	1718.2541264989445	13.67737127911196	5468.398459096474	713.3045128983405	470.5357592852041	5746.104392661489	3.9613529328254278	3830.289619573972	153.81865889308318	478.3794085250122
397.75	9101.669438925528	22.151679212527437	1119.5655860049665	219.99203886968454	477.2797850117602	7524.293042575796	23.895401605867175	1927.2560963733654	378.65517113490284	476.91532151646265	6161.753113412737	25.08276701385356	2617.225570595604	505.6830391971746	472.9649189707242	1718.2704048601022	13.681049156017771	5468.442580234783	713.2256879726317	470.53061470951195	5746.012469660972	3.969819037352121	3830.188134300365	153.84870470058368	478.19925074585626
400.25	9101.489506172036	22.145918668105665	1119.5325451818026	220.00655498604206	477.2534987532545	7524.258527741777	23.88765018482397	1927.3086935603005	378.66129732189256	476.9120126415962	6161.892833281891	24.193589617388138	2617.195219518029	505.6567774592396	472.82149785688347	1718.2978610850123	13.674009157254819	5468.519008038359	713.0891074361406	470.2542959499969	5745.919614396927	3.973380089299045	3830.203681235365	153.7908640995167	478.3372135525349
402.75	9101.31593174204	22.15239538852761	1119.5360269695216	219.9936163935689	477.18327239499865	7524.2958154141415	23.892616484387126	1927.4270652040698	378.6591637129223	476.90866510371404	6162.829523319574	24.355830261450087	2616.634793276079	505.4656796907601	472.57875540818765	1718.285684209184	13.667339514863462	5468.64753340214	713.0492215609847	470.33362287392697	5745.8419359677755	3.9706916738228815	3830.4129088764794	153.7154477272227	478.268350002241
405.25	9101.374589527593	22.159825134291562	1119.4987891884405	219.98390054776985	477.13978490179977	7524.0359889201745	23.892314733544463	1927.4897474881063	378.6817715578651	476.9862600038459	6162.687272536294	24.7631678014177	2616.8167124270485	505.49463200291996	472.67349104099156	1718.3211240847786	13.670534980648842	5468.697101177019	712.9116076292231	470.3470931417031	5745.800148947419	3.9650025993307785	3830.474379219895	153.72871640461986	478.23826106202284
407.75	9101.238760095694	22.156960631262084	1119.5101103366935	220.00006527145737	477.22316729661736	7523.9445747203445	23.884874666128432	1927.5944037387478	378.728752398665	477.11323533963156	6162.280008760218	24.79130345025418	2617.2186085709372	505.5875446085774	472.4223695465124	1718.2713107474087	13.665141405479833	5468.71070075815	712.782665968454	470.2098993693392	5745.875786162932	3.9722896496519	3830.4156837147966	153.7201920545707	478.2938338245049
410.25	9101.2456161571	22.142119518647554	1119.549423302715	219.98390530061786	477.32240002455967	7523.7275129659265	23.890225114415276	1927.6882788563348	378.74457634844	476.8893545232157	6161.554632930594	24.72741319191117	2617.700743121306	505.7375468130819	472.77070308010633	1718.4440118985235	13.669881067444878	5468.7693768797235	712.7149978706846	470.2002964050399	5745.858498014075	3.9750651392772056	3830.4742278286312	153.6690481270347	478.2831450488106
412.75	9101.343284276109	22.140431788625797	1119.5897211577699	219.97515000185348	477.30539834198566	7523.6776730547	23.90223949989528	1927.8101481710394	378.7872780015029	476.86782823692323	6161.45358861933	24.643518935879875	2618.042178080657	505.79167364954833	472.4700905462724	1718.1906900657775	13.665556550202005	5468.777369270472	712.6566041879927	470.18617824489553	5746.007719000828	3.9702538241352845	3830.372805706491	153.6685167125203	478.2184013604922
415.25	9101.243290258411	22.15372054989796	1119.5436792429196	219.98023024659958	477.19252713989897	7523.5745061644	23.897832590452907	1927.8676102426675	378.751359899216	476.86444963581056	6161.322901242253	24.658465579337566	2618.094036090312	505.8522500967543	472.4096564841383	1718.1124048315717	13.664052167001177	5468.88789167979	712.5501069604152	470.29691270920176	5746.077416350703	3.9660592378962076	3830.2768811910837	153.72410712076135	478.23424007199645
417.75	9101.077433876642	22.15590329552526	1119.6062849507687	219.9450191804621	477.18161719685713	7523.249187725878	23.889119282073732	1927.8909721680109	378.78343432620744	477.0003923457458	6161.255299405235	24.65679718706188	2618.2782901994196	505.8819095627357	472.35226762713916	1718.3672051922224	13.663630187806655	5468.927306206397	712.4638962007056	470.42740297861496	5745.984494050227	3.9667736513087735	3830.2516081036233	153.7351906000698	478.2532922435026
420.25	9101.252623765471	22.160489115285376	1119.5401952970979	219.96894095099643	477.14506230106133	7523.20560320746	23.899831231630536	1927.9146759865578	378.8316620354029	476.8458431783798	6161.0556040798565	24.648242075411506	2618.472900265252	505.9730788911922	472.54532550284074	1718.6217044208602	13.660596493864817	5468.990611063834	712.4238918843109	470.52504323684263	5746.14103073881	3.9749500925219756	3830.1273457316174	153.77953920258707	478.28346129465024
422.75	9101.153691249796	22.165126651639557	1119.6034046070695	219.99974236248855	477.0136909512	7523.302062670888	23.89229713057863	1927.8939090932258	378.85878082305413	477.01084996406087	6160.742931171655	24.65405304121491	2618.636225733612	506.0297101633264	472.45296458147493	1718.4604836034289	13.662973990358367	5469.08623297402	712.3607654050816	470.6224137381283	5746.180486427997	3.97132486858231	3830.1573777571084	153.77890820083712	478.23833142192285
425.25	9101.312503725057	22.157854655672022	1119.5995269350003	219.99435491123126	477.1141922373868	7523.387886609687	23.89488390649233	1927.8943094623542	378.82895959339965	476.8922656476222	6160.6551183570555	24.650316195101436	2618.7906138995068	506.1074235780065	472.4115565967505	1718.5374528609163	13.657116903214973	5469.067265844006	712.2840796361073	470.9099282117792	5746.067351056075	3.9690582028981876	3830.239702084486	153.72016992560557	478.31335203929723
427.75	9101.307662230474	22.16182225131861	1119.6798668247075	219.96777066428177	477.1315496390849	7523.156334143497	23.89460523009418	1927.9250082262502	378.867910653302	476.97998707455884	6160.5292352208135	24.67450241315931	2618.897586849548	506.1165077388463	472.171737155797	1718.548577446428	13.657219796849747	5469.060045291976	712.2144038982248	470.9030219909191	5745.775993781441	3.9733745041588304	3830.414160501979	153.6368852451618	478.3437012830819
430.25	9101.191860667237	22.154375074893917	1119.6299360518215	219.96007758204547	477.29061711488447	7523.102017392422	23.89815574045459	1927.9607969796791	378.88689522813115	476.7975873213478	6160.276999250993	24.65884546594532	2619.0395662280753	506.13890685840613	472.48477357507886	1718.3836730396504	13.655785209657909	5469.119613016807	712.1678006537079	470.8570278947086	5745.586191441281	3.9724548980554304	3830.6949384378395	153.48950854457718	478.32179137501356
432.75	9101.181913327417	22.140319378232938	1119.7046286637676	219.97169248227326	477.37344825907337	7523.003385513277	23.882749528189102	1928.0137765325821	378.90741981074086	477.19148217796396	6160.064507948445	24.657278236886615	2619.1820208379963	506.2057110787136	472.39073477503086	1718.3320611862198	13.655837885812165	5469.097023354358	712.0766803489478	470.72469131958667	5745.9131656760965	3.9766144567890014	3830.176897896258	153.74749887230524	477.9692146380525
435.25	9101.125799253028	22.127438754822233	1119.7860923364915	220.00293476188784	477.5656493121566	7522.833867585739	23.894865021204577	1928.122677948965	378.8788260898697	476.8833257461125	6159.906660757999	24.636712429020047	2619.281253177616	506.23629994478614	472.6811973107658	1718.448480370968	13.653115433698261	5469.168895214993	711.9902013504785	470.82821274798664	5745.773872595762	3.974531552380426	3830.109677805312	153.80109501425014	478.3892609631823
437.75	9101.191828069273	22.131191065301348	1119.8475874409532	219.9849563362405	477.4294982071702	7522.654885780355	23.896295889295217	1928.201273053363	378.88782982114554	476.921152154123	6159.867657677645	24.645330100942612	2619.3302474796806	506.25806041713196	472.50406202793056	1718.405466680583	13.647964369373662	5469.228024105951	711.9142116351683	470.7371375827819	5745.7010765635205	3.9677661772039463	3830.485581700348	153.61828821085675	478.3994942223112
440.25	9101.231820472605	22.134464542920167	1119.9048735132283	219.98906938289477	477.5033964165664	7522.693132337729	23.879577156913673	1928.1812681648216	378.87778124989586	477.11369060820573	6159.6344619443935	24.648401223590984	2619.468945867404	506.28063521024274	472.6156258062709	1718.5309399231592	13.651132444267885	5469.275014896548	711.839585654246	470.6010016920994	5745.915286515535	3.9671628033371134	3830.5406531908466	153.67628628445027	478.1481975746221
442.75	9101.278951473305	22.126717085930306	1119.9748350593356	219.9902665024325	477.5274726777193	7522.562164643374	23.90842439848991	1928.2834305735505	378.90344515662036	476.6075148971307	6159.393261557444	24.63510366584144	2619.6840234190404	506.3416447399929	472.7806440093671	1718.7225554310512	13.651509847048686	5469.322400002234	711.7958539981445	470.6732825739912	5746.050101966774	3.963964587490308	3830.2426635299043	153.8376416688864	478.17930637979856
445.25	9101.298696123424	22.13766646247427	1119.985822703307	219.97654417871922	477.40675151309784	7522.534672175457	23.910648288942504	1928.3653489744092	378.9113971838377	476.69616651652115	6159.329740990769	24.647479503349256	2619.784062081098	506.3992073633205	472.3365794197952	1718.7589416948258	13.652875540639853	5469.3686532973825	711.6935200378508	470.6775989845767	5746.311042643783	3.9681131419842806	3830.170569332921	153.8683701030563	478.16436629874653
447.75	9101.367419736272	22.12797046056372	1119.929102486215	219.97496250398785	477.5807557587135	7522.371598405729	23.918713970679466	1928.413353419744	378.9404529412463	476.65733873402195	6159.436684783915	24.668852178994282	2619.8466042559508	506.4088418537124	472.2090049103147	1718.660397138872	13.647486302392837	5469.493920088006	711.6212547650348	470.7362019441747	5746.402802066161	3.9688982122706102	3830.199528458595	153.85662186948466	478.3500175447407
450.25	9101.20585618787	22.116189056049212	1119.8445853056642	220.00576363515125	477.6908344151191	7522.287002926568	23.906875295947216	1928.4883176386802	378.92492583697305	476.82928953207426	6159.380907079931	24.672852542751077	2619.9606217133446	506.4169359647002	472.11278343002976	1718.8681081064124	13.64567107299965	5469.507987197907	711.5363290225642	470.75821648884653	5746.485197033055	3.9724485889574064	3830.322284810427	153.77809723423525	478.2292341024712
452.75	9101.267395067236	22.116172009718603	1119.8847454437664	219.9901091899846	477.6386033705796	7522.282035066472	23.890804463349525	1928.5847095855754	378.9509349212673	476.9149908277464	6159.3477413405535	24.68106766501042	2620.069271712869	506.43259802845324	472.2228415830746	1718.761047523889	13.643285524753365	5469.521703105773	711.4502041795394	470.81599249401575	5746.625632527078	3.9729399414456648	3830.2471723663775	153.8588844261426	478.0684366886201
455.25	9101.580147578483	22.146300391050765	1119.889817551406	219.94595868671146	477.34379448284625	7522.08079626927	23.930867951131663	1928.5895921316476	378.94797094325594	476.3904764024172	6159.133133142563	24.650689346140403	2620.22895237227	506.47722199435526	472.59811627068206	1718.6532512512385	13.649269788558	5469.554251476155	711.4376804089569	470.6035409859443	5746.627590163349	3.9730931597757997	3830.134795620011	153.91570094325786	478.3045214565022
457.75	9101.604175947181	22.14669255842114	1119.9307622919737	219.95549205543503	477.25220449169296	7522.0382862354145	23.939878079747555	1928.5798631306855	378.9549532168149	476.4292045816681	6158.943000074266	24.63869958292892	2620.3805559835146	506.48082442483377	472.61605137640873	1718.508943431919	13.647838468774971	5469.584613397668	711.4008202452522	470.47483350400296	5746.567503935559	3.9788357192575505	3830.3704725404987	153.82928087344044	478.28056588357987
460.25	9101.674843105215	22.153388737453152	1119.9098970051011	219.9446063758048	477.24717462418204	7521.823338648979	23.90501283593721	1928.57621538029	378.98921287800505	476.91941333543696	6158.711500551306	24.63596551974931	2620.5017909583494	506.49141117964456	472.64610201597475	1718.5606603650087	13.646972628278256	5469.677817801343	711.347369876709	470.5058270680386	5746.568209825232	3.981397075803352	3830.265887389669	153.8794367225617	478.20548449600136
462.75	9101.791627981836	22.1433789987139	1119.9786482351494	219.95431281068238	477.3867410057892	7521.845126432749	23.89540480448382	1928.566824686323	379.0136655303595	477.05472879774874	6158.388011204241	24.644460680558904	2620.644016318953	506.4775379246574	472.48591995193715	1718.6492609106235	13.648544894336066	5469.841492875137	711.2821857481175	470.43704080047587	5746.462873134793	3.985894750899865	3830.2151980185467	153.8667296527943	478.2531543688705
465.25	9101.50823376468	22.15076302715069	1119.9179232780152	219.96615955991732	477.19159245822505	7522.079416908301	23.89957603254972	1928.603807437252	378.98903316290733	476.8534976805651	6158.239501338266	24.649059545877012	2620.8511466231794	506.48825538096855	472.4189138246753	1718.7409347526834	13.648339706204128	5469.955620651123	711.1742699330355	470.5046119730809	5746.462708656329	3.990833502508756	3830.257779232809	153.84506752648164	478.2312901814167
467.75	9101.489710919432	22.152274087009108	1119.8899083535484	219.9397120562877	477.24279527868595	7522.067508658072	23.901504018403873	1928.6654290562813	378.9782543524348	476.8908152903096	6158.16096755798	24.666872587199798	2620.9559420086202	506.5070768637032	472.2978146593139	1718.8919862593816	13.641820219832246	5470.088385817428	711.1249182103167	470.3788139990538	5746.527028162831	3.9952687060042624	3830.083555742712	153.87445155718723	478.29730429379225
470.25	9101.291977968998	22.142022840750194	1119.9206885524095	219.92170992640396	477.3671323089238	7522.149674094805	23.88471076278729	1928.7593009834409	379.03965901205385	477.04174276741986	6157.934629440338	24.67487187279525	2621.096603441016	506.5159275211086	472.3231777225659	1718.85670750205	13.641023931022858	5470.196299652869	711.0842264392332	470.5362475059299	5746.362491896722	3.9916354770684683	3829.898881629961	153.93941047373218	478.0461569545104
472.75	9101.071937023191	22.133659067128075	1119.92806141692	219.9179087133942	477.37085515092565	7522.013124904943	23.907489847271385	1928.6934691333	379.0606553905277	476.80879012262045	6158.031873627781	24.650723477666208	2621.2861560736574	506.54765029195954	472.4991076367349	1718.6261816789088	13.638213046749655	5470.379527747164	711.0221472766547	470.5542197008015	5746.435683752777	3.991197806669981	3829.750171755806	154.00699337126835	478.2509899511062
