0.0	9099.418066063323	22.25731802665025	1120.6933888360566	220.22955860160326	475.83155697097334	7532.238992647228	23.328030473719508	1920.2574150551195	376.3915273644486	477.03904651828964	6142.372839484403	24.829793275532577	2633.2967253844545	509.80603074750763	472.759987078265	1711.7896954696919	13.58832167829073	5446.177791241422	743.0687074360393	467.8036244905155	5755.297940884698	4.186472360382533	3807.2857401239567	166.3907589063491	475.82727561466896
0.25	9099.448757048749	22.257547681974597	1120.66980458523	220.23498453564903	475.8212094158132	7532.270981610529	23.125356436977928	1920.1891300218333	376.37543549684	477.0727957067692	6142.462893998708	24.74703437979537	2633.238330312119	509.7902441972746	472.8139547847142	1711.7754768759019	13.587524258322343	5446.212380546958	743.0550621539555	467.8084804116715	5755.223448206471	4.18636378015699	3807.3305761076326	166.34643142918273	475.87246609105165
2.75	9099.575510511519	22.24872698662173	1120.7091075525263	220.26380160514893	475.97709726783467	7534.184729205965	22.71201025500326	1918.7076654806688	375.83244845781877	476.9351927634004	6143.463869032817	24.501097270744285	2632.422421002176	509.5172539856348	472.84364941160754	1711.9220227381495	13.587195445487922	5446.467739489146	742.8203243122878	467.80719581166545	5755.170641627755	4.1767717488742075	3807.7824750007244	166.15093855841977	475.81602063384224
5.25	9099.593064806837	22.250693189257877	1120.6812076037927	220.26502048890964	475.9139668169656	7536.278885967449	22.863492484846276	1917.0979113556057	375.2276481191442	476.6642088185054	6144.667046497041	24.39969520147551	2631.3543778039707	509.1717558297633	472.70109597902854	1712.1242561940016	13.584715293665003	5446.7490603489405	742.5766673912935	467.82902962115793	5754.796246909566	4.155919787790512	3808.3176161312126	165.9180443376074	475.91937078412985
7.75	9099.707433866926	22.25828966823653	1120.7358324520335	220.2971081909681	475.80332252930884	7537.910047029802	23.038531924162516	1915.7821340115747	374.8182676608191	476.40971041419743	6145.958569794158	24.3277362071918	2630.15267738521	508.79471919545944	472.65570794614547	1712.0942911197317	13.58759830712869	5447.077806698713	742.3520226596313	468.0509527486167	5754.7161017635335	4.145500765971398	3808.8195748878456	165.68042654883877	475.74788886574544
10.25	9099.758928198826	22.249689738733853	1120.7425915328492	220.34703210001067	475.8956331914771	7539.302579233918	23.21317927730959	1914.8049669119173	374.49800463726154	476.10955791738036	6147.772659122656	24.229185570358492	2628.76560793061	508.3239936747325	472.58609733885555	1712.033632826775	13.589363862525664	5447.338267424022	742.1011180654469	468.31086435973765	5754.575258913279	4.1386113215427285	3808.947443325454	165.68000725033082	475.77010388795634
12.75	9099.785823658945	22.26013834706858	1120.6526737644529	220.28595044106936	475.78750431227144	7539.923125694935	23.219591776445736	1914.30528786709	374.3254955794228	476.0922476960849	6149.974532868283	24.22738598220669	2627.2114467393158	507.8100982298073	472.3401603628573	1712.1909189771627	13.58626194746453	5447.631339544007	741.8371515430406	468.37031445452	5754.719336508795	4.123741098915472	3809.1743612477244	165.5222354805905	475.773164726617
15.25	9100.012137588154	22.255554698465932	1120.6706811364759	220.31480770527196	475.9286662698483	7541.5153667674285	22.928984286759217	1913.0649143649805	373.9163039888133	475.905052542222	6151.374755771528	24.454440567876404	2626.1425085657697	507.50085881376015	472.24321582677555	1712.1645517509482	13.581835483481347	5447.899346473466	741.511487766746	468.411236536126	5754.670056285527	4.125505398281428	3809.1993899720455	165.49877773229366	475.7584276173626
17.75	9100.042035158587	22.25352795181262	1120.664727008522	220.28662845776861	475.8272427293716	7542.64491406916	23.042792034491313	1912.0600134039528	373.5930367124193	475.91400875532815	6152.8813211429615	24.42043627651553	2624.912555962804	507.103422310237	471.96564726951084	1712.233114708677	13.577330920187407	5448.118471874145	741.1878183339571	468.64882658820846	5754.561613569841	4.1255061403608115	3809.25843005849	165.4455359036595	475.83526550899023
20.25	9100.124407221767	22.25506831553141	1120.5671320470117	220.2774979800594	475.8471551928795	7544.437187535776	22.970002950084037	1910.7461170541592	373.1646748713024	475.8561684343059	6154.449800730834	24.489116623185442	2623.83893920704	506.81872167001217	472.0144818620505	1712.2103928895324	13.575845414315355	5448.392245563422	740.8962740015195	468.58378341429756	5754.548969327671	4.126849732227996	3809.6106604061265	165.27769951747524	475.99521719416384
22.75	9100.349491873158	22.26230600559374	1120.4938658512212	220.26557758272313	475.76310952281415	7545.344489900446	23.28677428211747	1910.1062844119476	372.983062327923	475.75684124055874	6156.030257190484	24.410028256083343	2622.7160730177807	506.4822319466899	471.75618462616177	1712.336023320169	13.578530656396898	5448.6177872908465	740.6499899392936	468.44364966163414	5754.127970826243	4.117214102461458	3810.0670487179477	165.00956467772806	476.1250452182185
25.25	9100.582654802616	22.264345245988228	1120.4685255393615	220.29835701135585	475.7403990718929	7546.245785717059	23.265505240088835	1909.6043150484102	372.836062272782	475.70961019380917	6157.484584887611	24.436115175477525	2621.480405375091	506.0954858499218	471.4840326171652	1712.5296851637256	13.580906249628987	5448.779754978381	740.3908795744037	468.72330938782864	5753.948748254761	4.118855918540158	3810.4567764617295	164.7746446410752	475.9774328381422
27.75	9100.62762012302	22.269026025182765	1120.444333413837	220.28935333847426	475.62327304707395	7546.83261148063	23.350747277221558	1909.192506925238	372.74027454928296	475.73635580555873	6158.954217531458	24.44240387096566	2620.3293943090716	505.72883209285834	471.2237156028864	1712.665376185175	13.575077035017477	5448.957825181675	740.1206864473393	468.758938773489	5754.012516975107	4.116135211539641	3810.692631333637	164.62316278958937	476.10918521817916
30.25	9100.526223626772	22.265321277344142	1120.4547401927925	220.3003198715997	475.68012842296196	7547.297554143809	23.37706399101442	1908.759772632613	372.65959898991406	475.7234487005593	6160.389930491671	24.447785557861966	2619.252116143929	505.37727071708605	471.069297212951	1712.6779798000637	13.571394623728166	5449.205019848603	739.826112005654	468.7146725521308	5754.12676436664	4.110183178276548	3810.8344949573816	164.51056700121327	475.9657164918943
32.75	9100.518817677792	22.27891645398267	1120.4967281474355	220.26222247009207	475.5967964637188	7547.61127218699	23.43510948314232	1908.525958507348	372.61749760570694	475.74438947776116	6161.902959272417	24.457470687042104	2618.1559317833544	505.04400975919344	470.9184302874829	1712.8241376231213	13.586088537559794	5449.297351820592	739.5167453341286	468.6147125254603	5754.165901474761	4.099035946420457	3810.9871281978662	164.44825748821336	476.0466081465998
35.25	9100.620178505827	22.276543117720898	1120.4798840881288	220.26920408241378	475.5124710917441	7548.010605714681	23.535740483466853	1908.2779272821563	372.6080688338093	475.68281124573116	6163.232189177747	24.87279749354249	2617.146213010911	504.7202111483798	470.7548704372032	1712.6107166241761	13.58404344923419	5449.45043644387	739.231507010636	468.418236135989	5754.096625404967	4.0990145004804885	3811.1355624220996	164.31738367993103	476.10965327834856
37.75	9100.577542780931	22.285201910751073	1120.416631207392	220.24540689293812	475.5726802424783	7547.970085787776	23.70298782920795	1908.4188890485475	372.70136644816273	475.89047439390913	6161.964435353147	25.788904263622147	2617.8103445520087	505.04026306220493	470.92569844738057	1712.9404059608573	13.590596857973589	5449.585368667027	738.9664464529205	468.4980573218722	5754.18627556513	4.116335935062072	3811.295104280841	164.16075806057486	476.0702620504907
40.25	9100.698209966185	22.277774936562395	1120.3525976659032	220.22890168005398	475.6007646234495	7547.453941863309	23.7218608283048	1908.6923933934995	372.8537450675242	475.8493128330803	6160.318739788289	25.79763608040146	2618.9994609145056	505.5075124323195	471.1706943001761	1713.2310311059373	13.599581825040309	5449.762279455232	738.6536210047686	468.531162242261	5754.111627777707	4.125758862951485	3811.387276066123	164.03934881566528	476.2131698480569
42.75	9100.667322760866	22.284177922931036	1120.3454799192698	220.22767536810713	475.4866690434567	7547.077586753674	23.771388780382686	1908.9104828402833	372.9784158496063	475.88610071427894	6158.853696524419	25.756534088996084	2620.184799099168	505.98609222173303	471.6533175756575	1713.3513800754306	13.592600160885286	5449.955292634114	738.3981403124326	468.57910877525353	5753.882536337745	4.137138402438147	3811.807734272099	163.8160682236921	476.2265886273766
45.25	9100.771836941885	22.2789545744292	1120.3404139510014	220.24315637510745	475.69793435033984	7546.416597737217	23.8655371316761	1909.405224460879	373.1855981555656	476.03166187198946	6157.268210768207	25.7010647362701	2621.2357971774913	506.37979746204314	471.8875924396643	1713.1960242144178	13.607550972534511	5450.185771537584	738.1235930049617	468.4901604482542	5753.8978634003315	4.141503240170455	3812.302265424155	163.5821985821322	476.3522496975965
47.75	9101.014105328744	22.267607536428816	1120.3578901132416	220.24472604052124	475.7960561563797	7545.646247381233	23.95885897035869	1909.9724415949374	373.4270486827345	476.01791953761153	6155.761146432093	25.63694972875862	2622.3507403424583	506.82846627995445	472.2863120243518	1713.3176777384888	13.613508805243745	5450.315756772642	737.886066588003	468.49102511889856	5753.70321418053	4.141349929275371	3812.6909960248777	163.34021267644744	476.3668627435408
50.25	9100.861221606527	22.26674422933575	1120.2988043107744	220.18821456248628	475.73538939304376	7544.264750951937	24.223984853119696	1910.9582593520697	373.80787759637127	476.25063959092347	6154.812631654091	25.48590139099729	2623.2154254270877	507.15488667053404	472.5904246322453	1713.286636537561	13.617053600557036	5450.581331259483	737.638638031707	468.5245297266173	5753.477954547041	4.134746415908536	3813.2650541340363	163.04717092775755	476.47016619299677
52.75	9100.895512023284	22.27307640298041	1120.3663168019716	220.17408023069535	475.6891308141096	7542.792064788516	24.18554904234144	1912.1524176207406	374.283043776614	476.4299142714667	6153.878749064229	25.49094293173326	2623.9102060466075	507.47965224752	472.7090092908547	1713.264458832424	13.623563318446102	5450.824590299074	737.3633604223392	468.5641968720439	5753.206789183685	4.143152353417942	3813.8293467748667	162.74809262155185	476.59291102907787
55.25	9100.711301320542	22.247509019451105	1120.4004363516517	220.17245236711008	476.14426829378345	7541.5917653973	23.556834367270127	1912.903119536058	374.5593462058166	476.42207127212106	6152.600209557038	25.167777807236753	2624.9757891167696	507.852893101941	473.020056158745	1713.3442091475706	13.629580531228605	5450.975479690048	737.136502280514	468.60864350893604	5753.0300448663975	4.1443150537410585	3814.4448960172917	162.4382273898946	476.58404689471234
57.75	9100.523371109593	22.221932278507072	1120.3971716084086	220.17915248426692	476.28623131059544	7542.995123121666	22.722401793601133	1911.8403608354554	374.1684893890598	476.35130525264117	6153.942902700052	24.069100822566334	2623.991731178408	507.5331733911636	472.84215007165756	1713.3906262134817	13.625158495641427	5451.138258123263	736.8803425890335	469.0138796252066	5752.7111370513985	4.130649633993924	3815.282357660356	162.00162060936944	476.9263822993411
60.25	9100.396104896356	22.2208353841358	1120.4151592762967	220.13378583615255	476.27135808142526	7545.091506102585	22.723715066127138	1910.3297274642798	373.6389334763099	475.9377816739295	6155.917584382433	24.044933832548914	2622.3715005361637	506.98731414742383	472.62377791100124	1713.311324648107	13.624422077237732	5451.374699065923	736.6540629472372	468.86956361975507	5752.125899447898	4.1082572724090385	3816.0696203221537	161.56452233097238	476.888506918132
62.75	9100.426932569602	22.220658371797754	1120.4438257896174	220.11885756138088	476.26496887078764	7547.2746074456645	23.09532038308192	1908.8642704042413	373.0940286935755	475.6371526828075	6158.085735421291	24.091205135121204	2620.7070172008584	506.4045831071111	472.16804896317444	1713.4152944682946	13.627880501198238	5451.618050394152	736.4448079970441	469.1101351372204	5751.780054170487	4.09808579533334	3816.6746121150586	161.25005122952123	476.8402306003298
65.25	9100.434386278946	22.223561616259556	1120.3481471679056	220.16102924287014	476.28642909973274	7547.0933669128	23.694008235144572	1908.9830203431036	373.15263475020413	475.628537735889	6160.227631524823	24.28408685493341	2619.1145461412293	505.88228096687055	471.9673745801879	1713.4561351879427	13.619710065515221	5451.855671533043	736.1722354073903	469.15269126179874	5751.773236355409	4.090007649887959	3816.985111777644	161.0879099991846	476.8133182691103
67.75	9100.536540678804	22.223777670149893	1120.3172306407284	220.14891394281537	476.3942412571967	7547.253102487508	23.36450106379094	1908.7359271026492	373.0791383510043	475.60986047070776	6161.319168644192	24.603967051861126	2618.2295231543817	505.60372914772177	471.80883852599106	1713.5255627738327	13.620720383494415	5452.042251403247	735.9582149393228	469.2358705165263	5751.602364101533	4.07804364363477	3817.113989860823	160.98939480531405	476.8523994122716
70.25	9100.655359512724	22.207495176636737	1120.3086672267762	220.1570785082586	476.5851714615862	7547.585196685777	23.445080676653994	1908.4200786406418	373.0059223959932	475.5238504671245	6162.323016504485	24.61408927607165	2617.5988167616974	505.38389086687533	471.5684254632501	1713.7091771867545	13.611562074828084	5452.177520253605	735.7054561227674	469.282980144656	5751.58746324842	4.076303658284056	3817.379310579261	160.89917270362162	476.71688954602047
72.75	9100.775403674146	22.200380143280764	1120.229351276455	220.14260747090174	476.5863603905441	7548.036454814497	23.53917126517216	1908.1304269897967	372.9012037148216	475.54321809625196	6163.138520374418	24.858371357806433	2616.8213075845924	505.1744599251221	471.4591592702724	1713.7344705790842	13.612258365033837	5452.367251058118	735.4419679908775	469.1235033619326	5751.681927255753	4.080187100263299	3817.3265935247377	160.89528251535287	476.72079281988056
75.25	9100.833391163616	22.204457600665954	1120.1833099444018	220.1739861612013	476.55505181777204	7547.973678032869	23.71463686506922	1908.3159015728602	372.97631935390734	475.68679803897993	6162.6622575341435	25.39347192025261	2617.186071832951	505.29434137773904	471.4398393663424	1713.819969197184	13.617616366498346	5452.528284086271	735.1534250542504	469.3464802264537	5751.676907150282	4.086784806031434	3817.412122821758	160.8624090283187	476.77884258352225
77.75	9100.576468441537	22.21717076095977	1120.068422554815	220.15242431868714	476.47615861397145	7547.652850897491	23.677627998163047	1908.546725660319	373.0866867961178	475.664940682269	6161.729362800838	25.440032805779925	2617.696301244479	505.51799171655847	471.3119386177278	1713.8833232546212	13.621888544436306	5452.652940718306	734.8853625880084	469.25373766070584	5751.8173601323815	4.091319266745459	3817.29584153526	160.85137972142465	476.7317572890953
80.25	9100.658873673568	22.211089437444986	1120.0492157396793	220.162429221601	476.4803487988574	7547.581864147849	23.674450194826882	1908.6521739865084	373.157684267845	475.71422533572564	6160.800773435957	25.42330675655905	2618.4058352786465	505.77050404277594	471.64420886685224	1713.859030382568	13.620051799523957	5452.826119423705	734.6522498579934	469.31620510859165	5751.785617208878	4.097608162893889	3817.3578207288965	160.79079943058883	476.79251021426205
82.75	9100.673041917897	22.20079880134243	1119.9997559897965	220.19155659005014	476.57046759599973	7547.178345634938	23.70594722174403	1908.993389794454	373.28568565759133	475.91406291170483	6159.877610550504	25.405530488887397	2618.9874690157094	506.02603775994925	471.61476202716443	1713.9715471058948	13.628211616604625	5452.923482752147	734.3827651921099	469.1900596206031	5751.723805910934	4.102124507646642	3817.570663237783	160.6661505365954	476.9307560921685
85.25	9100.553224158042	22.20906912034557	1120.0115318335206	220.17641236340228	476.406472099004	7546.832092541234	23.615584089574792	1909.1492871042592	373.3585119154735	475.87806885933014	6158.832763783952	25.427798102151073	2619.56139302973	506.24879135628726	471.846326873031	1713.854815402513	13.623361493543506	5453.0883109892875	734.0993514154165	469.1759594728809	5751.445796720766	4.101981823299046	3817.9969227418037	160.4431867083905	476.8856722569981
87.75	9100.632474017928	22.214262090953316	1119.9904150442055	220.19946638022338	476.4148704032373	7546.514753110327	23.664975633711812	1909.3153696551092	373.4506588247392	475.93247103419225	6157.937954787248	25.409038781078163	2620.124095059883	506.49178359040366	471.8203437182074	1713.8073505340633	13.62478099236317	5453.1971801887985	733.8379418353517	469.26008219305675	5751.39160836542	4.105487482013933	3818.2804967457705	160.3431105906761	476.90478154068325
90.25	9100.73428045715	22.21604119052915	1120.0007330011297	220.16720114123507	476.44140638293885	7546.07577297593	23.65293426480279	1909.5186277967614	373.5014431963229	476.00187597774266	6157.096567583809	25.401964313496915	2620.7133731685767	506.71856489580796	472.06525818718393	1713.7060123271497	13.63560853923532	5453.431566634776	733.6029515656757	469.28166450176826	5751.197555843831	4.107839082752131	3818.511732048095	160.23953965093423	476.8568640048176
92.75	9100.777683419059	22.208199665608063	1119.9406911295744	220.18438556412815	476.6128084131072	7545.499194728804	23.658175564328904	1909.726905984426	373.5714447707063	476.04184407640855	6156.416765805825	25.3909018302191	2621.243768038835	506.92450887540105	472.10323743920975	1713.7102397386727	13.635106262223912	5453.622574265889	733.384963952676	469.24551175242345	5751.181198671342	4.103222866778178	3818.6960935314173	160.12831338225752	477.1114017987649
95.25	9100.667028182133	22.20232938612075	1120.0353990680057	220.2176395493652	476.72363252732697	7545.315145476696	23.64095692034721	1909.8126969157229	373.6118615345542	476.17899850044284	6155.591533724822	25.38289546283577	2621.896425649702	507.1017169351726	472.2434359692728	1713.7188376204665	13.639030954133615	5453.860886837349	733.1415017579789	469.26472012559327	5751.047105213527	4.101534260127571	3819.156457635186	159.89711016761453	477.1050945203438
97.75	9100.758657397519	22.2037235899856	1120.0856026138572	220.22026447519912	476.63236974221394	7544.977155017083	23.714087018875208	1910.0441140105008	373.72201013796763	476.0892030384641	6154.905937717817	25.361853846604987	2622.379159494553	507.31131867123923	472.27476152954404	1713.9817440752538	13.653247489644905	5453.987891532777	732.8973692850664	469.49511555522304	5750.845141525327	4.105908113734008	3819.614397625997	159.70188522605088	477.1621863379683
100.25	9100.720547007899	22.204606941365395	1120.1126898830344	220.20236646320544	476.6141227334006	7544.7642151849	23.753399964362437	1910.3426192692693	373.8186374552763	476.2151700679176	6154.166139690207	25.328280376208333	2622.9199077128887	507.5039685992959	472.45078777859857	1713.9308981709023	13.665767909600175	5454.1354913598025	732.6705909961923	469.67480599348664	5750.64216264231	4.102581916977643	3820.1421593835703	159.5026792592235	477.09298564054393
102.75	9100.729352273433	22.196436170291637	1120.2588429844038	220.23722873998852	476.73847749090373	7544.1484813398865	23.84013405554711	1910.7927524444679	374.01204597569307	476.2429326952075	6153.425721842917	25.284393011211943	2623.345540638098	507.65490509014967	472.4960997941844	1714.0565311903492	13.670828690201084	5454.356520732119	732.4412873873546	469.84295942360416	5750.8148523587015	4.10079008699844	3820.2323578460455	159.44764336425504	477.02602337177433
105.25	9100.684335738888	22.187410736254627	1120.2671928861187	220.2430040229379	476.75932827240973	7543.299130793905	23.75297541264102	1911.2305003222157	374.1699006703891	476.16317764579554	6152.827227414599	24.909587068818848	2623.747557978396	507.8264563153683	472.86933046350254	1714.0462521307877	13.669029043202993	5454.56733683692	732.2200896025731	469.9610102421002	5750.770160792738	4.101044971246446	3820.2304474037333	159.39712834820642	477.0779501936905
107.75	9100.725957979892	22.182421637819658	1120.2443005629918	220.23635820149102	476.9171665523734	7543.275219169993	23.382045784815126	1911.3512597126576	374.16371055068925	476.2730497604719	6154.012040396593	24.173175629554066	2622.545924840019	507.4473504636822	472.7271058214251	1713.9887604486396	13.661875442126657	5454.785530903544	732.0024305760292	470.1442962612416	5750.445172021759	4.0953169254300406	3821.0213180547084	158.9790710927132	477.7656110724821
110.25	9100.745695345322	22.184953141336216	1120.1976919671908	220.27656974173408	476.78051195268694	7544.308504218684	23.084277958996758	1910.5602471965194	373.9006932121298	476.18794130663116	6155.5960143183875	24.337079989486885	2621.452629736588	507.07153623268493	472.7654353794179	1714.196801430836	13.657019843058576	5455.030487016242	731.7374326105662	470.02388058716076	5749.754124638854	4.08955149126767	3822.177968480452	158.38640642552724	477.5553874277425
112.75	9100.721562785937	22.185182663376256	1120.1920535389436	220.2785772765806	476.7409575642614	7545.253010446211	23.2149036083722	1909.8492091858839	373.62875320322775	476.15857582942	6156.919453441664	24.292316284119178	2620.361182928949	506.6823528017017	472.63932741337356	1714.0681112454538	13.651601698984914	5455.271714569897	731.5035023205651	470.1061188664963	5749.454843316801	4.084352209174461	3822.844816389387	158.0020816253582	477.5893910886681
115.25	9100.86089859774	22.18544181505644	1120.2076338563409	220.29406651163973	476.77391536329424	7546.101653330926	23.25231730180985	1909.349071344135	373.43741945209774	476.00981142111067	6158.606727006668	24.28315512132876	2619.19351105669	506.2918802599477	472.60996702715005	1713.9250297123353	13.651834321361974	5455.482931478254	731.2999391493101	469.9057498250796	5749.376873135152	4.066837620201953	3823.331399436558	157.73878157984814	477.4558903928321
117.75	9100.905566776792	22.186933108726848	1120.1964909675805	220.27241691281242	476.78105513588804	7546.855932224608	23.28979629311346	1908.7602552308103	373.2917486514886	475.8657898202879	6160.2154285829265	24.290922148296403	2618.0115606103946	505.93033323939324	472.26953499622624	1713.796937132469	13.653972502916687	5455.723824713394	731.0238280014823	469.8046645090149	5749.25037844627	4.0560243869995745	3823.49649868731	157.6307912197252	477.4806881925726
120.25	9100.819385016988	22.185795734099774	1120.2554680876847	220.27213777584882	476.6927272772409	7547.430710243755	23.36192558164946	1908.2539879946992	373.1691065044346	475.9030366922896	6161.81967500812	24.441888854484375	2616.9616528576075	505.53689913482566	472.1447918058009	1713.7556449979147	13.654012501646207	5455.973899061737	730.8076102575119	469.9070692964362	5749.233879887033	4.0494470513368155	3823.7215296961776	157.51842671562332	477.5017962147305
122.75	9100.64217447115	22.197943892765455	1120.167392416145	220.26073026306076	476.5566729755477	7547.644942961456	23.479179635372162	1908.094793261506	373.1043886898184	475.9052464226698	6162.318636059007	24.78398387234984	2616.5416413454504	505.3658052951622	472.1738920049475	1713.6406785998429	13.65646632289717	5456.074897641569	730.5738979090564	469.8523606902891	5749.066925972148	4.049704675524219	3823.923489271647	157.44468211895426	477.61031607451844
125.25	9100.52510532401	22.190107258190704	1120.1527826382255	220.26100424407076	476.7135789349543	7547.823806283102	23.51304965448582	1908.00560317459	373.1079634101555	475.9784936120934	6162.720410720131	24.80938890141755	2616.346632214791	505.2908532207897	472.20587411649063	1713.7582113317123	13.650541833096746	5456.339851667701	730.3173180142721	469.9050379843778	5748.588881644118	4.049591024407924	3824.494005396148	157.18288619604388	477.7658918261906
127.75	9100.484417568177	22.18807380173469	1120.0499769553464	220.20024817584329	476.788879303552	7547.602477745197	23.527181181099525	1907.9986218077536	373.1365415593593	476.1335160279199	6163.145668821331	24.94832624273736	2616.1698732477635	505.19258337380626	472.15286143765195	1713.8614476244609	13.650709326363222	5456.491061420239	730.0686527463641	469.9933399491628	5748.288356642093	4.044971454550984	3825.1079602397485	156.8421138319884	477.8854591355481
130.25	9100.681321344033	22.183972916204816	1120.0967127620042	220.16317074552146	476.82106727140615	7547.664305272917	23.4835871213213	1907.960162277171	373.081521015463	476.1793694739077	6162.955498938123	25.14117173907984	2616.4037852601355	505.2615896604409	472.02811385458534	1714.2129931975671	13.64335047801494	5456.662903292639	729.824660246745	470.0327372457089	5748.199136608441	4.049642784410516	3825.583527477285	156.58917156415134	477.76506662068675
132.75	9100.817152372476	22.187066443822317	1120.1832344240242	220.113883119369	476.7443336374931	7547.5406466637705	23.53015319519264	1907.9299202399625	373.0838576853731	476.34521144069913	6162.54599852238	25.145135415509618	2616.7159124318573	505.3864297976806	472.03498648267396	1714.1673918126628	13.645295434839085	5456.69415946895	729.5684561651967	469.8273096876898	5748.200756533738	4.046958243778658	3825.6978090304056	156.510553364436	477.7688965007397
135.25	9100.981170414361	22.185146528215476	1120.1536152424858	220.10730842815897	476.8649116607569	7547.557398361082	23.49240481588326	1907.9465797492342	373.07908414118685	476.4588051228924	6162.273644456401	25.156232127352418	2616.950079812586	505.5397240845432	472.01026939297407	1714.1780223073854	13.647536683959126	5456.84743387161	729.3518181268191	469.98251958012924	5748.142852811017	4.039859202427439	3826.054611132799	156.3447085767993	477.8786949875362
137.75	9101.02557700116	22.1813324253125	1120.0975202052086	220.07273483648677	476.8521952680962	7547.51102527862	23.45679897395939	1907.8443714440846	373.0369074865693	476.63561587261484	6161.67314239547	25.16233897216748	2617.1608160652545	505.69767012345307	471.94655020180994	1714.2305980881229	13.650115279634226	5456.980535348981	729.1272648915425	469.89265172378254	5748.069988643407	4.038119825063198	3826.489406104224	156.1379388858215	477.83979835023524
140.25	9100.899156208941	22.175691208439922	1120.0426894347702	220.0625063259853	476.97076017985637	7547.692401874319	23.527021223405143	1907.8140565212932	373.0064095043941	476.38691766820307	6161.240192903497	25.13405708246482	2617.4127050838747	505.80416228424906	472.2575827146692	1714.4275202146932	13.649423343985676	5457.156727578888	728.8625810169136	469.7584214562207	5748.087583589967	4.039739798185249	3826.7498440632066	155.98109316736753	477.8631104047008
142.75	9100.984022092121	22.1731505810789	1119.9459500464984	220.0790702405402	476.9711134467735	7547.388967868189	23.646130001151185	1907.9937843309285	373.0692572799408	476.33513346715336	6160.9151749610555	25.114035976835034	2617.6310044714037	505.9392534118956	472.47826436836584	1714.6682423181098	13.655196070919622	5457.292703802271	728.639355937325	469.870645980372	5747.928958940158	4.037411056203309	3827.0628688846136	155.81022390373684	477.9154271178436
145.25	9100.9258637052	22.177507067968445	1119.9411740968874	220.08430083198087	476.8907818799372	7547.162222392534	23.5437275789973	1908.236531093662	373.16197264754175	476.5407048140838	6160.463994021472	25.12897196462099	2617.8382223791077	506.0135004861784	472.53657750178456	1714.7760248764318	13.651345528088106	5457.43574357159	728.4287931325335	469.8167060450705	5747.787347912422	4.03484547256444	3827.3245469882913	155.65187063050652	477.8613178222953
147.75	9100.964697722808	22.16812645258605	1119.985553552385	220.1080821830346	477.0360855721595	7547.3879109059	23.44381019624471	1908.1710885175546	373.1477724853024	476.55897309886365	6160.16248807565	25.15626311687774	2618.112242290182	506.12940532826036	472.5345947610779	1714.7993169505626	13.657694113885	5457.6007753441445	728.2200012451361	469.84312765558514	5747.842470319084	4.03437985152298	3827.370341276674	155.62410025352978	477.90109568208237
150.25	9101.040958435087	22.163827774118804	1119.9915780469548	220.11134681496267	477.0649540722125	7547.352570014064	23.445027361928638	1908.1820083981147	373.17187771336296	476.8493440813426	6159.851721266084	25.155867139348743	2618.4191227174106	506.2518929711893	472.4803828816041	1714.8248608631807	13.664427296462136	5457.824287453579	728.0384373951207	470.1103951856628	5748.084857730471	4.0321338972837815	3827.158503169187	155.71730672726775	477.63500256241474
152.75	9101.08301560426	22.156885135283357	1119.967175994264	220.11669728392724	477.1868971252994	7547.757657571773	23.390043159121497	1907.8979433845686	373.10774430023395	476.88692645773364	6159.559154515584	25.172535598071452	2618.7325439164956	506.39143703930085	472.5426738273079	1714.7611837498007	13.658822632356978	5457.938953521613	727.8169208534863	470.0510238259184	5748.096757740013	4.038426040252399	3826.723231904779	155.90712455824095	477.6379767663715
155.25	9101.070848356867	22.146900545631375	1119.9440631189896	220.12393711214057	477.2067737934488	7547.633738894223	23.489078864437744	1907.9113939580566	373.08018757546864	477.0006554391541	6159.18287821726	25.182941245651925	2618.9782043338455	506.53141544334113	472.50826848184346	1714.806982556366	13.66480321248689	5458.064593736835	727.6595561523843	470.2551572482066	5748.358366154478	4.041896337487574	3826.398349646957	156.0545627508137	477.6212385656066
157.75	9101.063004777197	22.144985483223554	1119.9123504575196	220.1095896731706	477.38365512353806	7547.703156834601	23.41299163018442	1907.824894435305	373.03776031973143	476.88254168736756	6158.858890630903	25.176569675176637	2619.2668921003897	506.63495053036087	472.73355692180786	1714.720433543151	13.665034461345076	5458.212532225608	727.4624081918971	470.0412240967152	5748.750982597859	4.041843275532057	3826.1113487890257	156.20379234833268	477.66109876612876
160.25	9101.0625913227	22.13524280114285	1119.9175815789724	220.12769688075437	477.5434347987069	7547.758716486932	23.447722098944688	1907.8331744016748	373.0622444266143	477.0451262384142	6158.610051066677	25.14945822196199	2619.5905942698514	506.766039791074	472.9443005858155	1714.7805103879236	13.66876208392082	5458.361309251817	727.308503293798	470.03410090414815	5748.631388593419	4.039689233681749	3826.2208393017186	156.14900625330054	477.6538118927165
162.75	9101.006527893853	22.11915349614486	1119.930050163877	220.13769927183728	477.73636599392256	7548.080210744084	23.289026402065932	1907.7721480033554	373.02791683987783	477.10290405410075	6158.09251101456	25.133427288178915	2619.840221047801	506.8788982689638	473.0986720663192	1714.8318026775485	13.677603848724834	5458.589002149667	727.1438025255708	470.1554542212614	5748.664903059717	4.039118755220142	3826.2367671808283	156.16966374545206	477.71067516184814
165.25	9101.097323446415	22.11722238588757	1119.8823714990208	220.14449611956826	477.67349942740566	7548.67866225944	23.19031490729435	1907.3254504111542	372.867750762161	476.9969481180789	6157.832871394025	24.96829495450217	2620.0760717371772	507.00860762507887	473.3511916385824	1714.8912151534958	13.680779840634477	5458.758318435067	726.9561163251069	470.28446736689847	5748.794029092277	4.038292041686302	3826.2125104116108	156.17285945443166	477.8160498708737
167.75	9101.097218511464	22.12233446974843	1119.865487126183	220.11822331128838	477.61958266187673	7549.030183224884	23.174990726280818	1907.109296874012	372.77926962495036	477.0781515275961	6158.462909965463	24.58186252480684	2619.7536545133844	506.88977324403777	473.48555826643513	1714.7454954120026	13.674894815228472	5458.912900773905	726.7545306792055	470.30292583237235	5748.803477039555	4.033815948819274	3826.3728188138916	156.04665514898645	477.82029677730634
170.25	9101.112170432863	22.11684970520378	1119.8625643559517	220.12345887882316	477.68785942110003	7550.172537697166	23.313879196543457	1906.1791535793682	372.44508540969093	476.7730290494071	6159.445126696767	24.54882321484046	2618.9424185533408	506.5972330655239	473.36721081399094	1714.845320455158	13.67571046329769	5459.048478442435	726.5460702626397	470.2209426258581	5748.781282863906	4.022521102208581	3826.5621417878388	155.9543829773173	477.9136952305612
172.75	9100.953125549488	22.11448864864952	1119.8940638040228	220.12200394011023	477.63115106184074	7549.097936795212	23.873599100451685	1907.153205198521	372.79971286502706	477.1375925988053	6159.753013339516	24.89852254858345	2618.635413162831	506.47950174593484	473.1337322303732	1714.754932293246	13.67529543960543	5459.198385729466	726.3657270189989	470.25209993228526	5748.536620836835	4.025321714437644	3826.7619402148393	155.83293465914252	477.7532483532548
175.25	9100.927612941397	22.12168033350259	1119.915773160325	220.1104974877129	477.60120459474274	7549.2670494746035	23.2666554940905	1907.0748618836965	372.7359641629324	477.10541868043657	6160.053683558778	24.94497692012205	2618.476784360587	506.41842920759564	473.10664646687866	1714.846047718055	13.67367759679773	5459.322732265432	726.1303261761476	470.2960322479256	5748.587940744938	4.021329979142432	3826.591203859802	155.90127802651068	477.7551713922254
177.75	9101.089707623149	22.12892934318493	1119.9924686810434	220.09492823518195	477.5069278175929	7549.211715142642	23.59009969087615	1907.1639945499267	372.77056474161964	476.91910852000467	6159.78971953208	25.094712036579597	2618.572707808577	506.4529340809311	473.06080340026233	1714.6674722453852	13.667365017926745	5459.472805865038	725.8748029636791	470.10351487156504	5748.65366925841	4.027012374699255	3826.496399506721	155.98292667840985	477.7542854083334
180.25	9101.194737304482	22.132441129852637	1119.9670102953357	220.10392967457872	477.4003280398467	7548.628767280156	23.55084058827778	1907.6403949466742	372.91015300585894	477.03976345710316	6159.331298874838	25.107541355759768	2618.8517346760727	506.56805474629357	473.11308317861784	1714.7238908008385	13.664327999434601	5459.657327659789	725.666398623737	470.01876388591444	5748.5065451492355	4.032241302489811	3826.660772283089	155.91605237990993	477.88512785149453
182.75	9101.224185575575	22.146307529028487	1119.9880842949092	220.110165348609	477.2847555141772	7548.771835209177	23.34756439206557	1907.494943217512	372.8692158656219	476.9215102854158	6159.127976169126	25.09247916049019	2619.0922746575097	506.6908155309208	473.0987936008684	1714.7145290508847	13.664859708425546	5459.8273200992935	725.4615659090085	470.1727985192527	5748.395165662534	4.037480599987084	3826.8687810487177	155.78966031226383	477.76496747149986
185.25	9101.007665997364	22.15776908833758	1119.9818668237194	220.07016315879576	477.1071873414318	7548.519225490169	23.45872954439374	1907.5238578118704	372.9322928741413	477.00731175832334	6158.546091623597	25.051772670946395	2619.295134025979	506.79127118305377	473.33041728498506	1714.732301042199	13.663308944055924	5459.992363217335	725.2470640981925	470.2412135057019	5748.308320898867	4.037245878427594	3826.9097724928047	155.73152366261007	477.9376092962344
187.75	9100.953422058372	22.167108562682827	1120.0772739776394	220.059106259337	477.0900161737037	7548.724060134661	23.425561831312134	1907.3770085654944	372.8598564094761	476.9430362947683	6158.659705725994	24.809207607064195	2619.2709770636206	506.7227882972361	473.34598192033263	1714.6780450737492	13.663680028453092	5460.118265318388	725.0481754462149	470.37548522465204	5747.95746264719	4.043876397274978	3827.297639639827	155.5488404242429	478.10704364207896
190.25	9100.930982532012	22.17144257080517	1120.0386843740132	220.06791769513018	476.9528866317707	7548.413226484133	23.720260238844013	1907.7203850524795	372.9760909749165	476.7764825217171	6158.957050353503	24.729219870729963	2618.97375676791	506.59952242311795	473.05630108042004	1714.7609741789022	13.661531120234534	5460.289800553844	724.8610089725835	470.4025745353714	5747.81227281221	4.039679097373607	3827.8446971632875	155.24187231583363	478.1666339529172
192.75	9100.802308809461	22.1746081085064	1120.0213871249714	220.10623616971412	476.90857349688935	7547.851677264874	23.688056260422876	1908.2335391730458	373.13864979454956	476.76865537048644	6159.446807011474	24.735118826126826	2618.605236423927	506.4989185767912	473.1295900211796	1714.8550886823123	13.6652585823338	5460.440440281184	724.6740054138248	470.3639328182838	5747.658229115619	4.036371332170976	3828.275827883596	155.02915405035498	478.198611418205
195.25	9100.759212960167	22.182249668740617	1120.041529495996	220.12199468758504	476.87843568645286	7547.557483017469	23.523800632899317	1908.4750708438366	373.2472508388133	476.9166872172492	6160.0532629546915	24.76833263040911	2618.350948537345	506.394743233842	473.05656401157717	1714.8053158568448	13.657268605524377	5460.61373243437	724.5157893790571	470.2913089190044	5747.235354508841	4.029298798411411	3828.781595896111	154.80627778538548	478.26196137962603
197.75	9100.796536252	22.17984797503216	1120.0742982639006	220.10171996575806	476.92083436126006	7547.657064899022	23.36926888388166	1908.378701749041	373.1922412765873	476.84257814530355	6160.443479845802	24.81077347254302	2618.1045074037247	506.33407790952725	473.11960637828554	1714.7875482169775	13.656096206959191	5460.77514551528	724.3131689526683	470.18884807525717	5747.006972100218	4.022728235655133	3829.01777886513	154.64929363700466	478.1740440337932
200.25	9100.879988452964	22.18715112862066	1120.1257237129678	220.11042205539928	476.81572796076404	7547.828645365314	23.40166177617554	1908.2640661124653	373.1350638239187	476.96019157343864	6160.71851568851	24.79571959633267	2617.869085359051	506.28094315925534	473.2573720904233	1714.7633451449738	13.662891839874368	5460.959301477876	724.1129596568425	470.2955704437306	5746.829276691974	4.02424485231448	3829.4510133227163	154.4006355072658	478.43998300330884
202.75	9100.822467821234	22.18579878370329	1120.1286067710973	220.07938154659118	476.7575918960195	7546.648557006469	24.223742745868993	1909.1895281434895	373.49511087980574	477.2249494593285	6160.751985594849	24.820666930737833	2617.725197653667	506.25397154800925	473.4158576169825	1714.720411649326	13.658513457571273	5461.110258237411	723.9073773000692	470.4771177503511	5746.564264674134	4.025458522482815	3830.03249677148	154.12655544631667	478.35989608411774
205.25	9100.92050977228	22.16998799096244	1120.197880128362	220.0614654108758	477.05618277565947	7544.7566269033405	24.208534042474565	1910.5667487107	374.0115395802652	477.65605739208496	6160.704114002226	24.625273328881647	2617.7591581385077	506.27106670839197	473.4068520982311	1714.6743096350085	13.662334621883293	5461.274835051804	723.6995899432122	470.31261145778063	5746.622536754096	4.015804362048938	3830.206026679229	154.02983726282497	478.33650009083624
207.75	9100.878383187885	22.157483754569324	1120.1655868786618	220.08188971828815	477.0311901266543	7542.98621295792	24.203175244667435	1911.9572479260974	374.48541664409544	477.7206053353819	6162.107417431005	24.022349793153104	2616.7246650382845	505.90888649243004	473.4414256127394	1714.7569041799497	13.658645093110122	5461.427097635982	723.4944559902365	470.24452788736124	5746.3304570277405	4.005914165215352	3830.403944754336	153.90963043276662	478.36778455859826
210.25	9101.102549193112	22.165934255943654	1120.158238227487	220.05070486922628	477.0490494274455	7541.268573310913	24.194708843967963	1913.2919674280367	374.9533841579295	477.6827951478316	6164.043297501858	24.005504817365125	2615.489433778206	505.41537820798135	473.20674354857715	1714.9499088933883	13.648909941510896	5461.507153484964	723.3154248648308	470.40527887024984	5745.984638392069	3.999418143619214	3830.7620155863397	153.72595554159793	478.3388189444915
212.75	9101.116142974917	22.15898609659675	1120.1453857272884	220.04422145963014	477.0420610446395	7539.527966143607	24.223183030372528	1914.513818992565	375.3757383157873	477.3792338956271	6165.793080118752	24.156045124964642	2614.2756772205	505.01822072423715	473.16151574380297	1715.1068268539937	13.64859576367154	5461.632516762481	723.1085674039631	470.6228754870996	5746.092130922483	3.989384881464895	3830.6028068858786	153.8464038505256	477.95681263248986
215.25	9101.093247554709	22.163404508147284	1120.1137219170105	220.02322144637154	477.0345830939149	7537.65523000204	24.243253254618907	1915.6859585808586	375.78662529569647	477.22139930602617	6166.462554906118	24.487371135420833	2613.7793839671517	504.8962356954696	473.1568586129137	1715.1187010978397	13.64625494906442	5461.671346353156	722.9037742363734	470.66846350198233	5746.501277000243	3.985619248038577	3829.891522308317	154.15046943499786	477.88097358966814
217.75	9101.13026000771	22.172360732963437	1120.0497469822913	219.9335617461827	477.0412717401091	7536.044600398738	24.2413057074592	1916.8889294409435	376.1921902853322	477.29358688878546	6166.984201832883	24.643128460464037	2613.44539945209	504.85243966481676	473.03182241829927	1715.1831229911043	13.64285237816155	5461.6726757182305	722.6844992226456	470.67666454919106	5746.53883351476	3.9876434035160564	3830.009279674398	154.10397839580668	478.57268951985
220.25	9101.21820658237	22.1685211873689	1120.0429163931015	219.93206085344818	476.96658552230195	7534.581056356286	24.249031690248522	1917.9312829823643	376.5768701071858	477.2759434269149	6166.479336363706	24.95381878361586	2613.800333056024	504.9937972133508	473.1579694301232	1715.2788754753226	13.641860467349368	5461.719182592318	722.4721706398614	470.89688989709606	5746.165489208706	3.995178039427715	3830.726510598468	153.76364410083164	478.4771442141335
222.75	9101.200259424473	22.1598070885572	1120.0601420187872	219.90240286566797	477.17152958190127	7533.132963137161	24.25737846011513	1918.9590640462043	376.947768529676	477.24769412351463	6165.715518285472	24.948227610602135	2614.4475269443146	505.2044427509018	473.27998355072094	1715.3896270519983	13.638457802821014	5461.879071047738	722.2427848322048	470.84689566452397	5746.043350531668	3.995804367745208	3830.663079843099	153.79552978756286	477.9609410587563
225.25	9101.138609444857	22.1613086498035	1120.0389858332617	219.93378742353613	477.09196474329184	7531.82842482533	24.252620173676053	1920.0856128809428	377.3345811682625	477.3080567334463	6164.946459494109	24.94624570055483	2615.089271216394	505.429097815065	473.2949094295188	1715.5447298885733	13.646321869827812	5461.891565610903	722.0370553896039	470.960777167278	5746.417972680686	3.995596170927933	3830.2691648432224	154.02035305594586	478.00893601295854
227.75	9101.123601030851	22.168847357090975	1119.973331415922	219.91228560213537	476.93403753009056	7530.552779060058	24.265440587313684	1921.110755708624	377.6748500621313	477.06385492121467	6164.221560576756	24.90230024705862	2615.706934807599	505.6746764319418	473.2762460108626	1715.6155327957456	13.644976290016725	5461.95626506692	721.8476891121225	470.91420898157895	5746.661685501219	3.9953663081847517	3830.1147421004216	154.07876279880227	478.2116344804867
230.25	9100.976483536306	22.170676805597658	1119.9090355863539	219.95567588189633	476.99575520381615	7529.489819365884	24.2727886518447	1922.0911772771776	378.0003233473993	477.0967638238112	6163.623533846797	24.67281381073978	2616.098140037637	505.823023779539	473.38266503597896	1715.7604250477482	13.638479518294647	5462.053965125823	721.6777732397682	470.92450253062424	5746.616448702591	3.9939818844524804	3829.950515958576	154.08278541230834	478.2344471135787
232.75	9101.131933555598	22.161433730457357	1119.8937379690271	219.9547956429033	477.04748556837944	7528.30641865074	24.29040996206835	1923.0674950991947	378.2973525908777	476.83148240924146	6163.644045673372	24.438163368312644	2616.0392237736955	505.78404280237896	473.29836901217556	1715.9433317948472	13.635796589663832	5462.170949730334	721.4838512370291	470.98498303299795	5746.485278147499	3.9917186219254974	3830.0596737920796	154.06294688125328	478.317725084036
235.25	9101.146540751954	22.16531181011246	1119.7959558399864	219.94923736652174	477.016315483903	7527.079623903464	24.281973636297884	1923.9932482504519	378.62525404955363	476.9437482885807	6163.851352549631	24.430598997246015	2615.99652791027	505.72105437464387	473.283541632922	1716.1642261674745	13.635541565743964	5462.35701883528	721.3127615539594	470.72671741268834	5746.057014416689	3.986056061416292	3830.4357594166963	153.86893478490938	478.2705673505909
237.75	9101.17170096265	22.15941753613336	1119.780956515912	219.95200328337398	477.1485865782141	7525.825802097334	24.305383948234237	1924.7699010934966	378.91954851252837	476.73323916581757	6164.074599198372	24.42576728437029	2615.8936641790774	505.6731055470157	473.4065254537377	1716.1879233172529	13.634863387939134	5462.453024641759	721.1789283015376	470.80353393862225	5746.07090551072	3.9831323683009883	3830.552609690859	153.80711448554462	478.3282222786587
240.25	9101.242323332895	22.14827165357864	1119.770585999424	219.94724126076832	477.1919843481868	7524.532960001971	24.30419837163082	1925.598553376895	379.21749794389353	476.8975653166768	6164.171422610163	24.435838239491254	2615.7733777633075	505.62839076535244	473.0690199164336	1716.3119807604053	13.62832240577526	5462.646985079881	721.0181004780907	470.8756448632623	5745.961190562694	3.9869592365942244	3830.642439502584	153.7453475128598	478.2761288223262
242.75	9101.114902855848	22.15757237476389	1119.693050307872	219.94230189222034	477.13457065564006	7523.489187486415	24.276039313436318	1926.4493426581873	379.505882409282	477.20302668642074	6164.252014586653	24.441821581473327	2615.7009877467817	505.6225858782416	473.1502184012071	1716.3706707183958	13.617994184266529	5462.7950984515355	720.8454571407776	470.96690137578395	5745.816699904545	3.9833909574535458	3830.7443885310413	153.67359546318212	478.32018040592703
245.25	9101.100711954232	22.146690567773035	1119.8166798932095	219.9250552431562	477.25871452172305	7522.301625453151	24.286243705551794	1927.2278651311549	379.7571087113206	477.0347457393614	6164.371829681649	24.442656984427206	2615.774504452336	505.62880778672644	473.09374431312915	1716.381666005705	13.619205501785723	5462.850693776835	720.6928382703304	470.83968898186157	5745.9200975513395	3.97504830851558	3830.483719466509	153.84413205986945	477.9531724795239
247.75	9101.15758671752	22.152588107569994	1119.764421275754	219.94044136021	477.1542936494471	7521.089551294393	24.290033124121884	1928.10262247396	380.00958907389315	476.92291604457523	6164.258383080135	24.441424363963804	2615.7845975599826	505.6512659396306	473.0938606755453	1716.3358824900877	13.621374937363795	5462.901464059513	720.5142107900567	470.882607536387	5746.185663429747	3.9733857725212	3829.9486494201537	154.11457231202985	478.075455535798
250.25	9101.183803699798	22.159762241444472	1119.7378425643742	219.97185461554895	477.0560368936322	7520.099666485143	24.28934869662454	1928.7819396499592	380.22184652744363	477.0184069018841	6164.087406792712	24.457653901976688	2615.8140016951925	505.64843569427705	473.01367116239527	1716.422145794001	13.61967958860872	5462.992439732738	720.3070720730354	470.6155630912659	5745.997015817729	3.9743947275038978	3830.1774079488086	153.98302425534675	478.5834230305986
252.75	9101.118373192772	22.165079718775413	1119.7403257635806	219.98689794943286	477.05510462827397	7519.354747037316	24.30222139269087	1929.5456476514446	380.4837711112405	476.8553179077499	6163.870402283698	24.580784644971903	2615.9162821683685	505.6741608628024	472.8143516885805	1716.5004978841548	13.614736091993889	5463.018759932476	720.1607218058452	470.6948821965348	5745.704076277081	3.975012101378941	3830.579960783039	153.78579923791136	478.3722403896776
255.25	9101.250874222245	22.16747637753678	1119.7362953351421	219.97588426436238	476.96714073163645	7518.5851077195775	24.287651318887715	1930.2215163574294	380.6685997860973	477.17077991267587	6163.35002674076	24.713130313507246	2616.499142401262	505.83733789597454	472.97113968049	1716.4851362477925	13.622044860821848	5463.042081881346	719.9699684107976	470.5514445967061	5745.7365118464495	3.98081368615302	3830.4475910230317	153.82362690491388	478.0336486461659
257.75	9101.159464073215	22.159872270979182	1119.6325029198133	220.00280098742184	477.01321271949524	7517.788591632462	24.2943334950357	1930.959500089394	380.85971325642686	477.0192574799925	6162.730463820805	24.51111762014475	2616.7955715166486	505.92767671682583	472.9081905535462	1716.5466599426513	13.618934958245001	5463.171352256022	719.8304646910865	470.5263864265988	5746.162067422409	3.983274800442052	3829.9316930577143	154.08324041907636	477.9998638068188
260.25	9101.128644361686	22.16035074718602	1119.6191414853288	219.97417658406187	477.128998829736	7517.024339598704	24.313651271279923	1931.5593782482217	381.02567977182946	476.8397174877521	6162.839527727487	24.409195651542728	2616.948682036604	505.93462934741683	472.92717428760534	1716.2427182414758	13.6097156090409	5463.259223746975	719.704569831805	470.5594465829005	5745.892216503299	3.973794527403039	3830.3292506508155	153.90305491065286	478.5506208063231
262.75	9101.231941556549	22.145737212572715	1119.6827748002006	219.92334649494595	477.2757511666741	7516.190126792718	24.300926585575432	1932.2110256615501	381.2124453354565	476.92254344666594	6162.644837842084	24.423554433899305	2616.9679725001934	505.90303691916637	472.6260379097512	1716.4044112171716	13.606715473453688	5463.330314194914	719.5619109800028	470.4707789164917	5746.086955482248	3.9718696843217454	3830.5407072534204	153.80342190037973	478.1916841360581
265.25	9101.220562932782	22.142224017859057	1119.6413644652548	219.95592829271405	477.2884500441044	7515.344081967999	24.312486291469956	1932.838124829743	381.35392122187756	476.7316854118294	6162.487854682301	24.421641643463524	2616.946805085764	505.854526378381	472.52809793641114	1716.5366551481109	13.608628778785013	5463.4367955147945	719.4420607595496	470.53091742153657	5746.1117576988	3.9702849869187684	3830.3967823583725	153.87135385746316	478.18354855188886
267.75	9101.168391901889	22.1349487146377	1119.7505449602952	219.96952403961436	477.44509248797306	7514.472007660808	24.29530778781722	1933.4675066429747	381.4988773371512	477.1101439856483	6162.349559853314	24.429337652452094	2617.060574501655	505.87255455601127	472.54658837757114	1716.5208666435813	13.607775061505565	5463.518115758963	719.2995273281549	470.61984216274425	5746.205298829762	3.9746046256818848	3830.1276354910087	153.99779304325702	477.99171018284176
270.25	9101.042493349514	22.140711849359835	1119.758616683217	219.9975263840476	477.3700513235376	7513.676929218836	24.311388362528238	1934.0400761938731	381.66029867066646	476.84325621416514	6162.214982782803	24.40891724035844	2617.087277253093	505.8987776693078	472.7026715891974	1716.5171550290365	13.60837413962556	5463.630456438747	719.1526034468951	470.60083603325734	5746.356337799764	3.9767300926985327	3829.6800513387275	154.17660981054843	478.0614637336112
272.75	9101.233743760442	22.138186215054123	1119.7190800857193	219.94923007374965	477.2943836692122	7512.821369552482	24.293211773010885	1934.535141073041	381.8086624396563	477.1883780433299	6162.2656788041495	24.425691546622428	2617.164182467322	505.96011313009967	472.57701429075115	1716.3620642766746	13.606199258341423	5463.809976612086	719.0203490745398	470.4557385411211	5746.349318285145	3.973142047730878	3829.9584089831437	154.07929051193278	478.48807827053594
275.25	9101.280727827148	22.146251299671057	1119.637115290805	219.9412015029042	477.22217532219156	7512.034174504849	24.307100411795577	1935.045413726031	381.9056756096759	476.95601993702695	6162.135906826955	24.415895950995658	2617.2537324251057	506.0019513879202	472.69695373167104	1716.4084155155604	13.603676533569473	5463.933012405655	718.88297750048	470.4357981985874	5745.998422223346	3.9616950439452947	3830.625660198947	153.76977151599175	478.5160130060813
277.75	9101.499224322619	22.16188973773618	1119.5748443050045	219.95361575148112	477.05792131002437	7511.3508061177345	24.29133457588511	1935.5349389943424	382.05528249259316	477.17005077953746	6162.091208402967	24.4290497017157	2617.354295106991	506.0116862251757	472.5880808827518	1716.401299257865	13.597208530525693	5464.026484186151	718.743699953083	470.5341622463879	5745.8352234058975	3.9550162840534	3830.5843031259205	153.73914534532165	478.0727695709484
280.25	9101.65669648099	22.160235096243035	1119.5824943696718	219.9580959012547	477.0904318367693	7510.602939433157	24.30809391205713	1936.023575936534	382.2142727745244	476.85094583186844	6162.024551323297	24.41997333454619	2617.454339786594	506.0557962967988	472.66148760111093	1716.2600867266008	13.596554805254781	5464.126123945068	718.5977593153876	470.4457809968803	5746.060457674166	3.9575916721223434	3830.3580514438286	153.80964984264332	478.2433957816678
282.75	9101.589545193734	22.158762377686248	1119.5223898311992	219.9449803519417	477.05428064597163	7510.053554778239	24.304365400976845	1936.487018634277	382.3386193045665	476.99695056115434	6161.845685043019	24.434241926225216	2617.5822937039593	506.08558241849244	472.4259650798299	1716.4308655147106	13.590184772727364	5464.266734915002	718.4098281137683	470.4800573197405	5746.084053892704	3.952698864195404	3830.3647852585295	153.77951453760988	478.29744149089913
285.25	9101.521657656229	22.155390316606958	1119.5188804641014	219.9587093310531	477.1803711705258	7509.59433780384	24.317721501395344	1937.0208571853402	382.42891043097336	476.8295184857373	6161.673640460889	24.444378121997033	2617.808118326768	506.1397644430891	472.30102102586613	1716.4743740433264	13.589795234854533	5464.503706936153	718.2658010029501	470.4330993498192	5745.984530627385	3.949354140178032	3830.579063509654	153.68251386110342	478.3988824778524
287.75	9101.467043370369	22.16552673933688	1119.4758559028692	219.9663314228918	477.01795828845525	7508.919791242303	24.296312683960956	1937.5250008888327	382.56194098228184	477.1361025871025	6161.347210165587	24.459170719199847	2617.9021878907356	506.18334640433847	472.23157123410164	1716.4584855982944	13.58813278949959	5464.564625232112	718.1389058944274	470.57798219513586	5746.112517132399	3.957637296718077	3830.376896251778	153.78118040910653	478.02228421130627
290.25	9101.479738727881	22.16322775418872	1119.56538345886	219.93926728326107	476.99305777431096	7508.400946599854	24.326057060495106	1938.0115374373358	382.640351839858	476.77771643520845	6161.286579374909	24.45612340335441	2618.1270643327225	506.2250534662173	472.1819866443159	1716.317112946372	13.587308472639922	5464.687814693625	718.0051056370326	470.5117456270018	5746.273227372754	3.964051988247292	3830.1061648647074	153.94319848181593	478.1932591025904
292.75	9101.468997836335	22.175932859955562	1119.5991866256609	219.95010295342425	476.87390423680824	7507.740185788554	24.3074556773091	1938.378386327613	382.7514318262768	477.0749476011559	6160.939841671076	24.47547935207944	2618.2845537090175	506.2480567940403	472.0152091775294	1716.575164281364	13.583059461295086	5464.852925042321	717.8469266699809	470.3242384138392	5746.141174648106	3.96443486886174	3830.218793584863	153.90710581986338	478.1992248061968
295.25	9101.644255518586	22.173422047521125	1119.5421653734393	219.95846160377104	476.85789837218584	7507.232108327316	24.33021098522168	1938.8058868521364	382.88853953158105	476.6767135195502	6160.666251918175	24.46704966825882	2618.483478500602	506.28268737656066	472.2327340018213	1716.4282931383175	13.579409295754443	5464.943697028715	717.7298986283806	470.40472941751466	5746.065016465328	3.9612166120700434	3830.1417237716996	153.97290298103982	478.227072581022
297.75	9101.511243537281	22.182738519641838	1119.5793384681213	219.94369063218335	476.74325488178727	7506.666430706532	24.30698904355323	1939.3042351607521	382.9700343927933	477.08543017215555	6160.116251114781	24.473815686266555	2618.6332494935664	506.37415845095745	472.0918312272806	1716.57314583882	13.579244352730267	5465.021541971172	717.5889115304835	470.46723823208197	5746.151053741358	3.962863819748375	3830.2774809202347	153.9191490679761	478.3580808793827
300.25	9101.506390324488	22.17571497995837	1119.5750453558962	219.9473495220835	476.8552687678597	7506.153320388195	24.31718431590173	1939.684914536777	383.06822338273963	476.91757340585144	6159.648853688894	24.44668482241331	2618.9042089960935	506.46002536642743	472.49879095966105	1716.6193592327454	13.574374234964303	5465.122583879408	717.5211482624007	470.2881027333706	5746.095266725714	3.96171253732719	3830.5737995276704	153.773034032613	478.3628826730281
302.75	9101.579954786806	22.181992003011388	1119.6027924062325	219.9419079367376	476.80095036982874	7505.858091863226	24.298230419561765	1940.030425770013	383.1348204067681	477.09183702324094	6159.447823480161	24.441390655132725	2619.2097408092445	506.505335047997	472.4720176284911	1716.8580980458269	13.579205036691503	5465.273296408819	717.4277428830445	470.1427524065913	5745.921717213982	3.9628889547255786	3830.580364044274	153.78881374348438	478.1386786417562
305.25	9101.603434970328	22.175961900854624	1119.5705281896776	219.9308903143442	476.8695948671393	7505.414683491876	24.31822911093258	1940.3891117907403	383.2359433615614	476.8734070302617	6159.085142730583	24.43374795771511	2619.503372009418	506.5376550247527	472.55811346983637	1717.0599337975966	13.578065737144339	5465.42199497146	717.2817093995726	470.19337843886643	5746.300747261389	3.9671550240197777	3830.0991680649786	153.99204486167724	478.0235942144662
307.75	9101.720520465384	22.182199438524545	1119.6352383953515	219.94537917204616	476.8301918609957	7504.925590591501	24.300534277130915	1940.7051903082302	383.27592005013514	477.13965298218017	6158.732626231171	24.435802754241497	2619.6941071601987	506.58181739361703	472.55342567180986	1717.141888018849	13.580465209628748	5465.577973584347	717.1804950938447	470.0273066585075	5746.401054908217	3.9698033940421955	3829.939474884352	154.1031398738509	478.19341964550256
310.25	9101.648658394943	22.172391056950985	1119.7301744731767	219.97133798113038	476.9971204817121	7504.653067394414	24.31234857452777	1940.9862140560595	383.396740002081	476.9279910736596	6158.2686846847	24.430117289421776	2619.8446544633766	506.6655062066326	472.6588577503744	1717.145461869862	13.577443171333602	5465.7387529510725	717.0680144296336	469.89842770434416	5746.14514713362	3.9631943101494107	3830.1183367568506	154.00358854839092	478.3268182128878
312.75	9101.558768774092	22.16982543339936	1119.7905314549173	219.9575100967907	476.87986909615245	7504.290138783928	24.317781875038747	1941.231151838928	383.5051594180814	476.9998477040112	6157.887292820702	24.433964124239562	2620.066867110138	506.6864114814245	472.54014489623677	1717.249420481463	13.570662748071847	5465.901878547045	716.9573475451318	469.84696712658626	5746.231742033623	3.964088742118436	3830.086469528951	153.96196590336643	478.10507444299157
315.25	9101.284996132112	22.17472384702186	1119.7688190260185	219.96077893178597	476.8585334280642	7503.919649096882	24.276573646358415	1941.6929623986607	383.5760620402	477.5814396602711	6157.7954544749555	24.45135527369716	2620.3621026435353	506.7241363631415	472.2204793346923	1717.2303101791342	13.573923136670777	5466.101160282885	716.8157820967757	469.7866462178913	5746.440753993355	3.9673083624691103	3829.867300788376	154.0687069009418	478.1724916444368
317.75	9101.282045699394	22.178045784527317	1119.8848684762236	219.96895748487037	476.9118563247718	7503.502693428454	24.291407328582057	1942.0775435538378	383.6443739003415	477.2266924591148	6157.288421676587	24.45350929379084	2620.598426219905	506.77127368735427	472.35506662115256	1717.2402162635647	13.57386960838933	5466.291043803343	716.7255500597494	470.0374400435168	5746.454108034229	3.964643503378069	3830.017924968645	154.00448916923284	478.38141106292613
320.25	9101.291677644851	22.163734470139417	1119.8926173382972	219.97680720483396	477.05193631606477	7503.035168547824	24.31013329045721	1942.3698677581026	383.6964921219549	476.974969496305	6156.844886662742	24.440065197970892	2620.877127786004	506.83342446028377	472.50278578837924	1717.3922859309826	13.570791922198723	5466.426825953331	716.6093585680048	470.01144128432986	5746.262793702532	3.9658517183462285	3830.347391354382	153.8252998806462	478.3527306445841
322.75	9101.233726700095	22.154313747691607	1119.863795480692	219.97471505088686	477.16596199454716	7502.693192381517	24.318001458132194	1942.6803028622815	383.74739149229185	476.8226101287992	6156.531921376515	24.426506269691348	2621.159444030695	506.88117660377503	472.68109339765016	1717.2592155668447	13.563324661535463	5466.527557394704	716.4790005704161	470.0078585903283	5746.003331835026	3.962083625226569	3830.6682524545427	153.69094557452743	478.3731672072622
325.25	9101.174670723816	22.15620470492565	1119.9658764891262	219.983754369204	477.0759218147219	7502.389623776184	24.31131203276725	1942.997788024655	383.82790411280257	477.02073398295505	6156.263104078604	24.445772297360648	2621.3975528707233	506.93555960397657	472.4416356157136	1716.9599815762997	13.551475475395998	5466.6839107851	716.3881641914109	470.20218978200353	5746.096614472106	3.9552077595158543	3830.382318391492	153.8317390811008	477.97765248256235
327.75	9101.193098795346	22.161496653070973	1120.030845012205	219.96143282029126	476.9768278342236	7501.994273249345	24.3414152378318	1943.1852677577394	383.85001290193645	476.51606796376063	6156.067759741345	24.453643974653815	2621.6319641045675	506.9369161651006	472.37349345047966	1716.8740129274015	13.550563358051571	5466.828062739284	716.2866086918427	470.3542857375781	5746.327322160744	3.9567421705598904	3830.003431985201	153.94061221415382	478.1317438283951
330.25	9101.102406335302	22.163862081497008	1120.048080211736	220.0163645863956	476.98171451461025	7501.653327041995	24.33493001408624	1943.4346496712574	383.8874015718115	476.8027658561632	6155.791722780752	24.45784121906397	2621.9091524613236	506.99183698489696	472.28278420206976	1717.0618765393904	13.55138922142557	5466.918137754819	716.1987299938393	470.2487806760728	5746.558521651345	3.955155375787211	3829.8674889160256	154.01300494714675	478.14769329856784
332.75	9100.863368866956	22.174300805531114	1119.9770556611413	219.99162791692544	476.8912184376328	7501.390753710498	24.319554067136966	1943.6805397191247	383.9176798948106	476.9872265888572	6155.44972605075	24.4590794514817	2622.136368579141	507.04937639831394	472.25039460558907	1716.9751061370953	13.543075564468847	5467.062612531697	716.0952403424127	470.23567663672196	5746.632163568055	3.9636727670581338	3829.8891918122845	154.01931565506	478.18732302531157
335.25	9101.193757305784	22.176182899135547	1119.9379304072843	219.9892724597987	476.8374046950001	7501.213543922382	24.335350154907502	1943.8881560509199	383.9792863190406	476.773276380658	6155.179631817747	24.467745447382864	2622.436304242844	507.0766212050296	472.17077360009336	1716.937915467853	13.545788343028816	5467.169643149525	715.9752520124358	470.3652229087517	5746.400962945404	3.9589473617689372	3829.9473533379005	153.96259295905077	478.2648040270376
337.75	9101.32782133235	22.180610745821905	1119.8683431157285	219.9939261422001	476.835875135527	7500.968481816497	24.326936779536315	1944.1281639055062	384.02248559663497	476.9447928005848	6154.725909876951	24.464294854852515	2622.73794612276	507.1117879829497	472.2385324545761	1716.7966420821654	13.536846736773652	5467.2927250524235	715.8641502119056	470.29022900431306	5746.453660077217	3.956740869905157	3829.992453665316	153.86807741319677	478.19176160714517
340.25	9101.271897348104	22.1849242921834	1119.894628849764	219.9610869448706	476.79111231185345	7500.802287122707	24.297229581123975	1944.2997616433759	384.0875272588081	477.3499612597683	6154.476272609249	24.47400114598027	2622.994766090622	507.18340172986024	472.2260657224249	1716.7913311352245	13.530948292921893	5467.442699052653	715.7890559162452	470.14731593787894	5746.504359168624	3.9642615134059773	3829.9472483977606	153.87622041639418	478.1704605351233
342.75	9101.420786625615	22.178254572108276	1119.9075872660837	219.98067590841163	476.8658257939205	7500.735357666725	24.309766537714864	1944.5325565065336	384.15296415227454	476.9590604591634	6154.118435093423	24.458254282377528	2623.27211274064	507.2758957675353	472.47341237560255	1716.7331727621154	13.53645751130083	5467.598512007104	715.6779011704209	470.3022906780405	5746.7554602562495	3.9638107312448287	3829.672230970198	154.0154555606287	478.14417970776276
345.25	9101.53723104702	22.171288154825103	1119.9036965330226	219.98774045367128	476.92242622508803	7500.537116112224	24.351849191514543	1944.7621711890113	384.1945844186561	476.49310649931886	6153.887289152879	24.440050889002855	2623.5038037810923	507.3316057157489	472.55838937203987	1716.7442759583907	13.542837119503536	5467.617129726847	715.5855136581587	470.4172223130001	5746.465729453343	3.9653517230191424	3829.8623131829254	153.92665330892672	478.3373991556626
347.75	9101.550294192171	22.173458149260888	1119.8765288499383	220.00348069037688	476.9561211765488	7500.156220986976	24.333012362264007	1945.0631207075176	384.24478355023945	476.87556982375054	6153.745592907071	24.441424852864174	2623.7840520050922	507.38582813827526	472.6060407658585	1716.7479254608756	13.545714679026908	5467.737014149313	715.4789051018943	470.47810047153627	5746.346205869977	3.967649500905192	3829.7801020791844	153.9549331842679	478.16376189614317
350.25	9101.69201919026	22.160784156693882	1119.8767654406433	219.98799750877254	477.0874268750306	7499.707919800768	24.304689812071878	1945.2080980583778	384.28551781668483	477.19336047122187	6153.4832219507625	24.443459090406662	2624.01868439613	507.4441654287389	472.457078164762	1716.7259856729638	13.540615777852608	5467.914523997858	715.3779399292152	470.5833173189507	5746.455588137119	3.9703176898824624	3829.858387571001	153.94335115769238	478.2080581977271
352.75	9101.833343107934	22.157347308365637	1119.8964879749576	219.9982228000549	477.0844090144884	7499.529609574098	24.328422208903856	1945.3998615428086	384.3039600336987	476.77926678157996	6153.2594090690845	24.45466044894526	2624.2387773903497	507.4905378915558	472.358217993276	1716.6063378667118	13.54225914012409	5468.007886046899	715.3139767198471	470.67783884391804	5746.545274262435	3.975739330966847	3829.746990018244	153.99131145819064	478.15645722874694
355.25	9101.84398177675	22.159205535692184	1119.8958600367616	219.98370854925784	477.0597463394109	7499.724042657376	24.3123615872153	1945.6305761836015	384.34509129551753	477.08120834081205	6153.003063789788	24.468543614217275	2624.5601738526343	507.5093924627856	472.13922793188726	1716.5643706517058	13.540358052149738	5468.169019399953	715.2118655521099	470.72887179352125	5746.419864485146	3.9779165210648193	3829.6612340853903	154.03694978976844	478.11057873597167
357.75	9101.92677692329	22.163735788424567	1119.9554571995948	220.0209942658945	477.0428501749213	7499.316826267948	24.310389350814113	1945.7559397985058	384.3676394596591	477.0381464726247	6152.991625169445	24.470838681469985	2624.8383782671826	507.5643594506726	472.09930948712343	1716.4714391394152	13.541403914854472	5468.219497510075	715.103110991378	470.53033597779626	5746.359248831754	3.9749743994467055	3829.731481662655	153.96561718367164	478.33248698353924
360.25	9101.67950706823	22.161553721063022	1119.9403431460648	220.01672366696056	477.1556902061245	7499.216163093745	24.320125669028382	1945.95635044861	384.3735427243037	476.97019676194213	6152.6164106352135	24.47079331801908	2624.9856688107	507.6350965440357	472.1951230995893	1716.484324945051	13.544163007340835	5468.332142219358	714.9917408299467	470.48985323503507	5746.268645321703	3.979085754197721	3830.1361559371926	153.79195522578348	478.42557600278343
362.75	9101.833449179085	22.17303401832683	1119.917500020986	220.0194169322505	476.90327394658806	7499.196715166692	24.292925288519964	1946.15852852606	384.39733822322853	477.3366203085548	6152.207954714438	24.480378343523576	2625.305005129964	507.6657332552882	472.00520797232235	1716.559855332458	13.545860712934184	5468.485686991509	714.9526659541712	470.44983871122884	5746.287416298195	3.9784669773691728	3830.4484003142165	153.63642756722052	478.3361416682233
365.25	9101.753957134797	22.1641168118718	1119.9762545197918	220.01730560568274	477.1011572417236	7499.135596119794	24.30773007320402	1946.3230589639527	384.41525090865184	477.09224156761394	6151.915267368548	24.48462309898958	2625.5785776410103	507.70629570240754	472.1131783170308	1716.4165280166005	13.541447454097552	5468.616212878216	714.8444321065343	470.3848601886489	5746.079393183266	3.9721356475568554	3830.394236989692	153.6646495555924	478.30265789819407
367.75	9101.594455182576	22.16425820809542	1119.9905861338525	220.01281343166488	476.99560138453387	7498.979846381993	24.32629997819387	1946.414484964224	384.4395801852996	476.7170418070666	6151.717205538719	24.47750265461962	2625.76222700882	507.7789170021551	472.1642577168737	1716.380149566546	13.544758469432663	5468.90637259878	714.7861727353414	470.42830175906454	5745.929852828901	3.978561148340475	3830.579658127237	153.56484716212358	478.33751844855794
370.25	9101.554676064796	22.158763572014937	1120.0556842536691	220.00580269447144	477.1290200168358	7498.842671484611	24.321999925027438	1946.5790349146355	384.4637899766689	476.9814082739902	6151.505105116903	24.501611557758878	2625.9641965687547	507.8115930737507	471.7902562138241	1716.3816168098106	13.543174357659465	5469.0526516493555	714.7243847967017	470.54057047495684	5746.0461759039945	3.9634820378192006	3830.3344561789027	153.69481713938717	478.01753155584925
372.75	9101.43642343345	22.15209445366349	1120.1167080930402	220.0155239925096	477.1760077213358	7498.525789623825	24.33360626033523	1946.6778128397398	384.5033340749399	476.81502629480195	6151.31428079607	24.502791304583823	2626.143646381909	507.8764459796567	471.8124394357984	1716.211078372947	13.534002829588898	5469.1826394875525	714.6208655451284	470.6458032342556	5746.217076382857	3.9673012644623125	3829.805178468001	153.97746682409513	477.97777216881417
375.25	9101.16925720304	22.16043878098219	1120.0663377214523	220.01298502584652	477.11582386248045	7498.414556051193	24.315109043487208	1946.8749811488065	384.5381665229882	477.0457862977044	6151.094306567217	24.50871738798762	2626.2743622682374	507.9267965801181	471.769994915118	1716.0788905889176	13.522332230923025	5469.4380313655165	714.5667403878685	470.5791983718005	5746.151828051279	3.9698292464823273	3829.843852770694	154.00268072180543	478.410507539451
377.75	9101.109638412136	22.16867303247949	1120.1258924838057	219.98252963044584	476.82941985540106	7498.1844893678135	24.324094520799207	1947.0418870192489	384.56756532382207	476.93706990569007	6150.729366080176	24.512013358127174	2626.523045616019	507.9490835261347	471.7826537292889	1716.2122407096597	13.51978115427615	5469.599942239271	714.4902611451465	470.38313261140405	5745.8123999774625	3.9674315648406275	3830.4123873715853	153.7857551066532	478.4182389617113
380.25	9100.988516876194	22.172860053892997	1120.1403808418574	219.96586335744647	476.90592926055444	7498.15691812934	24.304339097881073	1947.1598873518965	384.5799191200469	477.19748678821554	6150.409137216828	24.511395632108353	2626.725723785882	507.97362508366103	471.7775597830533	1716.1149794990858	13.509597726542017	5469.647197317556	714.4264645547804	470.49745001922344	5745.671154458033	3.9688588043373407	3830.4324833861074	153.84557969845045	478.0259698517164
382.75	9101.13319938463	22.187505090438243	1120.0941647414247	219.9415426869521	476.62649262654725	7498.092079945193	24.329077089926514	1947.2568374776922	384.63199233866777	476.8934416987569	6150.099721567711	24.49432193152122	2626.882096878315	508.00195787598403	472.0076450966121	1716.0152780836295	13.507229587295425	5469.701775343592	714.348876566794	470.3844157603498	5745.771884615215	3.972255301372725	3830.0767421197147	154.06809122377965	478.05424261784833
385.25	9101.023250690287	22.180940270220603	1120.0899500725402	219.99096379936682	476.8783047361162	7498.002943195713	24.30684124855687	1947.3899667053493	384.6715596553772	477.138978453666	6149.761973463475	24.49788276149454	2627.1218719445933	508.0367422833599	471.9721091619846	1716.0357819835972	13.503855238856062	5469.855096988448	714.3104136308343	470.23348098762705	5745.87488322565	3.975052664254701	3829.8004444394373	154.23842049149277	478.07378960905135
387.75	9101.085341637357	22.17913194298387	1120.1539160900654	219.96352239691512	476.9330398423009	7497.939492917298	24.328716632906563	1947.5202849446757	384.70602028101337	476.89132591744	6149.625578927157	24.489706121280705	2627.3720911944815	508.07383735090525	471.99694815302956	1715.9573486109168	13.505250237322404	5469.992498385134	714.2443481950417	470.217716683839	5745.704050451528	3.9699373983822053	3830.129085137343	154.10779418731312	478.48333359057887
390.25	9100.943585363728	22.16856595544307	1120.1027151180479	220.01229943749414	477.0598534572268	7497.874891979613	24.298362586634088	1947.674750037764	384.72874999651475	477.32791628403845	6149.366668633441	24.50404174300841	2627.576881405151	508.05376464501757	471.8096156381026	1715.9175159500733	13.500674038349121	5470.166819407567	714.1791193631199	470.4258074500008	5745.458806716724	3.9693310548636647	3830.450619828117	153.96686859641738	478.3264078031244
392.75	9100.94545141893	22.15067862262407	1120.1164040451454	220.00900630213746	477.20982507152974	7497.628904146308	24.299198067093293	1947.758162988761	384.74929895537724	477.1093014275789	6149.146236810381	24.502008883383425	2627.7540537848267	508.08093856117796	471.7699968393095	1715.7263835220656	13.496099841563234	5470.322667239641	714.0873100185592	470.17378304612265	5745.410076909214	3.9710904477157722	3830.4954076563754	154.01508096605042	478.16565817543136
395.25	9100.949060487745	22.159920759043967	1120.0920972675542	220.04416591077003	477.06775365570263	7497.578714123723	24.325761120981227	1947.9546772200626	384.7321768880543	476.8210449966407	6148.7850614905865	24.525943472749766	2627.8923350123305	508.1293477173146	471.5406782506131	1715.644263142993	13.4890926336382	5470.445302933955	714.0518754981493	470.3557392657458	5745.370144789453	3.9682314378693615	3830.600855616902	153.99686053849854	478.19888940517455
397.75	9100.87089441228	22.160854664437988	1120.0534176803233	220.06567455355378	477.124600065831	7497.300419470414	24.308425872159123	1948.1090233294387	384.739233334176	477.1127308342886	6148.439507262949	24.53667090761582	2628.0517936911606	508.1895253328702	471.48366420117276	1715.5303778814803	13.490902491125862	5470.597906127924	713.9996827170178	470.4299875271559	5745.509287696961	3.9691758143923446	3829.9926727305296	154.29529116240442	477.8708891524955
