0.0	9099.418066063323	22.25731802665025	1120.6933888360566	220.22955860160326	475.83155697097334	7532.238992647228	23.328030473719508	1920.2574150551195	376.3915273644486	477.03904651828964	6142.372839484403	24.829793275532577	2633.2967253844545	509.80603074750763	472.759987078265	1711.7896954696919	14.28832167829073	5446.177791241422	743.0687074360393	467.8036244905155	5755.297940884698	4.186472360382533	3807.2857401239567	166.3907589063491	475.82727561466896
0.25	9099.448757048749	22.257547681974597	1120.66980458523	220.23498453564903	475.8212094112102	7532.270981610529	23.125356436977928	1920.1891300218333	376.37543549684	477.07279571002994	6142.462893998708	24.747034184016446	2633.238330312119	509.7902441972746	472.8139547923654	1711.7754768759019	14.286823144155676	5446.212380546958	743.0550621539555	467.8084579444728	5755.223448206471	4.18636378015699	3807.3305761076326	166.34643142918273	475.8724660775058
2.75	9099.575511192916	22.24872706993395	1120.709107129662	220.2638015298247	475.9770953755704	7534.184729211827	22.71201065429595	1918.7076654771317	375.8324484574179	476.9351927893186	6143.463870185447	24.501097654139315	2632.4224201486145	509.5172536865771	472.84364941140433	1711.9220223271661	14.279521685826246	5446.467739740759	742.8203243489846	467.80695294025367	5755.170642903879	4.176771756047322	3807.7824733159214	166.15093915108852	475.81601880374967
5.25	9099.593067362399	22.250693599395603	1120.6812060067218	220.26502018995603	475.9139598572174	7536.278883608857	22.86350119580407	1917.0979131031456	375.2276487449627	476.6642092978681	6144.667042879076	24.399695302141605	2631.35438048687	509.1717567650765	472.70109667649007	1712.1242546577232	14.270138411003314	5446.749061288465	742.5766675442352	467.82857399654415	5754.796253544928	4.155919858920162	3808.3176060638107	165.91804843520802	475.91936462841574
7.75	9099.707439510084	22.25829059322062	1120.7358289569975	220.2971075095908	475.80330750714586	7537.90999696755	23.038554487870435	1915.7821708924291	374.81828089071917	476.40971728023055	6145.958574795781	24.327732193198333	2630.1526736644973	508.79471791580005	472.6557074320275	1712.0942877786613	14.266187086863317	5447.077808681636	742.3520230263567	468.0502919132308	5754.716119543487	4.145500857268522	3808.8195463788093	165.68043876454007	475.74787634257035
10.25	9099.758938007039	22.24969143898317	1120.7425854679843	220.3470308870783	475.89560735081534	7539.30248473498	23.213203886640656	1914.8050365828185	374.4980295783059	476.10957010609377	6147.772663339949	24.229184324026317	2628.765604771264	508.32399262071607	472.5860970151901	1712.0336271764604	14.2611864530577	5447.338270668183	742.1011187528701	468.31000558679153	5754.575294405092	4.138611514363645	3808.947384603847	165.6800330570327	475.7700832834252
12.75	9099.785838640513	22.260140979787643	1120.652664529042	220.28594856124926	475.7874651539259	7539.922949208598	23.219621816343366	1914.3054177653053	374.32554238335405	476.0922699421046	6149.974540991284	24.227381714534626	2627.2114406300916	507.8100962254987	472.3401593205713	1712.1909104890342	14.251385786633081	5447.63134422595	741.8371527107471	468.36926477359066	5754.719396746702	4.1237413984561355	3809.1742595840606	165.522280861832	475.77313460666727
15.25	9100.012158676269	22.2555584610748	1120.670668161504	220.31480502786852	475.92861151740067	7541.515155250418	22.928998093007078	1913.0650704819975	373.9163597533469	475.9050775957873	6151.374763664058	24.45443779837788	2626.1425025886692	507.5008569176098	472.2432146626695	1712.1645400114778	14.240327355310855	5447.899352652376	741.5114896002316	468.4100027957449	5754.670148262802	4.125505863831408	3809.1992326296663	165.49884868433364	475.75838672300057
17.75	9100.04206318817	22.25353300029379	1120.6647097884872	220.28662486784518	475.8271702832486	7542.6446630034625	23.042804762796294	1912.060199075308	373.59310267187453	475.91403729299526	6152.881326653504	24.42043573629031	2624.912551726661	507.10342107081	471.9656462276893	1712.2330993257037	14.229256942752805	5448.118479551789	741.187821065642	468.64741545981997	5754.561744171003	4.125506826912352	3809.258204435119	165.4456383808298	475.83521275336375
20.25	9100.124442885734	22.25507481823842	1120.5671101440032	220.27749338188497	475.84706314867907	7544.4369400303	22.97000197117824	1910.7463006892178	373.1647395640027	475.85619393571477	6154.449790588275	24.489119941415	2623.838946574181	506.8187245037227	472.01448275548984	1712.2103734909897	14.221271072265633	5448.392254704735	740.8962779158949	468.58220134157	5754.549145172766	4.126850754415376	3809.6103542700675	165.27783931505178	475.9951516167268
22.75	9100.349535850639	22.262314077075146	1120.4938388593139	220.26557188308817	475.7629960667086	7545.344240336152	23.28677566179942	1910.106470126167	372.9831273175111	475.7568644056037	6156.030233869348	24.41003068973849	2622.716090199018	506.48223817765694	471.7561869718969	1712.3359994812295	14.217520750216057	5448.617797842979	740.649995376482	468.44190280289683	5754.128198174425	4.117215492719924	3810.0666505438267	165.00974726803105	476.1249659246511
25.25	9100.582707700083	22.264355025862702	1120.468493084883	220.2983501241736	475.7402626286786	7546.245554552228	23.26550024388411	1909.6044878758055	372.8361221307348	475.7096274785961	6157.48454397248	24.436119316569883	2621.480435683211	506.09549659211837	471.48403714610157	1712.5296565493845	14.213524949293804	5448.779766796205	740.3908868980037	468.7214038696326	5753.9490328270795	4.118857747646423	3810.4562757093126	164.77487501797955	475.9773389800044
27.75	9100.62768249946	22.269037600109325	1120.4442951644266	220.28934518769816	475.62311235508184	7546.832392285691	23.350744898989966	1909.192671567413	372.74033106992295	475.73636777188983	6158.954162181527	24.442407011385896	2620.3294354445234	505.7288464999171	471.22372201466845	1712.6653424802937	14.201387855523734	5448.957838065157	740.1206960525858	468.7568806202792	5754.0128641218425	4.116137510861343	3810.6920181708992	164.62344561481856	476.10907613295643
30.25	9100.526295999854	22.26533474276044	1120.4546958342528	220.30031038663128	475.6799424127274	7547.297356957901	23.37705795155439	1908.7599217550492	372.6596495375789	475.7234532695209	6160.389859912184	24.447788680518848	2619.2521687324333	505.3772889732649	471.0693058918953	1712.6779407700326	14.191460455648883	5449.205033511808	739.8261243041267	468.71246745727956	5754.127179155091	4.110185999865405	3810.8337600724117	164.5109066831117	475.965591567793
32.75	9100.518900530373	22.2789318414521	1120.4966773982292	220.26221159204295	475.5965847530933	7547.611096626691	23.43509817753069	1908.5260923884705	372.6175423564206	475.74438629752433	6161.90287959601	24.457419135234108	2618.1559913100796	505.0440302638719	470.9184395167497	1712.8240930831955	14.199971629752264	5449.2973659049485	739.5167607531577	468.61236609572916	5754.166388281406	4.099039304391568	3810.9862636550934	164.44865776038623	476.04646728661936
35.25	9100.620274422727	22.27655992615636	1120.4798258846308	220.26919144751088	475.5122321747712	7548.010492845315	23.53570424373076	1908.2780159316997	372.60809679848467	475.68279347316206	6163.232412593586	24.87256547788892	2617.1460477946607	504.72015341284373	470.75483418664044	1712.6106671581376	14.191804738494586	5449.450449498965	739.2315256199869	468.4157534503324	5754.097189755283	4.09901686287054	3811.134560422234	164.31784801217668	476.1094954582321
37.75	9100.577656740834	22.285220136308993	1120.4165631829883	220.24539173476242	475.57241400393264	7547.9701093819285	23.702928326541375	1908.4188788479948	372.7013576080323	475.8904320694597	6161.965384769278	25.788550826567413	2617.8096487234275	505.0400100701513	470.9255623972606	1712.9403560386406	14.192296450195368	5449.585376063173	738.9664671427895	468.49544278554293	5754.1869245143125	4.116335538520655	3811.2939568040965	164.16128932230583	476.0700872955901
40.25	9100.698345840261	22.277794861444256	1120.3525176404582	220.22888346725057	475.60047543519505	7547.454126081944	23.72178286041523	1908.6922666827436	372.85369310821625	475.8492453128881	6160.320485619905	25.797292176267764	2618.998184202051	505.50704406748196	471.1704602211963	1713.2309888459702	14.195280000739734	5449.7622742919	738.6536417304466	468.5284199873279	5754.112365970812	4.125755908246416	3811.3859796546703	164.0399470602046	476.2129806017175
42.75	9100.667483686942	22.28419999129635	1120.3453859874294	220.22765367938163	475.486349755832	7547.07802535853	23.771233877503043	1908.9101711782716	372.97829566272816	475.88598950765606	6158.856198009969	25.756220245271972	2620.1829702072796	505.98542057481137	471.6529836497337	1713.35135370611	14.182356842692855	5449.955268087719	738.398159067005	468.57624254537575	5753.883369797102	4.137133575541789	3811.8062819004695	163.8167353578747	476.2263797389094
45.25	9100.772025457078	22.27897954760198	1120.340304462267	220.243130827724	475.6975760220165	7546.417583539029	23.865274570949875	1909.4045152562203	373.185329749827	476.03146236808385	6157.271364373331	25.700793842133706	2621.233490278018	506.378951935871	471.88716984000285	1713.1960213626935	14.191425640493486	5450.185721312682	738.1236080548266	468.48717398760186	5753.89880199107	4.141497491617705	3812.3006414215142	163.58294101576686	476.3520170043859
47.75	9101.014323515057	22.267635763727416	1120.3577637783292	220.24469634064562	475.7956353793302	7545.647928411395	23.958417468675076	1909.9712263597435	373.4265927506028	476.01760335206876	6155.764902865786	25.636777023274433	2622.347990593456	506.8274610546962	472.2858048869064	1713.3177050403333	14.191560253073412	5450.31567521164	737.8860765533982	468.48792197581105	5753.704268410219	4.141343860594589	3812.6891829751553	163.34103792170066	476.36659583891804
50.25	9100.861476548596	22.266787772788447	1120.2986557615923	220.1881780231366	475.73475367358355	7544.268046973793	24.22349285101692	1910.9558741415701	373.80697854562305	476.2500459795744	6154.816526510818	25.48578138097091	2623.2125706247275	507.1538484095369	472.5898712368366	1713.286699350416	14.189340988239737	5450.581214138643	737.6386423594068	468.52131260401353	5753.47918335509	4.134742801377431	3813.2629341407924	163.04813707346423	476.4697987241116
52.75	9100.895803070498	22.273127586030004	1120.3661482091431	220.17403750251586	475.6883397178696	7542.7956516761615	24.185514551811874	1912.1498167037025	374.28207168269387	476.4292979129092	6153.883458783999	25.490574729269955	2623.9067517179415	507.47839904341805	472.7083785029657	1713.2645601858735	14.190142727756895	5450.824433043891	737.3633591457688	468.56086952104226	5753.208227874647	4.143148023597462	3813.82685506879	162.74923140328679	476.59249352627285
55.25	9100.71165854826	22.247604470278695	1120.400228477511	220.17239351671375	476.14307424951636	7541.595656461812	23.55673275811666	1912.900292317773	374.5582986350068	476.4215440777197	6152.605701809914	25.16758353782914	2624.9717588696963	507.85143374331926	473.0194854234894	1713.3443587742959	14.190508909435017	5450.97527319245	737.1364940897244	468.60520713640796	5753.031803543326	4.144310788607776	3814.441818031502	162.43964430342825	476.5834382032798
57.75	9100.523663157428	22.221899529740426	1120.3970104034242	220.1791216583695	476.28711571637206	7542.998955403471	22.722387563396815	1911.837568875347	374.16746800932975	476.3515770368496	6153.948494573405	24.069119988904728	2623.9876207756192	507.53169510221704	472.8417904766634	1713.3908316179507	14.18049358859477	5451.137995101359	736.8803280249615	469.0103390379436	5752.713228882625	4.130649056755394	3815.2786669446705	162.00332779655488	476.92580062288846
60.25	9100.396409492972	22.22077381796474	1120.4149865703016	220.13376295281049	476.27216080495566	7545.095206726256	22.72368818016708	1910.3270236238452	373.6379585196837	475.93806970930535	6155.92310589778	24.04495419886993	2622.367435278118	506.98586168643385	472.623440046266	1713.3115866305216	14.17421997771626	5451.374377172043	736.654043841486	468.86592877009264	5752.128239520783	4.108260760030295	3816.0654854789072	161.56643568301962	476.88793520946246
62.75	9100.427275097547	22.22060239197864	1120.4436242697848	220.11883435017208	476.26568891976297	7547.278189242778	23.095618473164404	1908.861645896592	373.09309631580703	475.63746294418627	6158.0911826904385	24.091536703042195	2620.703000043395	506.4031574912139	472.1677422890672	1713.4156126647274	14.172196421710886	5451.617668532532	736.4447858834277	469.10641048345883	5751.782590196638	4.09809294598576	3816.6701368353356	161.25211924127228	476.83965781961933
65.25	9100.43475353138	22.223515381857123	1120.3479222059386	220.1610071208101	476.2870681267281	7547.094866916877	23.694823984158546	1908.9819040472726	373.15227914810396	475.62913383816823	6160.231114023821	24.285328534815037	2619.111985013825	505.8813648784813	471.96736961183404	1713.4565049655475	14.158602877112859	5451.855235173704	736.1722136935067	469.1488824511424	5751.77592891805	4.0900275129706	3816.9803590673696	161.09010272551063	476.81273839933795
67.75	9100.53691083121	22.22373954158301	1120.3169936401966	220.14889600958614	476.3948016002443	7547.2530817786	23.364953490663027	1908.735919853182	373.0791974580461	475.6106407207556	6161.319177787806	24.6055430587527	2618.2295292377603	505.60372007564257	471.80932019561277	1713.5259583192487	14.154247410673497	5452.041782184255	735.9582027210878	469.23198559754803	5751.605178976436	4.078081683439026	3817.109002921042	160.9916959040119	476.8518094914571
70.25	9100.655716634805	22.207462946767546	1120.3084279252705	220.1570666818543	476.58565415303264	7547.584042180082	23.44544266128799	1908.4209009289846	373.006288449259	475.52476958466815	6162.319458081514	24.615588820290043	2617.6014606614085	505.3848124885637	471.5693934234789	1713.7095611884229	14.13977701544888	5452.177046795151	735.7054650398532	469.2790279228283	5751.590373013475	4.07635781264664	3817.374121801963	160.90157280157766	476.7162881877907
72.75	9100.775735987712	22.200353633998677	1120.229117175894	220.14260276075302	476.5867643648034	7548.034478013857	23.538558360727297	1908.1318526065716	372.901790955295	475.5442009590061	6163.131578209957	24.85641225336888	2616.8264569483654	505.1762608218844	471.46047750930916	1713.734806673785	14.135213789786583	5452.366800947315	735.4420091294695	469.11949218615257	5751.684908637749	4.080254376232489	3817.3212298793064	160.89777447295168	476.72017947737214
75.25	9100.833822701476	22.20439938861879	1120.1830383798697	220.17397019238118	476.55536637388735	7547.976282400399	23.712080549832436	1908.3139951725263	372.97565992655854	475.68708514228234	6162.672300082545	25.383699624858245	2617.1787710361255	505.29160876018483	471.43861995907355	1713.8202672684454	14.135319600036985	5452.5278190555	735.1534847353821	469.3424030891793	5751.680027037742	4.086762671976948	3817.406591202517	160.86498217208535	476.77821163828503
77.75	9100.577138372513	22.21711534775893	1120.0680374679466	220.15237259414198	476.4763863121873	7547.661740864514	23.67505231776573	1908.5402374418159	373.0843284452824	475.66437083283427	6161.761774195182	25.430253437038466	2617.6726064921463	505.509285332412	471.30771180450114	1713.883793506288	14.13438011764499	5452.652289687531	734.8853752871322	469.2495672769519	5751.8207140660115	4.091195536587881	3817.2901102916135	160.85400975499462	476.7311068328405
80.25	9100.659863424336	22.211041034044534	1120.048670146973	220.16233086403028	476.4804742751415	7547.596228469484	23.67133591795687	1908.6416802450403	373.15386519852285	475.712862782533	6160.8553351671035	25.413950442476633	2618.3658857459545	505.75590341138474	471.6369906156001	1713.8599056571147	14.127384154671976	5452.825102011023	734.6521464900309	469.31191345237306	5751.789307553218	4.097398479376764	3817.3518180045685	160.79348076681364	476.7918193658108
82.75	9100.674413326908	22.200760803961646	1119.9990116608742	220.19140417955327	476.5704956794167	7547.2029779594795	23.701835441522903	1908.9754005155426	373.2791060833605	475.9112530098	6159.952204323133	25.396678487286117	2618.932783060859	506.00614312590966	471.60482767893666	1713.9730516410784	14.130440984528317	5452.921927786213	734.3824808074424	469.1856206593081	5751.7279370911365	4.101851895537048	3817.564292119113	160.6688934697613	476.9300195405143
85.25	9100.555045829788	22.209035607042473	1120.010550880823	220.17619797031418	476.40639483174243	7546.863537258476	23.611487440023883	1909.1262900059294	373.3501440483647	475.87428858430627	6158.928381370322	25.41902070592424	2619.4912297043197	506.2233523387696	471.83352165115264	1713.8571553247423	14.120536967271097	5453.086056476269	734.0988254545127	469.1713484647478	5751.450478849506	4.101650941718408	3817.9900808485663	160.44600812760217	476.88488069781135
87.75	9100.634797417417	22.214243338936182	1119.9891630476357	220.19918353809365	476.41462786382135	7546.561311479356	23.658773919797973	1909.2813121883805	373.43825877821325	475.92649639694497	6158.051593785908	25.401189253417193	2620.040624685789	506.4616328620149	471.8050390658812	1713.810734709183	14.11695997075033	5453.19406752997	733.8371155899479	469.2552752975768	5751.396947171677	4.105122185005888	3818.273063774371	160.34603771568152	476.90388486969806
90.25	9100.73717703762	22.216048701867738	1119.9991694649468	220.1668387272514	476.44068176300516	7546.13235824066	23.647030766055813	1909.4771875676383	373.4864251923329	475.9941422739195	6157.229603629195	25.394288430358458	2620.6155725907274	506.68335072633636	472.04695528672096	1713.7106233446057	14.122838746147696	5453.427450467	733.6017731157306	469.27663309120067	5751.20385189984	4.1074396006374	3818.5032077634314	160.24279417640196	476.8555743318038
92.75	9100.781194220732	22.208258275145443	1119.938785368558	220.1839362436755	476.61153645042805	7545.577579783721	23.648378955773893	1909.669501862611	373.55062245262314	476.0306566395676	6156.564936238397	25.384767491379474	2621.134737458016	506.88539463603246	472.08259086421594	1713.716266634852	14.11744741693617	5453.617310030109	733.3833852313621	469.2402290386875	5751.188855642482	4.102818139691962	3818.685736702404	160.13223825902605	477.10971756911243
95.25	9100.671169531392	22.20239883564952	1120.0331455664025	220.21710717712324	476.7222524494593	7545.41334135755	23.631613337331846	1909.7407282496197	373.58582989967346	476.1650934806127	6155.756192029572	25.376794743291555	2621.77516504392	507.05835023561286	472.2205417145778	1713.7264319282265	14.116530534592714	5453.854349190087	733.1394852201923	469.25917197786805	5751.056182452829	4.101122330573654	3819.1442258228403	159.9017055326634	477.10342137389574
97.75	9100.763453089568	22.20381475547714	1120.0829806823451	220.21964709051628	476.63076544967697	7545.101578105274	23.703284988164825	1909.9528955424048	373.6890436490725	476.07158949062625	6155.083663050922	25.357039701669528	2622.248152456534	507.2646379948541	472.2500871917518	1713.9910651403518	14.125962834261172	5453.979956604137	732.8948770472615	469.4892844557872	5750.855653977912	4.105510689154348	3819.600310071203	159.70712053928617	477.16027528128166
100.25	9100.726034854144	22.20471572668277	1120.109678664227	220.2016602164686	476.6121657839305	7544.90891500331	23.747245749231062	1910.236442836072	373.7804002529222	476.1947555882211	6154.358770179939	25.32229324721908	2622.7777977135397	507.45349373259313	472.42400915059017	1713.9420748856614	14.133744566357967	5454.1260508538835	732.6675920992266	469.66867902674306	5750.654201269855	4.102192235608123	3820.1260977497004	159.50859749700376	477.0908589725865
102.75	9100.735610785467	22.19658737758883	1120.255398261817	220.23641944423412	476.73376590846885	7544.299318413048	23.82809742850128	1910.6818920968312	373.972409388376	476.2199172895252	6153.636094933802	25.282326040816585	2623.1902254412416	507.599902363456	472.46625757659365	1714.069718905116	14.134108592520676	5454.345442747458	732.4377432340543	469.8364897939164	5750.828801295256	4.100396163048625	3820.2136422121125	159.45456311368122	477.0202561577111
105.25	9100.692147576308	22.188875574031776	1120.2627548834969	220.24179729400328	476.735889358012	7543.515053544962	23.788645621141555	1911.0721624500427	374.11271512084977	476.1217344871417	6153.029811220952	24.91625892909661	2623.5977486173706	507.7737482739276	472.8341226707002	1714.0616015346518	14.12771913978031	5454.5544939752635	732.2160230083846	469.9538503882767	5750.80233922267	4.100822654759854	3820.1763611199267	159.42137802753035	477.0486877291352
107.75	9100.734480829	22.184138155006348	1120.2394547941576	220.23500361764673	476.89443131232474	7543.157691639765	23.50162656534439	1911.4355308738373	374.19742852483216	476.2779322748053	6154.205048386464	24.226646356907832	2622.4030087225015	507.3973380076947	472.6944694547947	1714.0062777104758	14.116020579234796	5454.770740797708	731.9980215960359	470.1365892170507	5750.499986044093	4.095283056019784	3820.9230368135477	159.02506329073466	477.7413812680384
110.25	9100.752747272087	22.187165903983452	1120.193292255284	220.27543606392794	476.75853829838934	7544.125691432517	23.11270789032933	1910.6928002170341	373.9514680192218	476.19859954497156	6155.484822891244	24.48476773356377	2621.535086795631	507.10036474976926	472.7759277626178	1714.2157973503536	14.10730529765524	5455.014589131934	731.733172918462	470.0158821263456	5749.821245871176	4.091123182454844	3822.053800912559	158.4451983102752	477.53434332438087
112.75	9100.725615276478	22.187204724581186	1120.1890569676532	220.2779498658576	476.7197195788915	7544.875852992197	23.305474756432165	1910.1247782508822	373.73087317479644	476.1967937240585	6156.529472038288	24.408229064461338	2620.650593292017	506.7830335199485	472.6859358874758	1714.0852289026666	14.098012644414277	5455.257228902392	731.5004298337268	470.0982957968294	5749.527459065431	4.087162941206688	3822.7065506324448	158.06839692232896	477.57034720756326
115.25	9100.861080138642	22.18747310493774	1120.2065081864866	220.29403150726367	476.75335337739375	7545.572346669088	23.305707611680614	1909.7370160942635	373.5792874622158	476.0671933021625	6157.926074113392	24.412370484073378	2619.698967189197	506.46720156568307	472.69572303763385	1713.9374520366914	14.094428387165888	5455.472041909464	731.29891068561	469.8984961570846	5749.450522062986	4.07076169574249	3823.1862864986842	157.8094959045532	477.4381308792581
117.75	9100.900761453448	22.18893077389906	1120.197872909366	220.27311958060065	476.7611257161152	7546.223173363004	23.30175721205128	1909.2250523914518	373.46013810794113	475.93587640781783	6159.235286921723	24.431692578462588	2618.739928012907	506.1822445635851	472.3956874943474	1713.8016169905345	14.092805964593047	5455.71891825956	731.0257413912611	469.798393902541	5749.321843425399	4.060945863876485	3823.3492122716216	157.70409226337827	477.46379387858855
120.25	9100.808151977666	22.187887984805393	1120.2601002860808	220.27375808199693	476.67332978859264	7546.900348046044	23.278300732656707	1908.6449327067894	373.30880901500996	475.95678432308114	6160.477911584116	24.45750397606321	2617.9593162423075	505.88114440484685	472.31532412791074	1713.7493797987645	14.089269281288054	5455.9775864112835	730.8134213993943	469.9022308842319	5749.300509856614	4.055556417805519	3823.575179835977	157.59331042996288	477.4854616986355
122.75	9100.62910494604	22.198330617224162	1120.1738854944786	220.26260302733178	476.5373660674337	7547.414705464203	23.360822650528007	1908.2670185232819	373.16250046320846	475.91774904684974	6161.503869596224	24.448918626577758	2617.150693641893	505.5716663673454	472.26241160766875	1713.6216464146337	14.086211716188156	5456.087285985419	730.5836431448839	469.84879727228775	5749.130284483238	4.052429706424116	3823.779882939506	157.52029618338088	477.5943063022648
125.25	9100.515704151945	22.190364492512728	1120.1581195275646	220.26213675761798	476.69412627325767	7547.8160659954165	23.497022405496153	1908.0154210723792	373.1058453293973	475.96384368657755	6162.669900962402	24.701160058915033	2616.391194978396	505.2969425690054	472.1982193393863	1713.7334440246873	14.074305441494428	5456.355103301015	730.3287946349221	469.901687954452	5748.651999086114	4.048319017893517	3824.352940065225	157.25791511141387	477.7501451997877
127.75	9100.472634440797	22.19081060566721	1120.0557627522305	220.2015456337898	476.7701136077119	7547.406487316163	23.62315910373719	1908.1454110436803	373.18558703244463	476.14701851538297	6162.514167384438	25.301184874343836	2616.641345133445	505.3527465758883	472.2375223639453	1713.836059368378	14.07153563702693	5456.507201042311	730.0810754732726	469.9900973649678	5748.34845073245	4.046951736420118	3824.969178987515	156.91606604790002	477.8700916702026
130.25	9100.662199846685	22.18621538650171	1120.1060516402827	220.1656657550784	476.8031158590897	7547.321505434401	23.5219503994764	1908.2142456051965	373.16988509447816	476.2104868151396	6161.731454544405	25.35667069678938	2617.3104475413274	505.5790915892025	472.1882502208539	1714.1795540897037	14.061290284346244	5456.685725529526	729.8402338844459	470.0306041546516	5748.253278130004	4.0543551626652805	3825.448399996134	156.66275301044803	477.74998292767265
132.75	9100.789970114241	22.189176689907445	1120.1966556111845	220.11756548603654	476.72709521523444	7547.1538650793345	23.55178845329001	1908.2164791767318	373.18344816762414	476.38160023671924	6160.851990405963	25.347035114024173	2617.968338127088	505.82811020513594	472.2578039733654	1714.1203640608808	14.060112215364999	5456.72779324846	729.5887489838044	469.8269651368002	5748.247160794146	4.053437908952102	3825.5675151108467	156.58413046084723	477.7540629853334
135.25	9100.944618151862	22.187177833094577	1120.1719055739295	220.11231617064624	476.84844397585624	7547.097923092587	23.50838541375221	1908.2865338812258	373.19760166502044	476.50471093105114	6160.140304478893	25.353984433449803	2618.526377562786	506.0968316295677	472.2921604382068	1714.1126926404456	14.05920076865775	5456.89551126213	729.3781940953502	469.9845636515985	5748.179683906022	4.0477222480634145	3825.9303850506344	156.4184593815033	477.86412361002823
137.75	9100.978216552263	22.183351241546706	1120.121499152785	220.07923143087837	476.8364712285099	7547.099600932114	23.414543387585965	1908.149703945919	373.14152187580567	476.673444138636	6159.094986216571	25.365583789321768	2619.06546343039	506.3711976527124	472.28860308372174	1714.1425171356984	14.058677069993134	5457.0465420601195	729.1610208930775	469.89765441508206	5748.095479631249	4.047218274903704	3826.372317742262	156.21206112501946	477.82531327420855
140.25	9100.839556525594	22.17766177399521	1120.073194007122	220.07066361544395	476.9559299212572	7547.43371541983	23.617467630951882	1908.0080562507187	373.0690307689098	476.4086150851618	6158.224112960784	25.307214619794074	2619.6410516337514	506.5918504629494	472.6578729846223	1714.3122266406504	14.054914833781806	5457.24414974421	728.9050069827017	469.7669449364172	5748.100086994934	4.049908438320018	3826.640815601137	156.05584042230777	477.84869816691156
142.75	9100.912007509321	22.174781045638642	1119.983329481932	220.08887219246668	476.9568167835794	7546.338619404926	24.083041115540517	1908.7623999252603	373.34821971415954	476.4720872552227	6157.628185195664	25.22167233741886	2620.061143518039	506.7959740598346	472.91408254660973	1714.5217655204967	14.057271728082307	5457.4043980773695	728.6914950892954	469.88311517447033	5747.927508304442	4.047665425629987	3826.9629088414445	155.88566029834746	477.90114241114475
145.25	9100.841490587176	22.179056164730277	1119.9854732912736	220.09566323131196	476.87673905296543	7545.016677948094	23.630640932739134	1909.801528743872	373.7389370482265	476.8125441427014	6156.939709205746	24.870408001200786	2620.445445234753	506.93032331587204	472.9938202890173	1714.5959245548768	14.049887960927423	5457.573535137553	728.4912809454994	469.8598008284572	5747.771257491394	4.044861994582196	3827.2343828050434	155.72792355048924	477.9079201043193
147.75	9100.880744031763	22.165558302935704	1120.0325811874488	220.11901527377984	477.02374506867955	7546.423200806942	22.834427952902697	1908.8739027318707	373.4052524561222	476.65468972457904	6158.52948103671	24.074755280741936	2619.3257291596915	506.54855087810586	472.7121102684787	1714.5878422125109	14.04799188341385	5457.760622284437	728.2902406646161	470.12564910180396	5747.48861281351	4.032770366035756	3827.950149948655	155.37030306252078	478.42409530237853
150.25	9100.970982122206	22.160764022435213	1120.0343940631149	220.11902749192322	477.055884328744	7547.472012129742	23.211326162944307	1908.0925054363781	373.1368855826426	476.81290240039937	6160.637942131863	24.141301988579567	2617.8447817229817	506.03948070626893	472.33401728875697	1714.6033225855447	14.045425192242618	5457.99224758359	728.1064767184646	470.3895746086908	5747.31026015684	4.017282063665656	3828.589434467797	155.0393525881515	478.06438057563963
152.75	9101.033608890857	22.154015284052466	1120.0019409317374	220.12004492781617	477.1808393751482	7547.906744241488	23.44390454522229	1907.7862730098188	373.06491335640726	476.8541119355125	6162.478738860909	24.592830317254833	2616.5805185250892	505.6231751870422	472.118793332588	1714.5524270245398	14.031229554200888	5458.100197769762	727.8735528755146	470.32313663434303	5747.083960716991	4.013363901091543	3828.6523186641925	154.97722095712533	478.00854345924427
155.25	9101.035014301178	22.147440013263534	1119.9721470394709	220.12405200379777	477.20499401546124	7547.736563763784	23.509590191473727	1907.833321380437	373.0499017089773	476.97274150697825	6162.165008850749	25.37674120734065	2616.776220897942	505.75039274067706	472.0972887257378	1714.6272993392895	14.033270996504141	5458.210957607573	727.6996023545125	470.5184987316956	5747.211972322566	4.018121351823958	3828.6124563163526	154.97681344942035	477.95458915390776
157.75	9101.032559855383	22.14556559900669	1119.9380827284813	220.10815881990425	477.3863014336289	7547.699635950355	23.44346762699285	1907.8244450483653	373.0361622137568	476.8694831031487	6161.3262520545595	25.38945131469151	2617.439147435548	505.9942896120517	472.3927615157375	1714.5663934957552	14.03087943988604	5458.348319303322	727.4864145306879	470.2963455389898	5747.531994510812	4.021778900078976	3828.4824014107285	155.04313588114528	477.97024046761095
160.25	9101.03499816094	22.135520341484195	1119.9424015184413	220.12511607291574	477.54988037837165	7547.76844401906	23.45533167438531	1907.8233526712422	373.0567764697969	477.0303178967798	6160.5612298358155	25.356726303828502	2618.138895393583	506.2653530801022	472.67355176814675	1714.6461004219316	14.032021141090251	5458.491561208426	727.3178955533127	470.28177806657794	5747.376712946404	4.022762533157006	3828.671262143195	154.94542660201293	477.94624871675813
162.75	9100.97985610565	22.119177892475577	1119.9550062354028	220.13425087787294	477.74571019549126	7547.976204715243	23.377483651528415	1907.8455899369183	373.05294242127707	477.1062170461692	6159.546859181078	25.34104775099808	2618.751176189069	506.5122323407142	472.89460692915344	1714.7113436855418	14.03827164953063	5458.718224329166	727.1401468788595	470.3964814185524	5747.396288701489	4.024785864271478	3828.7197148156465	154.9476657638345	477.99187638273355
165.25	9101.069574593268	22.117114013695424	1119.9084918531837	220.14048371293006	477.6849690751304	7548.275760706088	23.223082419437244	1907.6182320869616	372.97235129073806	477.03865528670843	6158.76841721047	25.267490636100902	2619.3665612460513	506.78106074621513	473.21937893513575	1714.7792753530737	14.03892690506273	5458.890730473176	726.9410682554662	470.5196452315045	5747.523334906048	4.026280253902655	3828.7009190346876	154.94698034388344	478.0890101054177
167.75	9101.063226846141	22.12305651179354	1119.8949751929247	220.11440519435874	477.6321988622583	7548.9497718587745	23.054123649692436	1907.1671329501507	372.79629805064417	477.07379564100364	6158.395386164191	24.88344621028941	2619.7817307594833	506.927566210929	473.4869582380231	1714.635456825034	14.031627851754552	5459.054262514286	726.730428427568	470.5334184502273	5747.53495232113	4.026223925035261	3828.851138819984	154.82597295641136	478.08704820200506
170.25	9101.073645941024	22.11544113270489	1119.8957817781204	220.11973211358125	477.7034943147946	7550.102602432962	23.344691884320284	1906.2296546069392	372.45887056712803	476.7726884100773	6159.350684375267	24.479067040510817	2618.991308779149	506.64099061151893	473.3610082331114	1714.7284390487675	14.028931576025453	5459.204025188692	726.5151290474766	470.4475801958158	5747.519633263202	4.013986620135211	3829.022226865528	154.74427697508807	478.17533713580235
172.75	9100.912509219072	22.11316883459526	1119.9293734313737	220.11780573432043	477.64957054468965	7549.006311017831	23.851718355033903	1907.2197947853012	372.81899010500837	477.1393667527277	6159.668621750519	24.925682792906926	2618.677941706727	506.5194318006341	473.1294701293182	1714.6321412591074	14.02495211643367	5459.367158673814	726.3278123560123	470.4748204813393	5747.285112962807	4.015901545486837	3829.1983221943474	154.63584427353177	478.0104186711214
175.25	9100.884172343849	22.120215436443264	1119.953443085976	220.106043535733	477.62230133572797	7549.312490318727	23.207083604485927	1907.0415425301067	372.7179564125933	477.08879710309384	6159.900624775732	24.98603687324062	2618.570972296562	506.47522969669063	473.11234826002334	1714.717145188958	14.019981674779594	5459.504825838118	726.08571465275	470.5149810930143	5747.347600547728	4.011572124048665	3829.0013844804057	154.71841971604022	478.0082022238561
177.75	9101.042956043671	22.127361587839893	1120.032640058706	220.0903507678487	477.5305649783622	7549.358921992823	23.569989214549697	1907.0564455318254	372.72487031875056	476.8910025310977	6159.521968095324	25.15827866839157	2618.7522616181145	506.5389242819488	473.0832345372753	1714.5317514852081	14.010461962031707	5459.668657125652	725.8239115307241	470.3188928092835	5747.4249522549335	4.017251486894537	3828.878886846976	154.81511391547576	478.0032488058872
180.25	9101.14406955816	22.130744770475545	1120.009919720135	220.09937627936557	477.42637120403293	7548.766808673808	23.534716644032013	1907.5393303258568	372.8669592466034	477.0137448719463	6158.914456262549	25.162032110388886	2619.14187619058	506.69241068212733	473.1561641108458	1714.5801637328902	14.004330821468901	5459.867721179219	725.6097852601525	470.23082802067194	5747.289779923695	4.022689993129209	3829.0141201478564	154.76416915190163	478.12992369154557
182.75	9101.169873314975	22.14423142164012	1120.0336640955477	220.10564723860423	477.3130376430532	7549.048806992839	23.323192395216868	1907.2921092989072	372.78864956360064	476.87763739497615	6158.6718030673355	25.088333196868565	2619.4126428689897	506.824135724418	473.1463094878977	1714.5615917445573	14.001562752925144	5460.052835723033	725.399718791261	470.38175722034987	5747.1907766236445	4.027609112137572	3829.192280295588	154.65419332587777	478.0062905037311
185.25	9100.950757775216	22.155351717438293	1120.0295955822573	220.06554675452145	477.137538813313	7548.660813593582	23.538689533268904	1907.4191778069041	372.88872631744584	476.9852702194384	6158.170486817769	24.978692362571422	2619.5576838758384	506.90169923425555	473.3660817511476	1714.5702824024495	13.996483737785843	5460.232532457642	725.1800646303932	470.44708469759036	5747.116761785019	4.026558649891243	3829.2035182578743	154.6123092786203	478.1753806922584
187.75	9100.896136965544	22.164118536616837	1120.1261318155823	220.05410193651693	477.12225770341024	7548.690660162068	23.46533201661436	1907.400078015285	372.8633006137259	476.94382977107796	6158.594551874619	24.711629137407485	2619.30596024282	506.75018690118645	473.33993671604134	1714.508504416392	13.992833354092616	5460.371329300427	724.9756152565269	470.5780458687575	5746.780264610303	4.031348358117314	3829.5611885131457	154.44570051488807	478.34155459201526
190.25	9100.873078829583	22.16892825359821	1120.088305289117	220.0625659533332	476.98697685249124	7548.3866760436995	23.708129273223168	1907.7388361712283	372.977093148234	476.7758507186659	6158.901550781267	24.766547713304607	2619.002286493573	506.6235726745802	473.0534462405845	1714.5868249161845	13.987351754508255	5460.553735590607	724.7823707432292	470.6016451493002	5746.649637243071	4.02707436751269	3830.077534027834	154.1545595193391	478.39801252912366
192.75	9100.742588705578	22.172014555969714	1120.072340734647	220.10084126312464	476.9444705781548	7547.823557300617	23.703630259870263	1908.2533840228584	373.13961045447115	476.7701501069666	6159.305118717024	24.772253228982457	2618.6980151901907	506.54475891705385	473.1386846491032	1714.676002150097	13.987994070661102	5460.715456359368	724.5896244819	470.5596832210344	5746.5096813466735	4.024183642600883	3830.478111744873	153.9576567912144	478.4269240936192
195.25	9100.697496501143	22.179502467624005	1120.0938936178934	220.1166221678161	476.9160213154792	7547.452615229705	23.542482963037152	1908.5510021456405	373.2686446464677	476.92955724981664	6159.837379575377	24.80681746282601	2618.4991697416635	506.4591843018953	473.07615891066837	1714.6205294015524	13.976922256794595	5460.900217748236	724.4260665585742	470.483918561791	5746.1004591982455	4.017435227114886	3830.9538759024035	153.7504405092895	478.4872344785762
197.75	9100.732457115926	22.17705078219252	1120.1281886182637	220.09644891552708	476.96000368533845	7547.574408305289	23.35915599529349	1908.4387896023436	373.20702587799036	476.8528034449126	6160.1186921475655	24.861770954740525	2618.3337409091105	506.4262564173816	473.15473783400694	1714.5963384144293	13.972773751127495	5461.073529762537	724.218514951362	470.37850866162694	5745.885179416296	4.011340095128913	3831.1605597900357	153.60898371928658	478.39631169833126
200.25	9100.813182871434	22.184231714283065	1120.1813160845413	220.10533898775995	476.85638107775185	7547.729902316545	23.393156255418877	1908.3361935112919	373.1536355279461	476.97374067986294	6160.286265174	24.844760102543336	2618.1783552035904	506.40039043514116	473.30757813921394	1714.564673856441	13.976623606400208	5461.270212976301	724.0138560352642	470.48249919878174	5745.720041947569	4.013288957578962	3831.564826897978	153.37575611222744	478.6592787884911
202.75	9100.752718298203	22.182758819756717	1120.1859973895744	220.07453955314892	476.7995477345299	7548.121021711788	23.354284392196593	1908.1205006083555	373.0833494541471	477.0046405581451	6160.23871250543	24.77135472657293	2618.0952925646834	506.3934549055563	473.474597617013	1714.5133401136904	13.969314966127003	5461.434241179828	723.8042688167096	470.6615126571992	5745.467197651703	4.014862829913345	3832.117671092197	153.11709121859028	478.5762747947638
205.25	9100.85151595794	22.165894103872443	1120.2556690380611	220.0563475400017	477.09561380211244	7548.196170692045	23.330072004138863	1908.0675136307261	373.06262755328333	477.1919414158687	6160.7321309081235	24.600724139563408	2617.732142854612	506.26620468672326	473.39462407727996	1714.4596946577753	13.969015065902422	5461.6102317195555	723.5920877525327	470.4942050241336	5745.539413613925	4.0028213289219465	3832.2631876887363	153.03516826668064	478.5499502836081
207.75	9100.806402470722	22.157483653622787	1120.2239921122782	220.07668840160983	477.04541642114646	7548.812129761147	23.168693387068764	1907.7160210628608	372.8918502918694	477.11879031287475	6161.514977857319	24.576022548786238	2617.1602874946866	506.061674290422	473.5163834459509	1714.538708286527	13.964000284817395	5461.772527532885	723.3821967908061	470.42331323984405	5745.2583815041835	3.9971068440268462	3832.4330389046877	152.9293758117644	478.5784151822176
210.25	9101.018332505537	22.167956238133772	1120.2220754017994	220.047036006487	477.0455193566178	7549.367476427296	23.267717116231967	1907.3854987099187	372.75167561648254	477.0354877637416	6162.304805357898	24.757744691653134	2616.7791559055327	505.85994477216525	473.39681873715733	1714.7195169737843	13.954361926895105	5461.870182152555	723.2013703008038	470.56778090735844	5744.918080530888	3.997234810349328	3832.7647391948794	152.76107960590326	478.60278682778755
212.75	9101.01219018265	22.16486285071313	1120.2182655309625	220.04281647820562	476.99772273481625	7549.483411111766	23.504991308052173	1907.2402121137306	372.684015998428	476.89646533311526	6162.385246649959	24.993969908837425	2616.806350866842	505.8909919811005	473.4347987466761	1714.8504774671649	13.955549198596591	5462.0254398706265	722.9963472775761	470.65687888389766	5744.7221819689485	3.9952760332909385	3833.1848507911486	152.59687813921107	478.655017666411
215.25	9100.96656174551	22.170569433355343	1120.1990504762914	220.02403921744306	476.956490106019	7548.610834436035	23.693026523517883	1907.664382394728	372.8418295376841	476.94971772887226	6162.132888265733	24.960638620761898	2616.9965751335485	506.0041178182627	473.3958724163431	1714.818111301817	13.953235029894511	5462.11037846156	722.7952880493762	470.7086339457592	5744.742908308134	3.994328506846998	3833.217192690595	152.53726990010315	478.43405364831034
217.75	9100.982601989688	22.181093547188212	1120.1475374556826	219.93583719587852	476.930032004212	7548.204886095442	23.49856070121795	1907.968473720452	372.9404814253741	477.16094239950826	6162.353351902814	24.848033915865425	2616.8918520472926	506.0320106732308	473.1965175489662	1714.8301704891492	13.94863402964816	5462.164835751767	722.5802426016552	470.72097448869926	5744.8287160365735	3.996547658290954	3833.205442264392	152.56447933469352	478.6638652051767
220.25	9101.057844944988	22.179936345835394	1120.1493322021204	219.9343465005438	476.79408548311085	7548.207852731575	23.40997638833914	1907.918089558459	372.95011498550275	477.3504069971178	6162.530373974233	24.845079166882392	2616.7508680001056	505.98713083532124	473.08474219418827	1714.8746247288727	13.944440344055673	5462.260607898982	722.3729990829307	470.9651253024826	5744.681743768503	4.000440386976318	3833.444343806894	152.47145848689956	478.6692836423717
222.75	9101.032060461735	22.1741603922908	1120.172716186318	219.90392092664263	476.9675615001373	7548.254736481584	23.397216455149756	1907.829086005383	372.9414860688066	477.400659858974	6162.7235991887665	24.83786864589193	2616.698060522874	505.94042966018645	473.09151424421316	1714.9441809254997	13.937396673771772	5462.4608111390835	722.1464841447727	471.13741884905403	5744.377221141807	3.9963446592641625	3833.7258578385618	152.33772865242364	478.64562386805557
225.25	9100.963385407476	22.17583242854695	1120.1579219319658	219.93449907586552	476.8923154471748	7548.413264797618	23.410603236100513	1907.8595270766714	372.9599839310797	477.4151735293097	6162.935748892285	24.854863864333584	2616.6197910278993	505.9035478627949	473.0632429157961	1715.067275873251	13.941678242659052	5462.5087785592805	721.9386362084358	471.24815246738626	5744.427908905835	3.991368487371145	3833.964445736136	152.25188980534466	478.59657980579857
227.75	9100.944425650634	22.183909464957413	1120.096925108347	219.9116352265141	476.723330266517	7548.426798897514	23.495059977721738	1907.9129544228247	372.98144515883655	477.2124061668994	6163.108077622646	24.91631856688519	2616.5769147697392	505.91206045030754	473.0191401226813	1715.1152856370786	13.937018631138228	5462.603503314107	721.7428394424145	471.22098977316944	5744.582546920033	3.987633163645493	3833.9781181600656	152.22999715274537	478.61079575230997
230.25	9100.795704598271	22.189226031624408	1120.0351995522308	219.9531025658901	476.74438680744134	7548.379594057209	23.493713503928095	1908.1189438936924	373.0642774749587	477.37504830130825	6162.9995268855155	24.9329947974716	2616.605440808639	505.933198843507	473.13626924256664	1715.245965488123	13.928185580240388	5462.72511246159	721.5642224885644	471.2239241167318	5744.558973799775	3.985515605363704	3833.7629492077713	152.26171953975438	478.61714558883614
232.75	9100.945301805263	22.18226907696911	1120.0241801348202	219.95129641068294	476.78892962446275	7548.534010349992	23.431822521299974	1908.084727962423	373.0326995482352	477.06945641240924	6162.874033743824	24.93906810590796	2616.6514407049576	505.9348624410191	473.1914752097879	1715.4183959493882	13.924649944336455	5462.863550697	721.3613499009789	471.286241425577	5744.504654345459	3.9860204476207444	3833.7086701486273	152.32533403595488	478.6130414309032
235.25	9100.949232613331	22.18585673502001	1119.9330601024349	219.94608771512696	476.7681672595672	7548.311225691377	23.510490727301395	1908.2422815155244	373.1234091207534	476.9559519117224	6162.636096201757	24.998126212799495	2616.933332691267	505.9920543989539	473.37033950635765	1715.626806905399	13.92427380048704	5463.072157036928	721.18302493066	471.0221762441037	5744.166780158004	3.9844723820047157	3833.890790828414	152.23057025625212	478.576838234302
237.75	9100.963455258538	22.181292596810135	1119.924540483832	219.94914830590164	476.87896784557336	7548.336875024822	23.628352521859593	1908.0489822260065	373.1067185816778	476.81377712058554	6162.4097063000645	24.79400104970432	2617.1575697905223	506.06613177650496	473.612735974982	1715.6337590695857	13.923550661630253	5463.193231236275	721.0440421522071	471.09662513170906	5744.238657397036	3.9852901771932534	3833.875625638312	152.23791226209187	478.6580594290701
240.25	9101.028095118512	22.167472351006897	1119.9194806950295	219.94425904466868	476.9369363807575	7546.886786333896	24.032890706112738	1908.9506682844874	373.48736614749913	476.866790961973	6163.217594318917	24.6255850019353	2616.507677853669	505.83941346160225	473.3148988203935	1715.7393044637852	13.914421889435939	5463.411529573576	720.8783325425306	471.1789161476259	5744.070567238473	3.9864391869433686	3834.0723790298534	152.12606679359013	478.7536316742493
242.75	9100.891068586558	22.17844680980111	1119.8474379940758	219.93952474789185	476.8927289331615	7546.112421653415	23.574318116996327	1909.5690250744674	373.7372631326841	477.0318372545258	6162.732466788643	24.960501919234616	2616.8438228694204	505.99021476054486	473.5994637484069	1715.784763247733	13.904278106468825	5463.58220395757	720.6993743701375	471.2798046597636	5743.8265272813505	3.986558351555829	3834.358526585947	151.96502000825728	478.8048462632395
245.25	9100.869776659069	22.164233213947252	1119.9770246613077	219.9223840000936	477.0272814010396	7546.390238869589	23.27137224088959	1909.2441934720555	373.6248927586845	476.9878961939804	6163.4439584518195	24.526526369417546	2616.473346016792	505.8481412859633	473.461363294473	1715.7771992291148	13.903164289273564	5463.663650195293	720.540580767692	471.24020035347843	5743.675109840959	3.975128335618984	3834.596169069892	151.89025296852262	478.71370660880154
247.75	9100.919838907761	22.169534074467535	1119.9299214256773	219.9374788328926	476.95388110548384	7546.464679460566	23.335632552277392	1909.1439137908883	373.5643501480314	476.97025260258596	6163.452883065728	24.84795556848093	2616.38467725254	505.8463445983304	473.4903307015072	1715.7182467963908	13.904172436805178	5463.738947107791	720.3523103684389	471.2925572699325	5743.656900070193	3.972918750382197	3834.616922267444	151.8859312377479	478.720744203804
250.25	9100.938114476092	22.175135683452993	1119.9092074174043	219.96888344677677	476.8680135295545	7547.015894931803	23.221149829923167	1908.6609123348442	373.39625997285924	476.7499272744446	6163.391906667461	24.7752585901271	2616.323665788924	505.82325282028205	473.5228300193484	1715.7912208294779	13.901426465314564	5463.855503341876	720.1346900041111	471.10801416143977	5743.531023182807	3.9739790246179783	3834.7083787605216	151.82604746572756	478.88819015477617
252.75	9100.867539162618	22.180337583348084	1119.9156871788148	219.9835413667679	476.86549940564936	7547.831695671564	23.35754844322704	1908.245893609724	373.2746196559299	476.67205521385296	6163.429307395624	24.856051774319624	2616.228034842307	505.79177583298997	473.3100298145366	1715.8589868405068	13.895225306166276	5463.90389668951	719.9782934751463	471.1874257472969	5743.2761484584435	3.9742962806513003	3835.0249236972672	151.6744407291098	478.96807961873736
255.25	9100.996581828527	22.18154322343718	1119.915005055663	219.9720207398426	476.78777570759615	7547.806919873177	23.668401252118084	1908.337749885199	373.2970433935144	476.78833311946596	6163.36113209747	24.914676552784222	2616.464424578047	505.8484850305093	473.5378924707127	1715.8358956493728	13.900899761202838	5463.947144486417	719.7761656186435	471.0485184253054	5743.110094072607	3.9783976008743767	3835.2820607604726	151.51984343176514	478.7748604895448
257.75	9100.906049706393	22.175643086016965	1119.8121472407267	219.99727642640022	476.80173401556266	7547.308540379897	23.664833198553403	1908.817161057902	373.4470873014083	476.9849760818277	6163.276075589928	24.774650001540184	2616.353144385564	505.8112612239555	473.4154152339531	1715.8936487812118	13.895991422539447	5464.094462582359	719.6226772482388	471.02057316050286	5743.347890218053	3.9786572894088486	3835.1371305913317	151.5956219257307	478.63352603612475
260.25	9100.875082167368	22.178281539152923	1119.7998196738445	219.96717915566273	476.90569090084193	7547.1664734359665	23.506234515325584	1908.9229741409085	373.48348103248645	477.00084064026436	6163.503269159111	24.82202750670568	2616.405029811175	505.8005193796811	473.4682614224279	1715.590313744183	13.8859300576381	5464.1976726023195	719.4816032167749	471.0222614813111	5743.261060386337	3.9699775057803883	3835.1647623793333	151.60099120739238	478.7946266633602
262.75	9100.97668934359	22.16282025599332	1119.865251824389	219.9158028659846	477.06925558031213	7547.165103101114	23.392957284264313	1908.9277221220652	373.482882402856	476.83484768356914	6163.414939904697	24.939828016605546	2616.3313615441157	505.7547131805107	473.2957817487386	1715.754486482165	13.882143163720416	5464.280722769458	719.3251578771574	470.92101814984574	5743.4682432886275	3.9688330455613956	3835.3481618756596	151.51577787017527	478.93072469261733
265.25	9100.957714794884	22.158969572479485	1119.828004057883	219.94881515906135	477.1087878128933	7547.582304164444	23.41467632178051	1908.5930414758468	373.32147758100376	476.78155655731825	6162.570589070422	25.201555022304415	2616.7994751263386	505.9034573463203	473.267543389444	1715.8878868148902	13.88509545213451	5464.402164165414	719.1915476510911	470.9845744400414	5743.3026277404	3.9713844894199424	3835.575309412556	151.39929328183018	478.8652926116517
267.75	9100.895163140134	22.149866532899953	1119.9432925544102	219.96332385724415	477.28510034546747	7546.96981303263	23.633106259142252	1908.991858875106	373.4359336724307	476.9983048157959	6161.92773257078	24.95627008763644	2617.2687314417535	506.0697077954138	473.48617841253144	1715.8649641130905	13.884932376986097	5464.505411340704	719.0368291714184	471.0783523470695	5743.293851778374	3.9783110984415813	3835.497258361254	151.43280242898382	478.6240952369614
270.25	9100.76047484114	22.14999749648428	1119.9576189763334	219.9924454673386	477.27400465391264	7547.109675869467	23.313012251237886	1908.8428677013478	373.3824577352473	476.9631842609306	6162.050092166803	24.58662497446971	2617.0908294813016	506.04272456708594	473.5286359974057	1715.8506381400987	13.88456914550621	5464.64130371389	718.8782844249497	471.06354445518946	5743.458811181802	3.979141609482013	3835.0114519591284	151.63369331762598	478.5271050225147
272.75	9100.953232718257	22.14451983999113	1119.9187571546468	219.94363206721292	477.2120755648284	7547.268677159112	23.319578402671944	1908.558108256321	373.294619885315	477.0304258043972	6163.176227883378	24.551118994321367	2616.357688158425	505.8377714790967	473.4113035796334	1715.6909756745424	13.879676424093397	5464.8370258646755	718.7336425690005	470.91851766614536	5743.787853656425	3.9713827825866623	3834.616825348107	151.8741647049749	478.563583604886
275.25	9101.00065963889	22.152063338900902	1119.8359615576926	219.93582272619597	477.17757634236006	7547.66571652708	23.342310526732355	1908.16380282054	373.11061007226095	476.97476223360945	6163.136810045974	24.8377711425937	2616.3623592657073	505.87322202871945	473.53085999964344	1715.744848388954	13.87668975016867	5464.964734801952	718.5845084439648	470.88861535066656	5743.834424153571	3.962209419618363	3834.488811857367	151.96151315401875	478.72882102240976
277.75	9101.223654074473	22.16501540639946	1119.7710906388406	219.94833766044428	477.0191872525616	7547.5224372494395	23.494370078179145	1908.2187158436652	373.1534341112403	476.9709843794963	6163.818356411943	24.681081321537377	2615.908784510071	505.7099232734736	473.4751145514403	1715.7475050676157	13.868393780820991	5465.0581377680455	718.4344905449242	470.8975669813354	5743.5917332870295	3.9538584968741963	3834.6107675371	151.84832304451302	478.8046492674261
280.25	9101.385354587042	22.166218935209915	1119.775042609552	219.95227243791894	477.03746097085707	7547.651810065258	23.37890905968553	1908.0272127273447	373.1141222265164	476.85802219079835	6163.595102018108	24.928840416277765	2616.1033833411557	505.8151403265603	473.57727273669303	1715.6211010828813	13.867887466670302	5465.156553366468	718.2752361160371	470.81770081563576	5743.558082435251	3.9587258298625394	3834.9035717933293	151.6579376843968	478.90077864162026
282.75	9101.32333685012	22.162660713830885	1119.7123581488727	219.93869563479578	477.0076886067739	7547.6478185534825	23.707211877621948	1908.0527634647342	373.129822684919	476.781926342436	6164.036915302167	24.742232519316595	2615.7534632533884	505.70117773923596	473.4064414905061	1715.804498276473	13.859974974575252	5465.297735535116	718.0729573952472	470.8608452850355	5743.445820985679	3.951779875162709	3835.186940844254	151.48843340300758	478.90759680061194
285.25	9101.258645703325	22.161954321902517	1119.705889499597	219.95183126390924	477.12587872001467	7546.632598085983	23.60129676986696	1908.9497015738002	373.41196818747096	476.99860901902093	6163.498829105617	24.875120877258574	2616.2260719839096	505.8736706173596	473.30952992278117	1715.8653149844176	13.860214258357306	5465.533518478502	717.9132513382099	470.7956476360201	5743.283123114919	3.9515071514905338	3835.528777827052	151.32604455280662	478.94528805668546
287.75	9101.215726359476	22.167870323355963	1119.657824939752	219.95812481130386	476.9659068837044	7547.796644390675	23.06742197749639	1908.0722121630788	373.0870717427716	476.88413776017563	6164.654896785766	24.523664585600923	2615.202390815686	505.5515577413847	473.17807508093847	1715.8650516916837	13.855053995424223	5465.591275645665	717.770512923219	470.7095138920722	5743.554244683514	3.9535122946918935	3835.0541530483724	151.5587433458192	478.3172746927478
290.25	9101.23665377817	22.172608632814057	1119.7401676234526	219.9297129064817	476.91297209822136	7547.347473514334	23.906352288370133	1908.4680005066032	373.1857663244639	476.8767838438669	6163.7519456915725	25.588982419262248	2616.019711809585	505.842197776023	473.19690426544787	1715.7526405796768	13.855988135811943	5465.702425193877	717.620105300111	470.6559650129188	5743.924088017954	3.9668452919998423	3834.3721487535176	151.92205448081356	478.51624884159247
292.75	9101.221654771296	22.18498951250417	1119.7740383615478	219.9420654996539	476.79161541908053	7546.189991001087	23.645645720097278	1909.1584731634048	373.46911142199946	477.0612210036151	6162.224041202954	25.290266904002912	2617.019855524357	506.20277788061463	473.316805653242	1716.0279567398475	13.854211578229005	5465.863346047452	717.4507499724308	470.4835335665853	5743.928128009659	3.974694393151603	3834.2097410454408	152.02166806154776	478.53691014836323
295.25	9101.39862444229	22.18557036907298	1119.7145049847607	219.95035445176657	476.70568482115345	7546.706554990578	23.212263714537873	1908.8037278468164	373.362951895794	476.8394226999112	6161.74878630195	24.941625795021846	2617.3456528973106	506.31127027731173	473.3338523758966	1715.8891242480793	13.850926478015385	5465.954440634763	717.3260592944487	470.57880883030384	5743.94574263898	3.973344597448687	3833.942580775119	152.18233252216766	478.5708457088979
297.75	9101.267966269043	22.194927285450355	1119.7496125552968	219.9356867972394	476.58375630781444	7546.925244633215	23.338328258815253	1908.6953197882513	373.2659883532987	476.9689237300838	6161.4587880690515	24.88726054213136	2617.2833080270852	506.3539283062182	473.2931171172606	1716.0422927163197	13.850202617469364	5466.03082143581	717.1780631400816	470.6554917661651	5744.1012225580225	3.9746716771808845	3833.939549756848	152.19774400971627	478.7037422410645
300.25	9101.272950698854	22.197735363416367	1119.7382093379679	219.9369877388608	476.5540491519368	7547.499658223202	23.229567792165874	1908.2472394062784	373.1046130621188	476.9708554307129	6161.192140540014	24.946538862891785	2617.3856111513064	506.4067810054775	473.37298855678875	1716.0999987024281	13.845023669515815	5466.127313314987	717.1031929784864	470.48120193291703	5744.099811151642	3.973865257709416	3834.128098681846	152.10483939547137	478.74213685503196
302.75	9101.349040549232	22.20456422271387	1119.7639855314253	219.93126638504435	476.5177411020524	7547.974107290206	23.50715322122783	1907.996020101564	372.9975021165598	476.8603809446023	6161.124814788575	24.840265217600304	2617.571776958175	506.436838563161	473.49432169034895	1716.3519144151696	13.849793601528582	5466.272104646502	717.002411428673	470.28522856167496	5743.783909063148	3.9754804486355972	3834.4203166785423	151.9770552034651	478.7864130716802
305.25	9101.383535858822	22.203267509937575	1119.7257053512487	219.91775719169027	476.4928679556305	7547.378793783981	23.631267461305956	1908.4294351639276	373.1751058054772	476.9722967968466	6161.558066267247	24.68932857423997	2617.2577386915573	506.2799904832253	473.35209811519167	1716.5684434106481	13.847149195398355	5466.41402501556	716.8468271895216	470.3466223641493	5743.967036416164	3.976425176740061	3834.3369889963074	151.98031699923482	478.59358635796127
307.75	9101.508201886505	22.21063144508533	1119.786443079605	219.9306591721611	476.4676087897192	7547.465947567867	23.412269662086384	1908.2923364976655	373.0914311532077	476.9567573957704	6161.564005767309	24.841476132149594	2617.162034370968	506.25124255208834	473.48879769625313	1716.6722067647331	13.848991125454289	5466.5589600938165	716.7334956433913	470.16422842548957	5744.061118815186	3.978484475666909	3834.197527492944	152.07896195654175	478.57779318575047
310.25	9101.448380124864	22.203906070590765	1119.8749007680044	219.95416323977202	476.57639834147227	7547.3624027273145	23.50572625366869	1908.417250206466	373.1989011975275	477.0255704102153	6161.686284301496	24.655826788023557	2616.857788355281	506.2026256649907	473.5153340698212	1716.7014204824688	13.84491092192945	5466.7045300439695	716.6084721336781	470.0244830636691	5743.945092653694	3.970547338470122	3834.108317897537	152.11028465691186	478.6234234562416
312.75	9101.372460798631	22.200215993340514	1119.9282959198451	219.9382538113178	476.4841831837695	7547.689254316163	23.368476087416145	1908.1275862614707	373.1518127914478	476.7335381355481	6162.22671835591	24.556994094096442	2616.3765214293617	506.0043243589506	473.47250769071024	1716.8387860641021	13.836306149435917	5466.84442641563	716.4842505263573	469.98390618961463	5744.177030431555	3.968835533643497	3833.804043975225	152.20029337541428	478.41248625839427
315.25	9101.116048643185	22.203441757624727	1119.897469161712	219.9393379551957	476.478515390892	7547.729851605877	23.45380800797736	1908.2596967907202	373.14120023166697	477.0712473242036	6163.077869149269	24.76230632655155	2615.9512379386556	505.81874330367975	473.19480648983443	1716.8634141217403	13.837663467973883	5467.011111558585	716.3273445614618	469.9124697574667	5744.515637052151	3.969791483250169	3833.349854714884	152.4182468744784	478.43266227276035
317.75	9101.129665887032	22.210732717829234	1120.0028396170428	219.9452295708678	476.49230045760527	7547.872392340277	23.392511780117182	1908.2065848526604	373.0877655810797	477.0083951366302	6162.436624066161	25.180771541530003	2616.259345102412	505.92750441056637	473.3124742381988	1716.9247628890519	13.838103583840976	5467.162517622523	716.221526935404	470.0689350002347	5744.755460637821	3.9709141766770926	3833.069329277505	152.56211544502037	478.48116882676396
320.25	9101.152341097579	22.20015456088469	1120.001398485973	219.95152978268507	476.5903760698345	7547.746839677512	23.420604333021437	1908.2190779558025	373.0778949337089	477.0574566830444	6161.569678759016	24.997848663522316	2616.822756440101	506.12758564212504	473.47842644173625	1717.1260419932382	13.836224487103113	5467.259866532476	716.09276751201	470.0574289083121	5744.794500970686	3.977247079887546	3832.9561156937266	152.59740355911654	478.48909736980914
322.75	9101.10943004735	22.18775328849247	1119.9639556345073	219.94834223062145	476.73025734183136	7548.032315532256	23.273623555545935	1908.041166264238	372.98995013038876	477.02919042634824	6161.9449765416475	24.448775541705537	2616.5730798777154	506.01833422278224	473.6602771159568	1717.0408353497655	13.827527820711582	5467.31991200592	715.9513866597932	470.046931964434	5744.6898491883085	3.972585226174854	3832.9908852611907	152.59955227502311	478.57098664021385
325.25	9101.076270772946	22.18681519800042	1120.0521200284584	219.95471655240496	476.6561854759244	7548.514975297122	23.419754403457468	1907.7547827761186	372.8885992866859	476.8963974568127	6163.287336165372	24.5571782895463	2615.5954244564177	505.6766125686883	473.40108156895224	1716.799260504872	13.812372877829723	5467.425860297774	715.8467147069575	470.0550206588654	5744.680960474733	3.959962922220186	3832.9446805890616	152.61210280611115	478.4658747854532
327.75	9101.115858867865	22.195240974816112	1120.1031570679434	219.93014506152323	476.5646987052236	7547.935053481076	23.927200535670853	1908.0462226162235	372.9920759556925	476.6499575258452	6162.789552261065	25.14983216047576	2616.0229830541093	505.78661890344546	473.48835726310256	1716.7824725628907	13.812362670730188	5467.51424793013	715.7279694021244	470.12284652111083	5744.908613472244	3.965905465684903	3832.6025004429057	152.69241670326036	478.2865283995027
330.25	9101.044842449443	22.194337804345587	1120.1085488170677	219.9837951748359	476.59281788856333	7546.245101012469	24.126463270416345	1909.2455899167478	373.42938463044527	476.83490047606386	6162.863332708698	24.698755383598925	2616.0148125903365	505.7764932858116	473.5294819760871	1717.035511471848	13.812536743466325	5467.549681489941	715.6246849949077	470.0404661569461	5745.289261641314	3.964864802917249	3832.2002472466397	152.8884025865028	478.30435844787337
332.75	9100.827914835787	22.200892844500686	1120.0242476980377	219.95776165841244	476.5664812470575	7545.253564524195	23.483248564215796	1909.9990205645108	373.68220129728115	476.8798726471494	6163.000120838643	25.015950938255138	2615.8608195301927	505.7359281224999	473.58594164618245	1717.0190718137014	13.803115162650732	5467.633920925157	715.5055003546286	470.06336965489567	5745.542387059227	3.973135072421363	3831.8992716624484	153.04572354732926	478.192463407738
335.25	9101.168109051687	22.199198778730885	1119.9762435835369	219.95673381277297	476.6008254899079	7546.750685653447	23.188163839191755	1908.9606800244962	373.31670237071114	476.75748585001946	6161.542573746183	25.158873438717187	2617.0011644033802	506.1097518506339	473.5882682314699	1717.0548062488776	13.80842291288397	5467.6788912640595	715.3725158599485	470.45018496236986	5745.804142931013	3.977416282862394	3830.9968961167306	153.4591881687656	477.8190834754006
337.75	9101.323967004408	22.196263347206347	1119.8933633695897	219.96148690198868	476.61358523216427	7545.724614867237	24.106710069025254	1909.7443414085385	373.5986142882544	476.7872216290466	6162.3976841124095	24.201528371982207	2616.309462699722	505.82903017993675	473.62710993092475	1716.981120378309	13.796640031727444	5467.735910521802	715.2534926110491	470.3912006222472	5746.391007469962	3.971653393105116	3830.010062971263	153.87143907638566	477.85782703728546
340.25	9101.299960340677	22.199999588571632	1119.899287415708	219.92700078173127	476.5990721172127	7544.901116148546	23.781605309933596	1910.376023764094	373.86252646757816	477.0565429764479	6163.272980686391	24.875000232144735	2615.7081094097985	505.63355326168016	473.59879881691916	1717.0610253793193	13.788164101728073	5467.802856460455	715.1688503590657	470.2905168344484	5746.774951764602	3.977147169106624	3829.343253850614	154.17838120446197	477.96778718022887
342.75	9101.464795383208	22.192380621897076	1119.898118406172	219.9480355179998	476.7637896058589	7544.541530835244	23.779367008346256	1910.8064934027034	374.02478949974676	476.9430224252613	6161.76432014693	25.56730247505828	2616.799268038719	506.06280509109087	473.7631486093901	1717.0945688394595	13.796134580632659	5467.872786540636	715.0488825297361	470.6716238297809	5746.898776122611	3.98544179168704	3829.353539827299	154.16347846874424	478.41015148458575
345.25	9101.580184946459	22.170833750508248	1119.8907419153043	219.96078056948778	477.01588888974226	7543.7366722478355	23.54262018083359	1911.4623183968677	374.24865381411644	476.6386350419528	6160.328226891247	25.467025345892413	2617.888340142194	506.4659051640151	473.8017895389409	1717.1815147397988	13.805183739567914	5467.819408910309	714.9510625935249	470.6137104776441	5746.5916258191	3.9946769723231292	3829.5985336050503	154.0389602287815	478.1438859799398
347.75	9101.594722153935	22.17024194374248	1119.8568273579335	219.98064376950643	477.0548739187535	7545.047612941458	23.202822507461704	1910.5116576305716	373.86040798789213	476.5376727474847	6158.705274995077	25.10890393383927	2619.2295995412724	506.94026899586726	474.20139550641244	1717.2477390086137	13.811364527933732	5467.877197903318	714.8439239313152	470.68652718319953	5746.5408744918195	4.005326373667307	3829.3894897214764	154.12477811164925	478.15685373488265
350.25	9101.752772332418	22.1519668361218	1119.845632821786	219.96663222414873	477.18662160904785	7543.848780977532	24.050662675534504	1911.1858923522832	374.12417631880095	476.78944689499644	6159.835951928208	23.98478128783135	2618.4143469318205	506.6554081049363	473.98459083154	1717.2786448008878	13.803247514587115	5467.9956153273115	714.7441434855539	470.79689409640855	5746.741424053495	4.001131662168872	3829.3088335005637	154.18796885922782	478.0156892823013
352.75	9101.927050585635	22.14831669268258	1119.8449335208936	219.97517490386258	477.17757002570994	7543.36952351413	23.646486924084517	1911.5849264072808	374.2382979444328	476.6364511953791	6161.762686510112	24.02632967336553	2617.0206755606073	506.1650312687212	473.69638102062595	1717.2309150848828	13.800046313762525	5468.012692767595	714.6764221334575	470.90606191401645	5746.981462402443	3.9970267531860246	3828.936792082104	154.35781526721055	477.98765874572905
355.25	9101.975685251005	22.150886183811515	1119.8204771939468	219.95835727973764	477.1527961630539	7543.579808714722	23.660550475333793	1911.7940103722729	374.2875308814757	476.7484053981413	6163.23724064471	24.528264423742886	2616.038324854399	505.7568443073203	473.3976799560896	1717.282511210506	13.79417075062737	5468.080214410047	714.5654634226378	470.9713915143687	5747.01056225233	3.9930793061401846	3828.5918369277424	154.5208972327027	477.8541581888249
357.75	9102.087515498966	22.159733834730506	1119.8584316453187	219.99481402783616	477.1263553679534	7543.046040920077	23.641335488364604	1912.001701036146	374.3568852807116	477.0507847682402	6162.79982473745	25.418263214463103	2616.603845791252	505.9506680267998	473.4725040861864	1717.2963726687285	13.796004599625755	5468.028491538822	714.4466766668071	470.7952037367531	5747.254517683248	3.9959600373550024	3828.0959051178306	154.71874813838554	477.9193164713044
360.25	9101.855645731797	22.160353976999936	1119.8281779392144	219.99210271048798	477.22234554448613	7543.044964473289	23.652173247780976	1912.1194287036058	374.348517812397	477.2270601567336	6160.8126849132605	25.49248866008246	2617.9073470793624	506.47740352507117	473.83532655810023	1717.4072427038195	13.802149458207934	5468.0458789315535	714.3302817972225	470.7500929329146	5747.130741146485	4.0104150625285655	3828.5953736897854	154.48633499224695	478.5595224670773
362.75	9102.020690475345	22.17008547025877	1119.7945361573356	219.9968329003529	476.9799388904496	7542.509958568812	23.84470039884901	1912.6866265758042	374.5254452451221	477.34764214783235	6159.6271822805	25.190439559222902	2618.7761691272726	506.7359693966653	473.76286091704213	1717.5631384431172	13.805385798405645	5468.118288777034	714.2893375739403	470.72947317382614	5746.89917836305	4.0137529920226775	3829.4306958298557	154.0614561528124	478.4204669017563
365.25	9101.947472985343	22.158862971849953	1119.8455101992345	219.99721853363266	477.21933253557864	7542.023652099656	23.793100407485863	1913.152796788236	374.66947372636184	477.21912464125177	6158.467424896896	25.30911312374754	2619.667126066705	507.02666567950746	473.7511894463515	1717.490938011942	13.802721867831707	5468.176688621443	714.1803677673114	470.6825393635234	5746.539441689372	4.01115979356391	3829.696121582562	153.92385214921936	478.35819075443385
367.75	9101.792048700947	22.158483648379043	1119.8534851360143	219.9950217863778	477.1113484998745	7541.363206817835	23.96111368803891	1913.6043913508297	374.8408190586238	476.99690966119755	6157.490057931874	25.09555509042726	2620.4060774249733	507.3238134525422	473.81464342174246	1717.5152131240766	13.807627448320149	5468.403799938188	714.1234380135026	470.7401129307191	5746.2949131753985	4.02031626090587	3830.0818714894385	153.71976823503374	478.4140169284811
370.25	9101.758072681096	22.14965941956046	1119.9128628539797	219.98991676063835	477.27199534603284	7540.045921868295	24.228249263730227	1914.6202728437688	375.1962290404723	477.0386553627247	6157.400432951626	24.565186389516903	2620.5031634732886	507.3394901321679	473.35868892446445	1717.569969018747	13.80562015769534	5468.492565836146	714.0635130414884	470.84796407672206	5746.151881457383	4.002555317311024	3830.3671686369767	153.5816130510728	478.36539284287994
372.75	9101.658424066241	22.139843935748647	1119.963170556609	219.99896325861715	477.3185442689622	7538.296981902268	24.15287474566727	1915.7554998817307	375.6338565502797	477.32449180441614	6158.858228453474	24.035326602496564	2619.4481601245193	506.9908346570664	473.1689999803625	1717.4558805375752	13.792511885352756	5468.562532488427	713.9577065095563	470.9602405155783	5746.10114668423	3.995877633176196	3830.305694114795	153.6263748845336	478.1300709299637
375.25	9101.421261848503	22.14826697101774	1119.895919654707	219.9935781649978	477.25091339242385	7537.371674235058	23.94541294841795	1916.5461403734612	375.89197900592706	477.3210722482419	6160.582097039981	24.065553824493197	2618.122405819453	506.55453893627487	473.0464080253845	1717.3981700820932	13.77607514383897	5468.743893772205	713.8951751287411	470.91252522673346	5746.172288786819	3.988076691950447	3830.1101009510944	153.76091220765008	478.2346242374467
377.75	9101.39734681882	22.157765541000877	1119.9347491806586	219.95963720251024	476.9591968480279	7536.5097359835145	23.885479769680106	1917.176694901483	376.09256589900326	477.33597014382235	6161.847423136112	24.281457880217257	2617.146004432267	506.1724447696857	472.95731807380724	1717.6260409037404	13.769341561473551	5468.814864463023	713.8062696348029	470.71549519652046	5746.074160255005	3.9785634822400735	3830.244662394464	153.7494512303827	478.3393545930659
380.25	9101.308699393718	22.159692923538287	1119.929595870538	219.9408177786338	477.0891861361706	7536.211868007261	23.796230644098344	1917.498350381296	376.17480574078064	477.08694293493704	6162.346466921959	24.383458329588002	2616.7240340245544	506.0032449003958	473.12871101228654	1717.6377176181577	13.756659850172657	5468.760285953439	713.7269887652711	470.7463768035343	5745.837491586697	3.977096082681762	3830.5071598535396	153.67440631089832	478.32167457461054
382.75	9101.49387142189	22.17289164629056	1119.8601525238716	219.9127799422282	476.79349926420963	7535.930873246952	23.46179559309723	1917.7604820871422	376.28137885329846	476.9470919889437	6163.517893025104	24.02099412503375	2615.7643598069353	505.6677544638567	473.2100007325877	1717.6540297309639	13.750218717876276	5468.70794247486	713.6299412598341	470.6408107425227	5745.833790210055	3.974030789801401	3830.4204802975773	153.7473955505424	478.1410317479197
385.25	9101.432132034812	22.16638485916116	1119.8285811321591	219.9571146363165	477.0374702242612	7537.785117843072	22.796276040508253	1916.4781327614758	375.796944803205	476.7641333760683	6164.905259375972	24.508638042108974	2614.705770279753	505.2768572581786	473.03732995397763	1717.8060829106591	13.742234650072053	5468.742227426149	713.567013705717	470.4948627248668	5745.96947674762	3.97016685843444	3830.14935794819	153.89736445860675	478.1242659054714
387.75	9101.531007259964	22.174282857861467	1119.8673329944295	219.92573607794668	477.03095680925355	7539.521640742786	23.039016070492607	1915.2938789130746	375.35020906952	476.629397387029	6163.565615202328	25.606091681163687	2615.817694966771	505.6566716445391	473.21697358922677	1717.8701604724654	13.745706855832323	5468.756031925819	713.4754205262514	470.3977677122688	5746.020785328769	3.9745971332942243	3830.090775036963	153.94133639195647	478.29387766118447
390.25	9101.409648386863	22.164521140057285	1119.80045123722	219.97412306382984	477.1567757374575	7540.968685346629	23.137552331815346	1914.342612241831	374.97126401081135	476.70160064308106	6161.706898821052	25.324160163899105	2617.1781959473083	506.0819782135037	473.3291804349805	1717.9561269223125	13.744220165483977	5468.818904006555	713.3914236477922	470.4949950501325	5745.849408388251	3.984279957257636	3830.30827386562	153.83682735046585	478.4843342540616
392.75	9101.432783976687	22.14568944906607	1119.7996099215316	219.97001500805658	477.2942964891197	7541.727464751364	23.29464308133428	1913.6887077236536	374.7286132861932	476.7162368423232	6161.04684460713	24.889604607069487	2617.6645624739854	506.2409693199884	473.3289124372764	1717.8754425777663	13.740285991799114	5468.87421881355	713.2842156509977	470.26411628043644	5745.68032834738	3.9889574847580134	3830.63490208417	153.7314229335723	478.3568072871224
395.25	9101.459612635175	22.15365106503222	1119.7606070768368	220.0037580995959	477.1638128202153	7542.420846420991	23.255428847144433	1913.336220784142	374.5212404342433	476.60642269601453	6160.85433900228	24.96531801204243	2617.666107473874	506.2589362924332	473.1014435633733	1717.8999404082438	13.7326517257717	5468.89958970207	713.2331402713752	470.45995714178775	5745.554526551105	3.9856281671834823	3830.954155791133	153.59437401627608	478.40321787431793
397.75	9101.399298967395	22.15626210711671	1119.7091420319919	220.02428535337233	477.219738936922	7543.3917823815855	23.20748375970723	1912.5699905965512	374.20401359416917	476.5439472401501	6159.769867591589	25.20320232441603	2618.3553633492506	506.52982627399064	473.257448298598	1717.8909062581383	13.735881921207985	5468.958919075904	713.1650877958286	470.4581938788101	5745.442325870377	3.9901784893154346	3830.883233065067	153.61301834123174	478.30474929607453
400.25	9101.213733965018	22.15287014232929	1119.6783922022948	220.03936792738196	477.1948407334309	7543.819090786578	23.552584181628024	1912.2763165636034	374.0927212924241	476.38838810363063	6159.501700915018	24.81453303798114	2618.6236733216247	506.61161231952303	473.28607616963563	1717.8990077469011	13.730843081111363	5469.047835722734	713.0377980453912	470.18839359941876	5745.300031814321	3.995818316113735	3830.984037299814	153.51558652885703	478.4296912092609
402.75	9101.029619961058	22.158939627352744	1119.6871642923372	220.0279909164064	477.1264168635968	7543.856742771934	23.62795939035183	1912.3851383720366	374.09785342886596	476.2925003744357	6159.92725816391	24.732503425273677	2618.441003159012	506.552690170544	473.19714005959327	1717.8616235123854	13.726390014797142	5469.1938268971235	713.0086930701514	470.27593934997054	5745.190618661029	3.9953137570165818	3831.2390665169078	153.42138871688994	478.355091492778
405.25	9101.082444245612	22.164600215719005	1119.6537866360825	220.019065300281	477.08515854828363	7543.672207376239	23.646634553374046	1912.384437094467	374.1066092874215	476.2672430344803	6160.168496920442	24.694619760048425	2618.3370660680293	506.4827837960061	473.31580584680336	1717.868769481652	13.729745235427558	5469.262054925898	712.8820803340951	470.297252637732	5745.1146968168305	3.986928086056427	3831.35552568853	153.41157577908285	478.34258059071806
407.75	9100.950112478118	22.160107528335057	1119.6647356019148	220.03447381400395	477.170934363035	7543.333465534765	23.61944564183619	1912.661237158134	374.22691360893793	476.3785647164045	6161.032055608372	24.78879464544708	2617.796604853398	506.24598334407386	472.9500507414956	1717.7974926449633	13.722477812594208	5469.287797683788	712.7614256220289	470.16926835648655	5745.164452790506	3.98740243720106	3831.34558087336	153.38153358922946	478.38879529243513
410.25	9100.954789954516	22.14879292675798	1119.7042959158941	220.01823262537934	477.27076435304446	7543.67652177518	23.234095802459052	1912.3387387675084	374.097238710825	476.33802852316404	6159.776152350084	25.08236827145441	2618.6598062072176	506.5441807776631	473.220225953656	1717.9588088096007	13.729345324978503	5469.353512161693	712.6999524625849	470.19245812898714	5745.1320351423765	3.9932963217117297	3831.4255629553704	153.3210876542206	478.3172671580511
412.75	9101.056400072312	22.14266710699839	1119.744238490469	220.00910412921922	477.25733691233665	7544.739182198393	23.00760850805344	1911.6383099019913	373.8480231611621	476.06165980211574	6161.073045346337	24.31583252360417	2617.9629047301123	506.23742634552696	472.80426983107566	1717.6920300438749	13.722959192280767	5469.366659427461	712.6482037953331	470.4074781916105	5745.569321659158	3.9823606360671664	3830.7495957854176	153.6092782122751	477.8243170199778
415.25	9100.964795260135	22.157980605881907	1119.6931952804991	220.0130773654203	477.14966129069967	7546.5656542729685	22.947809937710474	1910.2704159179539	373.3062949771208	475.7041977523443	6161.530552863119	24.84941073614254	2617.5745282607204	506.1487520881337	472.7667469191396	1717.6181485661784	13.721280775912824	5469.466683773571	712.5467023452785	470.5145304208999	5746.013103567004	3.9780361604900105	3829.911155576877	154.0346807322886	477.92588571318265
417.75	9100.806573432506	22.159431165132354	1119.7509785698066	219.97758446789805	477.14391132176144	7547.080299018462	23.3888707819372	1909.6666343433735	373.1241483556978	475.69088490782457	6161.9821324280365	24.751447288325455	2617.3691919121034	506.047526509483	472.6904818972485	1717.8836798335774	13.72092996937572	5469.488511992579	712.4660354187058	470.6424872624786	5746.142108755006	3.979291537494774	3829.4499871397297	154.26140957415842	477.99935221060355
420.25	9100.992046186746	22.163884471896278	1119.6782935242368	220.00097297449588	477.11051495663105	7547.581233839798	23.391082673654722	1909.2784414707146	373.0385025417419	475.73753861187953	6162.32831443889	24.770547964814313	2617.154113364888	506.00121430533846	472.6472267701137	1718.1555948743485	13.717983408951584	5469.527701198792	712.4309492636797	470.73624108521045	5746.428625334906	3.9880773215773493	3829.0769738234885	154.42688872769074	478.06469832650043
422.75	9100.905212198788	22.167951530683805	1119.7338372113188	220.03114827050393	476.9817490511269	7548.079901200092	23.466414237145624	1908.949217420496	372.97078267648686	475.81206113694907	6162.598771309213	24.748169787733822	2616.8796625425457	505.91120621308846	472.54990198217985	1718.0179566116665	13.720409567553036	5469.5936487079425	712.3716396964469	470.8288992762797	5746.543357678188	3.9849009047483572	3828.9707868727533	154.49027635242496	478.04302840720743
425.25	9101.080434627254	22.162882753829624	1119.719665337194	220.02415671209835	477.04782911164585	7548.354840865019	23.51452813022587	1908.796218091068	372.9043393826336	475.99636950440316	6163.141986917695	24.80125288254048	2616.56036957742	505.83029937182766	472.25661383017683	1718.1248706360716	13.714539544657985	5469.539640341024	712.2972415579101	471.11021053590036	5746.47310941252	3.982864359092253	3828.985000213271	154.46061616611843	478.1342795594847
427.75	9101.090140674229	22.167484770487615	1119.7905953044087	219.99649514508232	477.0697167724419	7548.203905269448	23.535304275040215	1908.752856386749	372.93601219986436	476.023460629979	6163.321334285011	24.952270875407944	2616.433191710224	505.76705008605074	472.0701835817174	1718.171730666993	13.715366399428108	5469.49321131116	712.2284657328795	471.09668921106885	5746.204613236335	3.9889738746843952	3829.132032659073	154.38537444489253	478.17980515065585
430.25	9100.989394411561	22.16205223843126	1119.7307659130463	219.98744889852352	477.1999853951469	7548.250015422816	23.5009140198799	1908.7002198564066	372.942433986711	476.1630502873715	6163.248255531087	24.970926278752824	2616.4336388491647	505.75059523376893	472.1665907925411	1718.0448696520466	13.714966839302592	5469.5120071694755	712.1821299978219	471.0702061170833	5746.006924679869	3.9901750561895226	3829.446665936343	154.21531673708375	478.2543170066193
432.75	9100.991876283264	22.147885748062567	1119.7974928316228	219.9981311882297	477.29785256722187	7548.249328292997	23.497104960449015	1908.6668767382691	372.9509228981155	476.48558175109065	6163.18353616821	24.96624006727962	2616.4575000357063	505.78702139136857	472.1776856993733	1718.0324687523323	13.716138897922491	5469.448911680746	712.0899697242412	471.1582120729204	5745.985870120546	3.9954272916321063	3829.6408390855063	154.11220016086895	478.3472207531871
435.25	9100.944503679504	22.131494764131133	1119.8738383094267	220.02904051826948	477.54072269360523	7548.158603385727	23.474420053458825	1908.703456963576	372.915575538857	476.50586167473875	6163.17627792072	24.95589494842862	2616.435843148902	505.78674442379116	472.3539865177607	1718.1874295813532	13.714528634772366	5469.484010531314	711.9994963174249	471.2705563452412	5745.588411727799	3.993706233896564	3830.104515935812	153.89595903695084	478.4159628256357
437.75	9101.021145296205	22.13435416237915	1119.928924117623	220.01010411940086	477.4062614956402	7548.131888342696	23.465277689715993	1908.6564210310726	372.8977839251273	476.3988739384235	6163.260263274111	24.963135562930784	2616.3839913770867	505.7852331809145	472.32105365968647	1718.183432301002	13.71053056666834	5469.506967033522	711.9184180456297	471.1671782284582	5745.483323864198	3.987516929355297	3830.5598733110237	153.6688939750995	478.443807433729
440.25	9101.072367180917	22.137384642409433	1119.9794829104203	220.01303135243742	477.4906881928557	7548.2986707001555	23.487167096822454	1908.5290623181993	372.8665121270913	476.5112637279991	6163.143250619139	24.955494629796046	2616.4262338845356	505.7869911407283	472.5445687863901	1718.3483726462514	13.714798755351946	5469.517900331057	711.8380432301511	471.028008117916	5745.569810252386	3.9869989544993762	3830.885287560125	153.5873000739293	478.3476314472678
442.75	9101.127195409299	22.12481710646622	1120.0451885683294	220.01410646566006	477.5867124785146	7548.170965712855	23.516796414809196	1908.6150678973927	372.9051446682438	476.35195833384097	6163.022910221184	24.950145934674122	2616.5412566300574	505.8261483179543	472.63360104164104	1718.5793834033352	13.716247634840677	5469.530517165493	711.7872968458637	471.0907393247364	5745.554761124393	3.9835050501844353	3830.9017738189227	153.58712686526897	478.34819967651094
445.25	9101.157319892704	22.13464186893265	1120.050028817528	219.99941759198225	477.4656505937748	7548.184851363944	23.49962167505381	1908.6534893128833	372.9154004065452	476.30561318105674	6163.054725390569	24.962393802642197	2616.559868069339	505.8688002215871	472.3195281186835	1718.6552617592492	13.718708795926903	5469.542882422105	711.6769618773457	471.085971695025	5745.727104444371	3.987348953266103	3831.021631351169	153.51758123912165	478.31491960604075
447.75	9101.237131636299	22.12486991866013	1119.9867502356612	219.99657001345497	477.63879045964205	7548.121041825392	23.50818075465965	1908.6168614789979	372.9301144029369	476.1374309823368	6163.238332466009	24.976183730522628	2616.5543596300254	505.86886699838243	472.32954495666286	1718.5962828440506	13.714387614844206	5469.634725159995	711.5961162424467	471.13738645300174	5745.767913610226	3.987753916542749	3831.1673636631303	153.44313792723173	478.48963300054
450.25	9101.087359956915	22.113872367693315	1119.8952967961625	220.02583495090477	477.735193158117	7548.107582082027	23.51551711365857	1908.628577431484	372.90709223637015	476.21151607233514	6163.259626075759	24.965615158164468	2616.5995516121648	505.86780934846024	472.39243696920096	1718.8436641916683	13.713564108597133	5469.615528546361	711.5022660596796	471.15433831752495	5745.822766355901	3.9907779716225424	3831.36033058228	153.3251771874136	478.362198644635
452.75	9101.160621704259	22.1144857584476	1119.9286578848353	220.0086260786056	477.6972968763453	7548.171153844704	23.501720091749224	1908.6644941513387	372.9255299082389	476.24455872214645	6163.30266649131	24.96554399523431	2616.639662323588	505.87494954936307	472.56511209721504	1718.776509070955	13.712100962390647	5469.595890060856	711.4069978934856	471.2090015215274	5745.9499594856525	3.99066183306631	3831.327128289234	153.38062749278455	478.19785572807376
455.25	9101.47520404375	22.132099191735175	1119.9333256118136	219.96636160400718	477.5926535480337	7548.032677504681	23.51027387582006	1908.6126642141057	372.9171063791271	476.1579636941622	6163.18224912631	24.960303694113513	2616.7181568542214	505.90576640041553	472.58701511562106	1718.7090525087517	13.719030423207368	5469.594810924261	711.3851683868739	470.99115363045667	5745.947133899558	3.990354714052424	3831.239868043516	153.42043161752406	478.4320113607846
457.75	9101.508748833068	22.129979577403304	1119.9681502739763	219.97572188282552	477.491851448068	7548.036526470417	23.554363031837205	1908.5581825796667	372.92316296445966	476.0748326016057	6163.0732636157045	24.935906798509567	2616.7985774072017	505.8986559151857	472.7365140544599	1718.6056574784643	13.718605548764238	5469.591143805626	711.3388523014704	470.85576983983213	5745.887607825328	3.995829742786497	3831.4900349038166	153.3222395511636	478.40707312458386
460.25	9101.591645303495	22.137199293784935	1119.939472298958	219.96382978945982	477.4777971333612	7547.740141628957	23.534848066456522	1908.6039368252275	372.9902268406298	476.46974968709515	6162.958508527862	24.928342520463676	2616.822114612611	505.88950272561914	472.88237813675977	1718.6987376161048	13.718594891109928	5469.649836371685	711.2758173287723	470.8819336966679	5745.892565787384	3.997832683714802	3831.39317330949	153.3639298577843	478.3315761463344
462.75	9101.719912344528	22.127710580979443	1120.00076690052	219.97262859413348	477.6166735288933	7547.876041759157	23.47983283995279	1908.502492889656	372.9934755013963	476.5072657943373	6162.631130175874	24.97232211707244	2616.9551302688897	505.8880911431567	472.81282701173285	1718.8292474706882	13.721225221599578	5469.778656846313	711.2010047797	470.80992684628916	5745.793374381778	4.002318330494181	3831.3460395456973	153.34478423983947	478.37917059354663
465.25	9101.446330357005	22.13391210302297	1119.9336777925805	219.98403328210557	477.43885871209903	7548.116205983802	23.52718144994612	1908.526199770322	372.977173627507	476.559701053256	6162.48303130674	24.968206419256795	2617.150172571694	505.90990554656156	472.69755763424695	1718.9622992038528	13.72206205678424	5469.858266808373	711.0836985470537	470.8744780148585	5745.800481630725	4.007216982578615	3831.3895388621468	153.318122400573	478.357437497578
467.75	9101.438336659337	22.13542346267595	1119.8987909288526	219.95689206255048	477.4839179920381	7548.0300785750815	23.545708194849386	1908.6332846218475	372.9961477220158	476.48381224660295	6162.413840372754	24.97749334425786	2617.236505705929	505.9373237437837	472.6964783973545	1719.1543931295978	13.7165355890793	5469.95667200653	711.0251330423354	470.7462162771446	5745.8727881712175	4.011523134602524	3831.2146360081265	153.34338438809672	478.4236829515187
470.25	9101.25143118176	22.12593322298914	1119.9225212937654	219.93801125410846	477.60018491655086	7548.076221603102	23.514531465848734	1908.7458740628326	373.0759188048522	476.5759802096403	6162.181205459432	24.980996650681472	2617.3700360679672	505.95913716522574	472.8222364006778	1719.159803644175	13.716697654867716	5470.030402323187	710.9754196028221	470.90165647853195	5745.716669384406	4.007719796620163	3831.028210084532	153.40483534962968	478.1468774345245
472.75	9101.040501594642	22.116395539070368	1119.923925489496	219.93387904267877	477.62349622781625	7547.935212144459	23.503470738337658	1908.6757072315863	373.1068315476318	476.62860905995143	6162.274710480954	24.966965897619964	2617.5508932394437	506.00288709993856	472.8727225519251	1718.969763671858	13.71483953019522	5470.179177240558	710.9048244292417	470.90649578175663	5745.937699577885	4.007493655836999	3830.5990346967724	153.60815066881227	478.14933756845875
