0.0	-1.0	-0.4519886248689331	0.0026444140035576736	-0.0016094862826868883	1.4555936279776817E-4	7.010686393497545E-4	0.005317663019013005
2.5	-0.8345778717152342	-0.5575838737595386	0.0014149797287830459	-4.4674272458902954E-4	9.466677747387501E-4	6.561894852867797E-4	0.003410149237452731
5.0	-0.6080948237771284	-0.6927136745443284	0.0015840419727279475	-3.2088215347552014E-5	0.0013141128154859952	6.422438304683428E-4	0.0032458112732755345
7.5	-0.5035109896296684	-0.7526464474113971	0.0024206423005394277	5.150555567672494E-4	0.001691513363547038	6.241936534190039E-4	0.004398685479062024
10.0	-0.14791630202011327	-0.9621079705652211	0.0018012437430108444	0.0012842407700658417	0.002279986892773481	5.922891959415833E-4	0.00510969026024078
12.5	-0.906313001001261	-0.49835450210580234	0.002892845393575297	0.002099558344287078	0.0031092120834632754	6.055506141553685E-4	0.006059382434578836
15.0	-0.48648665763838733	-0.6923354484821336	0.001984623832500073	0.0022970553754168167	0.0034717179594811382	5.83106615620534E-4	0.00654697336630765
17.5	-0.9166427705746714	-0.508677616190102	0.0022615607034838837	0.00278337563869288	0.004865077651481571	5.551212736122726E-4	0.007499357375762348
20.0	-0.2755967818095766	-0.6858836009572159	0.0017409670120111303	0.002373088933042511	0.004560329067559874	5.514761025256274E-4	0.006354110657262091
22.5	-0.4156264786786494	-0.6425748478277976	0.0021444186209122937	0.0028960763332504056	0.006181448071811266	5.611322399841442E-4	0.005646689652963571
25.0	-0.24964940450719414	-0.6801779397937578	0.003454004433903979	0.004774618322667419	0.009468039010172144	5.911151112449095E-4	0.009098640142550848
27.5	-0.25325424738798386	-0.6792830542368371	0.004516182000245923	0.005810636399757621	0.012802602366240187	5.514090753928903E-4	0.00830980085159761
30.0	-0.15829767193010447	-0.6927970399830512	0.008620956526097774	0.010891548979192988	0.02447589519987349	7.341999512489117E-4	0.0160696525858758
32.5	-0.12938178587536978	-0.683008094157792	0.007592616509048601	0.009556251714212389	0.02260019233823622	6.732156733868081E-4	0.01075160161426138
35.0	0.191731517279517	0.8889781008445986	0.009791710081135606	0.011732926257404566	0.027017830258744623	7.230129266602511E-4	0.011055914610585292
37.5	0.23044118565094796	0.8820060675792587	0.019113062357172507	0.018939809471331726	0.04184244185282828	9.78102529818981E-4	0.022474576576403952
40.0	0.212790329613093	0.886024027517178	0.01566364757909351	0.015085535708087718	0.028958521543983658	8.20429410339639E-4	0.01554355511146136
42.5	0.41835315273012247	0.8321552119729554	0.028531883995775966	0.02523763010692184	0.03477010988016299	0.0010523297652330536	0.02481722875861049
45.0	0.3896030266322465	0.8417295260146103	0.02247804636966661	0.017751967996393614	0.0219659393735168	9.198383952180282E-4	0.018565237287024233
47.5	0.8233419169766467	0.6666539166780666	0.07142385172794563	0.04148504763744756	0.03565260679816365	0.001884286560385272	0.05544969508933511
50.0	1.0	0.564905547384495	0.05249548631474688	0.013532423971912361	0.0057431050368448745	0.0011767001241007953	0.027712075227906058
52.5	0.5340810707954647	0.8653164763650054	0.12188976745853246	-0.0027063623814308144	-0.013785071130792706	0.0019051822460890082	0.051442707029004046
55.0	-1.0	-1.0	0.40270347922952066	0.1930173118525102	-0.037458820535082454	0.9989721075171978	1.0
57.5	-0.9999199164504115	-1.0	4.4963344062095564E-4	5.560828362531143E-4	0.0014281748420382693	3.3375118170027914E-4	9.197710913268777E-4
60.0	-0.9996409769761923	-1.0	4.55187398574523E-4	8.792198414253518E-4	0.0019837129142059916	3.702251237640317E-4	9.885592501537943E-4
62.5	0.4011292106621829	-0.945752514028009	5.538266324634855E-4	0.001117441681057692	0.003245303358785031	3.57978638728468E-4	0.0016972729052153355
65.0	-0.30481565438039754	-0.40789295711625323	0.0013135596789961305	0.0027113465371458568	0.005251619562386938	3.727539928586296E-4	0.0028722960269571586
67.5	-0.15280728427151666	-0.43531902613825935	0.0018664093961720477	0.004363912872296235	0.007500338055400089	3.945014821823466E-4	0.004614339757650769
70.0	-0.14257443248976998	-0.43653230146803307	0.0027826716572143923	0.00919408599312073	0.014589077929673707	4.747113394091115E-4	0.008802494182667632
72.5	0.20286101350221186	0.45222355526759433	0.0038516991831772786	0.011323672738179691	0.01876146833715082	5.331784537362086E-4	0.009373224146196905
75.0	0.1594575390973914	0.46492506458112354	0.0031459933423674913	0.009025375735707072	0.015191815460698884	4.0267940594474404E-4	0.006781535662701504
77.5	0.0865200426614875	0.484982964207717	0.005472775679035987	0.01295396540963631	0.022517136187625717	4.794933146969797E-4	0.009207024233616598
80.0	0.2473091449433823	0.4457785592764835	0.0033121450552967492	0.008511492040764677	0.013176774112864404	4.1485991090794874E-4	0.0069878211888989945
82.5	0.044755297369823165	0.5085263569597827	0.0033250009837839526	0.007659025733550818	0.012820802823406141	4.5558862723316275E-4	0.006568353591863075
85.0	0.1577210472507542	0.4765645819404886	0.0037190940422278215	0.00718498087747829	0.010597894905178087	4.4487661622407895E-4	0.006383227109106804
87.5	0.11819822768563629	0.4885911751384497	0.009157366129930771	0.016142705271673528	0.021992105656647994	6.589169297387535E-4	0.014757874684734116
90.0	0.16398131505675992	0.4738011246134706	0.008920215502495832	0.013634968623808627	0.0167381682996127	6.377271827480361E-4	0.01502421854041698
92.5	0.09141639378982386	0.4993261829841575	0.0026097077587869523	0.004706679502074939	0.0065356432376508485	4.1864202221573044E-4	0.005231945724849673
95.0	0.21465328173464387	0.45743592362608	0.0032211811389029612	0.005495797590264087	0.006760853960756629	5.090968588801117E-4	0.009170223126338353
97.5	0.21949739629340426	0.45565843673147227	0.004373521867230808	0.006688114301244145	0.0077385271308076375	4.1365537534875536E-4	0.00721555497948941
100.0	0.4017619262044016	0.38373195158347095	0.005496648413343477	0.006765232017987346	0.006663648392166812	4.2792886729293056E-4	0.011230815956279467
102.5	0.3575434463702606	0.4037238898998734	0.021099130841662744	0.022964877514785372	0.01698056455350222	0.0011138680348301317	0.053035660764598265
105.0	0.23726926046490307	-1.0	2.2299215057108127E-4	6.215637392167103E-4	0.0020059147257850732	0.9962879032024847	1.0
107.5	-0.6321541816039407	-0.4302732660444222	1.7188738380877937E-4	5.29264020538346E-4	0.0016091599090570046	1.1511415753424208E-4	4.014755945152696E-4
110.0	-0.25871627119265345	-0.594961682295018	2.2753701696700564E-4	4.8615389076242673E-4	0.0014699480054559005	1.3104762488687968E-4	4.480144893250914E-4
112.5	-0.29179662943439866	-0.5789001083067054	2.2551914308994469E-4	5.457716643297327E-4	0.0015629061695516865	1.2151823876337115E-4	4.2009320321509977E-4
115.0	-0.2623894665497079	-0.5928684639103932	2.5065231599826133E-4	6.261575808145833E-4	0.0016218757126330154	1.4358477920255107E-4	5.512130898657115E-4
117.5	-0.3622395570301973	-0.5524657999153636	2.5727236182331156E-4	8.212641057752532E-4	0.002289184991328801	1.7985730900805356E-4	5.668177104523766E-4
120.0	-0.2568537821354821	-0.5756757069228204	5.200389212739909E-4	0.0015443901484199633	0.0035355254306973917	1.635038807124982E-4	7.104070353140825E-4
122.5	-0.1495470491370775	-0.5679835988881428	9.41358708390543E-4	0.0023553638068860923	0.004402986925657187	1.6683882338500185E-4	5.831791403813654E-4
125.0	0.17253939882802427	0.40675779751047664	7.457587049728927E-4	0.002279727262803578	0.00406740468875981	1.5625742038392359E-4	3.189475346548624E-4
127.5	-0.007265408382544442	0.47878190293673806	9.219519291148462E-4	0.002715777587184658	0.004888035287173407	1.3473111734945662E-4	2.8874316194457705E-4
130.0	0.043384463847089334	0.46791555185052225	0.00140727728622807	0.0037884333169090835	0.007250069314785377	1.3857067125030222E-4	3.7422888468922964E-4
132.5	0.04693740535617599	0.46722144836845064	0.0018460262968704431	0.0038573327690275922	0.0073949505227145695	1.6957470479905603E-4	7.392389533089664E-4
135.0	-0.05997560807045668	0.486578859915844	0.001686188663067579	0.0024880442666640216	0.006046807824052813	1.304291828048904E-4	2.846734093135141E-4
137.5	-0.12531475153595065	0.4933350451395594	0.0021727477560849026	0.0022054600867232373	0.00798185233196284	1.5024466998817115E-4	2.449497834023878E-4
140.0	0.73551542442803	0.3624086769429466	8.412469324659619E-4	0.0019183847996651292	0.0027060249426788443	1.71640323714609E-4	4.3151626255452473E-4
142.5	0.7287533472697529	0.3657365508900743	4.151841932534843E-4	4.54074359362643E-4	9.307504463225874E-4	1.5934196914736543E-4	2.1367877415735218E-4
145.0	-1.0	-1.0	1.817314931871021E-4	4.494789674790677E-4	0.0016337627602153772	0.9961484885252309	1.0
147.5	-0.42568174504490447	-0.9560117294578625	1.0633421257293961E-4	2.1897273227526536E-4	0.0016716398528869821	8.885744539631065E-5	1.870650180920596E-5
150.0	-0.08739123004507737	-0.7928979901779583	8.680170997098021E-5	1.7087315525012595E-4	0.0023897834435382464	6.138955208985275E-5	1.2306419434863597E-4
152.5	0.10386866228108188	0.5061233634150231	5.961667679270766E-5	9.332491745315334E-4	0.007882694545783364	6.12655780327775E-5	1.408842318350206E-4
155.0	-0.035186686013496525	0.51773485510693	-1.8733370629861926E-4	4.3122239326541403E-4	0.01436083930978161	3.5098297839905024E-5	1.5053436582156208E-4
157.5	-0.014048678314906514	0.5173276208246279	-9.395603042714687E-4	5.64825836450645E-4	0.008933479252705765	6.3720052408834E-5	1.8088923756752432E-4
160.0	-0.018232190740851018	0.5174498774955699	-0.0010828819219325955	1.1117653602605624E-5	0.0036257951114768475	7.737476534288734E-5	1.5910615444029633E-4
162.5	-0.24339564981117814	0.506556306734107	-0.003560465181542507	-5.735055086944972E-4	0.002013749532580675	4.8262790774830965E-5	1.478923987761959E-4
165.0	-0.40779386643174037	0.323544133303217	-0.004047114619712898	5.497432027304434E-4	-0.0013025547219784907	1.65759107187298E-5	1.2204811337348827E-4
167.5	-0.6757223035986805	-0.6715005294299567	-2.670640309805744E-4	3.4438709908498046E-5	2.3410739411758048E-4	1.2949168081613568E-5	1.0231080041692149E-4
170.0	1.0	0.0840545385493565	-1.9954592862255873E-4	1.2923777948025665E-5	2.8292480655516217E-4	2.297476776699248E-5	5.6073986163432216E-5
172.5	-0.48987125753621147	0.03992551084951835	-2.069595377611998E-4	-3.76588007224043E-5	4.273216556873357E-4	2.5126669834212676E-5	1.1469430636004294E-4
175.0	0.07259232864749121	0.32145035583722115	-1.742655929117017E-4	-2.481908780810006E-5	4.1527702879674274E-4	1.2849396874723118E-5	1.2886359611621697E-4
177.5	0.31217749124408944	0.3725214476031738	-1.5217769899070514E-4	5.649012440189853E-6	4.12253548966556E-4	4.8516339801803626E-5	1.6861732995737618E-4
180.0	-0.3623122115377829	0.2463860640348054	-9.797115833555426E-5	1.2849209793569393E-5	3.686784463086978E-4	6.351797256010737E-5	1.028306403494941E-4
182.5	0.21754351966254723	0.2657205980323393	-4.231596791085656E-5	1.7470451098088486E-5	3.9332607079434407E-4	4.1357155371873906E-5	1.1656718133406874E-4
185.0	-0.135639924532746	-0.2001019080640621	2.719214640937784E-5	1.6326017453287306E-5	3.6834499610448687E-4	2.6047824929568905E-5	8.011998039612763E-5
187.5	0.3109203792577977	-0.13821061443987792	7.410867055376145E-5	1.8346821370632933E-5	3.303204121755315E-4	6.697454799700806E-6	1.2682292883743669E-5
190.0	0.31669259761071233	-0.13861600314664654	9.215536121409359E-5	4.7390561225399675E-5	6.027621030805948E-4	-6.387197144994537E-6	-5.867155575344829E-5
192.5	0.2171671259586196	-0.11495359345529181	1.3950411644796166E-4	8.069139189716117E-5	5.777175321186686E-4	1.5520085947238906E-6	-5.187420724502166E-5
195.0	-0.18751662139285974	-0.012732658931294513	1.7171825614119762E-4	5.7013496846283765E-5	5.275934437850888E-4	1.6164791474756102E-5	-7.15915918117885E-5
197.5	-0.04095466028789337	-0.026205097896714748	1.2845751382822073E-4	5.308539141365242E-5	5.084858974234899E-4	3.518293531372835E-5	-5.0898234320961797E-5
200.0	-0.17887406815887102	-0.017517417200377996	3.3493798809781363E-4	1.7294841574867612E-5	3.567483258790035E-4	3.5781095167972924E-5	-1.3807116431776043E-4
202.5	-0.027367920501506722	-0.2692636595937931	1.901068589936812E-4	1.1927248623172983E-5	1.8931309777743064E-4	-1.647367509616846E-5	-1.1770594456537086E-4
205.0	-0.38676351266694825	-0.36479731775178104	9.216355311122385E-5	-3.9323813020454944E-5	2.385286659451331E-4	2.5804978578556847E-5	-1.0523321797323663E-4
207.5	-0.27372152741185435	-0.20745529308619876	6.496813824049404E-5	-2.0460848326111666E-5	1.0139841321625792E-4	2.2889106726616928E-5	-1.4200649791657217E-4
210.0	-0.08547369601743814	0.17202309670846247	8.997276212020676E-5	-2.4735954926356996E-5	1.0027613598415522E-4	4.728275841803114E-6	-2.898129767981665E-4
212.5	0.3874027280362891	0.18783957113023825	9.227097267557066E-5	3.0644155100705075E-7	9.749021618323249E-5	-2.193931134161657E-5	-2.3334668650613812E-4
215.0	0.10393420607695852	-0.024844627357129286	1.0524716700518409E-4	4.095801862623116E-6	9.415504654472441E-5	-1.385730787599239E-5	-1.2675086588394697E-4
217.5	-0.028936041519252463	-0.03638424703170568	1.5766901100095043E-4	-4.5498445722991736E-5	3.8235906845866525E-4	-3.5724798935399946E-5	-2.4298747948752345E-4
220.0	-0.04163396876564289	-0.04081186769610382	1.645629951465479E-4	-9.165656983233973E-5	3.7519915309770525E-4	-7.055039876286207E-5	-1.9095058929000084E-4
222.5	-0.04494853961932366	-0.04230169642023921	1.1610145984750974E-4	-1.3358782518366996E-4	3.6140365199842465E-4	-1.0605073925995875E-4	-2.425127349332715E-4
225.0	0.03602404771386413	0.022543889774316185	1.7090171336481847E-4	-2.1117829141894203E-4	4.489478965044384E-4	-1.4591779387662635E-4	-2.348961362325302E-4
227.5	0.1629079249876973	0.07221615508556878	7.986621244425715E-4	-5.563597834454435E-4	0.0014806508165428277	-1.2817871255174494E-4	-1.7669895266183818E-4
230.0	-0.10563758792899555	0.04377187223633841	3.885942079270214E-4	-3.655864241818309E-4	5.178974803478385E-4	-1.3084827788830447E-4	-1.8108397134131892E-4
232.5	0.16593091850191857	0.16645893357107874	6.836491191142488E-4	-1.586531127000781E-4	7.794178130996501E-4	-1.2775450595906365E-4	-1.7488017529622383E-4
235.0	-0.12196911376866613	0.16990498314544036	0.0017856814838664063	6.90012803388011E-6	3.29920145737818E-5	-1.0021934335655681E-4	-2.4322335624276392E-4
237.5	0.883877730921349	-0.5928785688190134	8.658372644975007E-4	-1.6621212394809882E-5	-1.2631570073080004E-4	-1.1991910135384928E-4	-6.432842388434698E-4
240.0	0.25367546443660566	0.466511451790222	0.5	1.9167054134144353E-5	6.758248925572574E-5	-1.343825015073669E-4	-7.908041846482183E-4
242.5	-0.47352706638272957	-0.5712589192408005	0.5	-0.0034455023320389797	-0.0015619849408300857	-3.066626857734834E-4	-0.0056206557532334925
245.0	-0.26786863144642536	0.06381982350467819	0.5	-0.0012980501807001383	1.2074166124272025E-4	-1.448961276728542E-4	-4.1261773777005707E-4
247.5	-0.5519960803242031	-0.07655744628072009	0.5	-0.0013545545893610385	-2.202069799774738E-4	-1.5739758450685864E-4	-4.3862365839183906E-4
250.0	0.46570351283406874	-0.13704863241119217	0.5	0.0015479293742199905	-5.276086190490227E-5	-1.7114626644773224E-4	-0.002476083868381732
252.5	-0.2724449079942367	0.46729827536383944	0.5	-0.0031516431319163415	0.005260826182968468	-3.346014941425828E-4	-0.008556944122366685
255.0	-0.39265708326524945	-0.47620208650595547	0.5	0.002699631030815984	-0.0036359245872747254	-1.2430505790092907E-4	-8.715358224723761E-4
257.5	-0.58706383049189	0.07889311086069886	0.5	-0.002954977722659631	9.990617051410806E-4	-9.413625996025576E-5	-2.0650707081702684E-4
260.0	-0.5667602815022057	-0.10365283258542023	0.5	0.02449815692382927	0.0019288900024241199	-4.054595586671253E-4	-0.017802370079852775
262.5	1.0	-1.0	0.5	-0.050450765919329996	0.1536598628527261	-0.9863637521208342	-1.0
265.0	-1.0	1.0	0.5	-0.014606953817998139	0.02815634960096058	-4.326401344652625E-5	-8.571365574511006E-5
267.5	-1.0	0.17900920665542872	0.5	-0.0037021987082323784	0.003259361414713752	-6.28947217447358E-5	-2.7197626672732323E-5
270.0	0.78004894970124	1.0	0.5	-0.07001510496295377	-0.1092807998050593	-6.168986599637224E-5	3.170538215248334E-5
272.5	-0.3264363620689981	-1.0	0.5	-0.05431170770328046	-0.026654057497891938	-4.5973762579997957E-5	8.30070369303259E-6
275.0	-0.6280755648357332	-0.2984358750390858	0.5	-0.07958018626773118	-0.02381316806580264	-3.187065792671782E-5	-5.844393321597065E-5
277.5	-0.44951297220054703	1.0	0.5	-0.11062142588168439	-0.06945938421015402	-0.010634260993849471	-0.9856938916749541
280.0	-0.47703157020012016	-1.0	0.5	-0.05236090814534644	-0.044941790865415485	-2.6233743848572355E-5	7.520491804946149E-5
282.5	-0.14124041742543486	1.0	0.5	-0.0471287832448939	-0.03916714970657263	-3.823812987032729E-5	2.5320915012696334E-5
285.0	-0.1727759695409578	-0.38183960788513166	0.5	-0.05664741503921781	-0.0146426139214442	-3.35380489593017E-5	-3.360060997868275E-5
287.5	-0.29844319251130225	0.1894141092891251	0.5	-0.10238365186390554	-0.013757214395558715	-5.807869449503221E-5	-5.155319644105026E-6
290.0	-0.2929038006920837	0.1491986805080854	0.5	-0.08250079870479685	-0.01107914511397752	-5.142674129846897E-5	-3.954021392888835E-5
292.5	-0.2985224630325929	0.19441179580430018	0.5	-0.10770654917741565	-0.011124012652820637	-8.483720840448185E-6	-6.655754371892567E-5
295.0	-0.2937898525765275	0.14767641451056737	0.5	-0.09840787534515687	-0.009777838994016616	-1.9206159189352176E-5	-3.08729826449183E-5
297.5	-0.2943619431607827	0.1542001412611367	0.5	-0.14064153941624633	-0.009697298202158927	-4.7143713294757155E-5	-6.796574445045876E-4
300.0	-0.2763612487940924	-0.06447377673190142	0.5	-0.1679639824214706	-0.02524237847586364	-4.616513113166307E-5	-0.07902755322479876
302.5	-0.25250493981353284	-0.20967295263735494	0.5	-0.15707728056667578	-0.03760045159650624	5.816677794518171E-4	-0.03310037930194913
305.0	-0.31570247974643406	0.08522171494609862	0.5	-0.15616313247700395	-0.03042527639872853	1.0148135783831924E-5	-7.089206761225738E-5
307.5	-0.2648550062885424	-0.15375065389166728	0.5	-0.16184267127691043	-0.03994453666548555	4.308625204433799E-5	-3.914196115063951E-5
310.0	-0.46484885953458444	0.8983701097533527	0.5	-0.174503535596907	-0.09724778802414015	0.9860680064161634	-1.0
312.5	-0.29021153439863945	-1.0	0.5	-0.11222480800220308	-0.06465498230647333	2.927179012302531E-4	0.0025665275716441806
315.0	-0.8962470550961071	1.0	0.5	-0.18427893832104753	-0.06937166350502923	0.9737172179918807	1.0
317.5	-0.8926422946964432	0.7538670404960193	0.5	-1.0	-0.825499922391565	-3.23606517400396E-5	-3.770581330476473E-5
320.0	-0.8758465317951191	1.0	0.5	-0.02972855118392847	-0.10218917295736911	-4.20300575419909E-5	-4.408138360793764E-5
322.5	-1.0	-0.6341665825024172	0.5	-0.09572690082184677	-0.3739670838984301	-0.003334371901851703	-0.40983113414561195
325.0	-1.0	1.0	0.5	0.0076412999630800765	-0.0857633979088138	-2.796781387528087E-5	7.877318122513945E-5
327.5	-0.010782253956026753	0.3368687797299549	0.5	0.03718395585477762	-0.11623885716858216	-0.030309171019986297	0.35639285283858735
330.0	0.0030872271296298673	-1.0	0.5	-0.005591885124148462	-0.04799261100237062	-1.8884708577332047E-5	1.528138842081429E-5
332.5	-0.07066826617039222	-0.671708198141861	0.5	-0.03201156044858917	-0.022240109217703377	-2.1264039124680744E-5	4.3405639165999365E-5
335.0	-0.3484686707562962	0.37088796347096575	0.5	-0.059561031742805845	-0.015419501118410579	-4.754598832543501E-5	1.0683005547591477E-5
337.5	-0.16460791222882784	-0.44581729982873114	0.5	-0.07977306827579153	-0.033517928742114504	-5.224223194262135E-5	2.964976787411035E-5
340.0	-0.29329556751283725	-0.05987413892530952	0.5	-0.11350323402551983	-0.032720877703841224	-2.1657002111621753E-5	3.9542830072551264E-5
342.5	-0.5909243260107965	1.0	0.5	-0.13470032844879112	-0.09520400795892939	-0.11654625459957772	0.9967072146718837
345.0	-0.14058376571009273	-1.0	0.5	-0.09577182758909436	-0.08300532293867717	-4.3637900968943375E-5	-6.756274511714529E-5
347.5	-0.7305815633393143	0.4569473515508232	0.5	-0.21034311417554477	-0.2011823119610664	-0.034636758547695795	0.4572024937353478
350.0	-0.6897665145042717	0.3181595350281618	0.5	-1.0	-0.9911433422611305	-8.100319304947423E-5	-2.816078398866929E-5
352.5	-0.8594992964155178	1.0	0.5	0.0060076462515587575	-0.062123338673760256	-0.021289321836656206	0.116557991574864
355.0	-0.8099107721216043	0.6635988111857114	0.5	-0.002970177630656456	-0.08761893913912473	-0.5223887423707109	0.615892703609364
357.5	-0.6996095918922699	-0.048747785355173864	0.5	-0.14676067920951025	-0.41451366146857815	-5.24897698501461E-5	-5.785527430890275E-5
360.0	-0.8096828718094906	0.5349009881938225	0.5	-0.35327656354859666	-0.6068440257146567	-5.4356851969364794E-5	-8.589605430488946E-5
362.5	-0.8655768979504855	1.0	0.5	-0.06053637060799826	-0.13530955158745078	-0.040469319430908854	-0.41928153259041634
365.0	-0.7821015472614655	-0.026811562374659665	0.5	-0.3493873232686922	-0.6539193797860176	-4.225247599502308E-5	2.971302085251526E-5
367.5	-0.8878740707138477	0.8678107462944157	0.5	-3.657820820502374E-4	-0.0871471335383613	-6.999496237554539E-5	-2.5500764981489707E-5
370.0	-0.8886328680224954	0.8823575102084047	0.5	-5.16749750751612E-4	-0.08599816728108754	-9.358913297571073E-5	-1.2495665814748272E-5
372.5	-0.8451651760520087	-0.0423128771766944	0.5	-6.171581355631364E-4	-0.09626536390241175	-0.015193038272302504	0.05532610985192178
375.0	-0.8590448708316842	0.08516005582427982	0.5	-0.0013245392013228891	-0.0943508562826573	-1.1423945389126698E-4	-1.9911716085482394E-5
377.5	-0.8668144223122948	0.14834446224896033	0.5	-0.041342092004881384	-0.21047518221193456	-6.941472064901862E-5	-4.544082197748109E-5
380.0	-0.8406822163249587	-0.036078071859025944	0.5	-0.056473634082436906	-0.26784746425084266	-0.0024392193263783318	-0.017692211077574342
382.5	-0.8371911274676981	-0.05583263566815496	0.5	-0.010753632863716197	-0.11228880290995766	-6.861357938711258E-5	-2.678613378949525E-5
385.0	-0.8809621634167094	0.1673116426788573	0.5	-0.08952003134155154	-0.3316634607590539	-4.568439528571458E-5	-5.056722962436869E-6
387.5	-0.9270487789252982	0.4000478620392725	0.5	-0.007093476014043915	-0.09121828360926289	0.017511902832769575	-0.2551317849422119
390.0	-0.929733484136263	0.4140675725250275	0.5	-0.15812788277061024	-0.43206790155646585	-0.06403064928709545	-0.6490455893524387
392.5	-0.9679402729093408	0.6211714927767978	0.5	-0.14775879582835214	-0.3976451573202205	2.091652034522283E-7	1.1641776368183463E-4
395.0	-1.0	0.8550429297918068	0.5	-0.0028480618184711128	-0.05940569359582105	-3.574745867786831E-5	3.507857647247095E-5
397.5	-0.9350809905248805	0.3953549374456891	0.5	-0.04817822653002972	-0.22429405317493764	-0.012226228362804546	0.6661899228339943
400.0	-0.9008657563443524	0.18209910973787993	0.5	0.002972220312774233	-0.09001711051806473	0.027542662897676814	-0.21229843297380765
402.5	-0.8907957446670137	0.1278478920908806	0.5	0.02343106411582169	-0.08649836938973332	0.020297331605554476	-0.3977055276347432
405.0	-0.7525044873861744	-0.4975257637509078	0.5	0.02860977600376335	-0.09338174228700664	-1.8535811927948714E-5	5.666181893696887E-5
407.5	-1.0	0.5119360821131799	0.5	0.02058412315377117	-0.046663783455440914	1.1495374101540322E-6	3.682922093861722E-5
410.0	-0.9251988651401724	0.2048348697817027	0.5	0.010690008837988381	-0.08545544321142898	7.213429166277629E-6	2.061501925767644E-5
412.5	-1.0	0.496306715579742	0.5	0.033616134317610714	-0.06560042005495424	7.116228269347193E-6	2.8720572779497815E-5
415.0	-0.9665991816044993	0.363575305767193	0.5	0.04966678804714923	-0.07253061674273056	-4.002001459471323E-5	1.2945644780145685E-5
417.5	-0.9118545908356578	0.1575825990086309	0.5	0.040348862119440304	-0.07843475379077987	-7.53876549729353E-5	-1.6834934983152202E-5
420.0	-0.9106318986518368	0.15326425202132907	0.5	0.032270370717743406	-0.08001419739256567	-0.006872835278065986	0.03752134420769844
422.5	-0.9840162172448546	0.4058980462241183	0.5	0.023997482557542048	-0.07596964241159886	-1.244533250951995E-4	-6.834884443110805E-6
425.0	-1.0	0.46174452152028184	0.5	0.0024309915980221313	-0.06989882950943348	-1.8992173868587566E-4	-6.101719035207744E-5
427.5	-1.0	0.4617241966810436	0.5	-0.0035251186521382785	-0.05619999235799087	-1.833339760607172E-4	-4.9862555882301295E-5
430.0	-1.0	0.46170414861971754	0.5	-0.014925804974606114	-0.0769232775417403	-0.9442325055249494	-0.7348153192713338
432.5	-0.9307757572961459	0.2214831757964665	0.5	-0.30199690532805207	-0.5685527529831806	-0.2289551497193937	0.27583064848167216
435.0	-1.0	0.4495899461463885	0.5	-0.04301733067469301	-0.09356287160899593	-0.039001790111097695	-0.06641070477199298
437.5	-1.0	0.4495715499804424	0.5	-0.011336013367856758	-0.07276985891193982	-0.15334199358901626	-0.22088083814911127
440.0	-0.8098360944421074	-0.1558736152907277	0.5	-0.07319890742490247	-0.29577627112962346	-1.412147504376584E-4	2.513832807136272E-6
442.5	-1.0	0.39764442604575895	0.5	0.0014924622845365954	-0.06859429930913392	-1.5646210394548339E-4	1.7364647070271766E-5
445.0	-1.0	0.3976283510981588	0.5	0.006096142856294125	-0.052586812124232364	-1.609830641069774E-4	-2.9185546285189674E-6
447.5	-1.0	0.3976127186619035	0.5	0.028179919970891556	-0.04781300319081181	-1.7542078095898707E-4	-8.178456794304261E-5
450.0	-0.9774498371917507	0.3326634954297947	0.5	0.031126017398833253	-0.06343000218877516	-1.9905978169894453E-4	-4.6694148876950167E-5
452.5	-0.8817152225605521	0.06744596049385117	0.5	0.016748159150453083	-0.07002637802626521	-0.5040708234898231	0.39067989593284136
455.0	-0.8632665130497384	0.019521543296256143	0.5	0.0204560959651759	-0.06987807378009597	-0.10639821610745918	-0.20008896400329274
457.5	-0.7122879194635865	-0.3474090068782808	0.5	0.03299831008102849	-0.07295958509382283	-0.1741727033084584	-0.3442880546828435
460.0	-0.8818230120460746	0.03235599803927663	0.5	-0.029268262822007805	-0.10695097792809831	-0.12090556327879343	0.2576786703960996
462.5	-1.0	0.29683128769213546	0.5	-0.024890812411941212	-0.06393170455604488	-1.1631167506490215E-4	-7.133128364416313E-5
465.0	-1.0	0.2968196903803712	0.5	-0.02241499505145033	-0.05767427348806908	-1.4641490873019562E-4	-6.489247916701793E-5
467.5	-1.0	0.2968082754858272	0.5	-0.010439207172452837	-0.05578522247745268	-1.2425586030151894E-4	-8.547629481116058E-5
470.0	-0.9713565211030178	0.2326836593986994	0.5	-0.023756230020772	-0.06453347613802776	-0.6319166720509704	0.631586841317186
472.5	-0.7823765906101727	-0.17489507229801954	0.5	-0.07530251550192439	-0.20795755214894687	-1.4026612924093564E-4	-1.0148557230462365E-4
