0.0	9099.418066063323	22.25731802665025	1120.6933888360566	220.22955860160326	475.83155697097334	7532.238992647228	23.328030473719508	1920.2574150551195	376.3915273644486	477.03904651828964	6142.372839484403	24.829793275532577	2633.2967253844545	509.80603074750763	472.759987078265	1711.7896954696919	14.28832167829073	5446.177791241422	743.0687074360393	467.8036244905155	5755.297940884698	4.186472360382533	3807.2857401239567	166.3907589063491	475.82727561466896
0.25	9099.448757048749	22.257547681974597	1120.66980458523	220.23498453564903	475.8212094112102	7532.270981610529	23.125356436977928	1920.1891300218333	376.37543549684	477.07279571002994	6142.462893998708	24.747034184016446	2633.238330312119	509.7902441972746	472.8139547923654	1711.7754768759019	14.286823144155676	5446.212380546958	743.0550621539555	467.8084579444728	5755.223448206471	4.18636378015699	3807.3305761076326	166.34643142918273	475.8724660775058
2.75	9099.575511192916	22.24872706993395	1120.709107129662	220.2638015298247	475.9770953755704	7534.184729211827	22.71201065429595	1918.7076654771317	375.8324484574179	476.9351927893186	6143.463870185447	24.501097654139315	2632.4224201486145	509.5172536865771	472.84364941140433	1711.9220223271661	14.279521685826246	5446.467739740759	742.8203243489846	467.80695294025367	5755.170642903879	4.176771756047322	3807.7824733159214	166.15093915108852	475.81601880374967
5.25	9099.593067362399	22.250693599395603	1120.6812060067218	220.26502018995603	475.9139598572174	7536.278883608857	22.86350119580407	1917.0979131031456	375.2276487449627	476.6642092978681	6144.667042879076	24.399695302141605	2631.35438048687	509.1717567650765	472.70109667649007	1712.1242546577232	14.270138411003314	5446.749061288465	742.5766675442352	467.82857399654415	5754.796253544928	4.155919858920162	3808.3176060638107	165.91804843520802	475.91936462841574
7.75	9099.707439510084	22.25829059322062	1120.7358289569975	220.2971075095908	475.80330750714586	7537.90999696755	23.038554487870435	1915.7821708924291	374.81828089071917	476.40971728023055	6145.958574795781	24.327732193198333	2630.1526736644973	508.79471791580005	472.6557074320275	1712.0942877786613	14.266187086863317	5447.077808681636	742.3520230263567	468.0502919132308	5754.716119543487	4.145500857268522	3808.8195463788093	165.68043876454007	475.74787634257035
10.25	9099.758938007039	22.24969143898317	1120.7425854679843	220.3470308870783	475.89560735081534	7539.30248473498	23.213203886640656	1914.8050365828185	374.4980295783059	476.10957010609377	6147.772663339949	24.229184324026317	2628.765604771264	508.32399262071607	472.5860970151901	1712.0336271764604	14.2611864530577	5447.338270668183	742.1011187528701	468.31000558679153	5754.575294405092	4.138611514363645	3808.947384603847	165.6800330570327	475.7700832834252
12.75	9099.785838640513	22.260140979787643	1120.652664529042	220.28594856124926	475.7874651539259	7539.922949208598	23.219621816343366	1914.3054177653053	374.32554238335405	476.0922699421046	6149.974540991284	24.227381714534626	2627.2114406300916	507.8100962254987	472.3401593205713	1712.1909104890342	14.251385786633081	5447.63134422595	741.8371527107471	468.36926477359066	5754.719396746702	4.1237413984561355	3809.1742595840606	165.522280861832	475.77313460666727
15.25	9100.012158676269	22.2555584610748	1120.670668161504	220.31480502786852	475.92861151740067	7541.515155250418	22.928998093007078	1913.0650704819975	373.9163597533469	475.9050775957873	6151.374763664058	24.45443779837788	2626.1425025886692	507.5008569176098	472.2432146626695	1712.1645400114778	14.240327355310855	5447.899352652376	741.5114896002316	468.4100027957449	5754.670148262802	4.125505863831408	3809.1992326296663	165.49884868433364	475.75838672300057
17.75	9100.04206318817	22.25353300029379	1120.6647097884872	220.28662486784518	475.8271702832486	7542.6446630034625	23.042804762796294	1912.060199075308	373.59310267187453	475.91403729299526	6152.881326653504	24.42043573629031	2624.912551726661	507.10342107081	471.9656462276893	1712.2330993257037	14.229256942752805	5448.118479551789	741.187821065642	468.64741545981997	5754.561744171003	4.125506826912352	3809.258204435119	165.4456383808298	475.83521275336375
20.25	9100.124442885734	22.25507481823842	1120.5671101440032	220.27749338188497	475.84706314867907	7544.4369400303	22.97000197117824	1910.7463006892178	373.1647395640027	475.85619393571477	6154.449790588275	24.489119941415	2623.838946574181	506.8187245037227	472.01448275548984	1712.2103734909897	14.221271072265633	5448.392254704735	740.8962779158949	468.58220134157	5754.549145172766	4.126850754415376	3809.6103542700675	165.27783931505178	475.9951516167268
22.75	9100.349535850639	22.262314077075146	1120.4938388593139	220.26557188308817	475.7629960667086	7545.344240336152	23.28677566179942	1910.106470126167	372.9831273175111	475.7568644056037	6156.030233869348	24.41003068973849	2622.716090199018	506.48223817765694	471.7561869718969	1712.3359994812295	14.217520750216057	5448.617797842979	740.649995376482	468.44190280289683	5754.128198174425	4.117215492719924	3810.0666505438267	165.00974726803105	476.1249659246511
25.25	9100.582707700083	22.264355025862702	1120.468493084883	220.2983501241736	475.7402626286786	7546.245554552228	23.26550024388411	1909.6044878758055	372.8361221307348	475.7096274785961	6157.48454397248	24.436119316569883	2621.480435683211	506.09549659211837	471.48403714610157	1712.5296565493845	14.213524949293804	5448.779766796205	740.3908868980037	468.7214038696326	5753.9490328270795	4.118857747646423	3810.4562757093126	164.77487501797955	475.9773389800044
27.75	9100.62768249946	22.269037600109325	1120.4442951644266	220.28934518769816	475.62311235508184	7546.832392285691	23.350744898989966	1909.192671567413	372.74033106992295	475.73636777188983	6158.954162181527	24.442407011385896	2620.3294354445234	505.7288464999171	471.22372201466845	1712.6653424802937	14.201387855523734	5448.957838065157	740.1206960525858	468.7568806202792	5754.0128641218425	4.116137510861343	3810.6920181708992	164.62344561481856	476.10907613295643
30.25	9100.526295999854	22.26533474276044	1120.4546958342528	220.30031038663128	475.6799424127274	7547.297356957901	23.37705795155439	1908.7599217550492	372.6596495375789	475.7234532695209	6160.389859912184	24.447788680518848	2619.2521687324333	505.3772889732649	471.0693058918953	1712.6779407700326	14.191460455648883	5449.205033511808	739.8261243041267	468.71246745727956	5754.127179155091	4.110185999865405	3810.8337600724117	164.5109066831117	475.965591567793
32.75	9100.518900530373	22.2789318414521	1120.4966773982292	220.26221159204295	475.5965847530933	7547.611096626691	23.43509817753069	1908.5260923884705	372.6175423564206	475.74438629752433	6161.90287959601	24.457419135234108	2618.1559913100796	505.0440302638719	470.9184395167497	1712.8240930831955	14.199971629752264	5449.2973659049485	739.5167607531577	468.61236609572916	5754.166388281406	4.099039304391568	3810.9862636550934	164.44865776038623	476.04646728661936
35.25	9100.620274422727	22.27655992615636	1120.4798258846308	220.26919144751088	475.5122321747712	7548.010492845315	23.53570424373076	1908.2780159316997	372.60809679848467	475.68279347316206	6163.232412593586	24.87256547788892	2617.1460477946607	504.72015341284373	470.75483418664044	1712.6106671581376	14.191804738494586	5449.450449498965	739.2315256199869	468.4157534503324	5754.097189755283	4.09901686287054	3811.134560422234	164.31784801217668	476.1094954582321
37.75	9100.577656740834	22.285220136308993	1120.4165631829883	220.24539173476242	475.57241400393264	7547.9701093819285	23.702928326541375	1908.4188788479948	372.7013576080323	475.8904320694597	6161.965384769278	25.788550826567413	2617.8096487234275	505.0400100701513	470.9255623972606	1712.9403560386406	14.192296450195368	5449.585376063173	738.9664671427895	468.49544278554293	5754.1869245143125	4.116335538520655	3811.2939568040965	164.16128932230583	476.0700872955901
40.25	9100.698345840261	22.277794861444256	1120.3525176404582	220.22888346725057	475.60047543519505	7547.454126081944	23.72178286041523	1908.6922666827436	372.85369310821625	475.8492453128881	6160.320485619905	25.797292176267764	2618.998184202051	505.50704406748196	471.1704602211963	1713.2309888459702	14.195280000739734	5449.7622742919	738.6536417304466	468.5284199873279	5754.112365970812	4.125755908246416	3811.3859796546703	164.0399470602046	476.2129806017175
42.75	9100.667483686942	22.28419999129635	1120.3453859874294	220.22765367938163	475.486349755832	7547.07802535853	23.771233877503043	1908.9101711782716	372.97829566272816	475.88598950765606	6158.856198009969	25.756220245271972	2620.1829702072796	505.98542057481137	471.6529836497337	1713.35135370611	14.182356842692855	5449.955268087719	738.398159067005	468.57624254537575	5753.883369797102	4.137133575541789	3811.8062819004695	163.8167353578747	476.2263797389094
45.25	9100.772025457078	22.27897954760198	1120.340304462267	220.243130827724	475.6975760220165	7546.417583539029	23.865274570949875	1909.4045152562203	373.185329749827	476.03146236808385	6157.271364373331	25.700793842133706	2621.233490278018	506.378951935871	471.88716984000285	1713.1960213626935	14.191425640493486	5450.185721312682	738.1236080548266	468.48717398760186	5753.89880199107	4.141497491617705	3812.3006414215142	163.58294101576686	476.3520170043859
47.75	9101.014323515057	22.267635763727416	1120.3577637783292	220.24469634064562	475.7956353793302	7545.647928411395	23.958417468675076	1909.9712263597435	373.4265927506028	476.01760335206876	6155.764902865786	25.636777023274433	2622.347990593456	506.8274610546962	472.2858048869064	1713.3177050403333	14.191560253073412	5450.31567521164	737.8860765533982	468.48792197581105	5753.704268410219	4.141343860594589	3812.6891829751553	163.34103792170066	476.36659583891804
50.25	9100.861476548596	22.266787772788447	1120.2986557615923	220.1881780231366	475.73475367358355	7544.268046973793	24.22349285101692	1910.9558741415701	373.80697854562305	476.2500459795744	6154.816526510818	25.48578138097091	2623.2125706247275	507.1538484095369	472.5898712368366	1713.286699350416	14.189340988239737	5450.581214138643	737.6386423594068	468.52131260401353	5753.47918335509	4.134742801377431	3813.2629341407924	163.04813707346423	476.4697987241116
52.75	9100.895803070498	22.273127586030004	1120.3661482091431	220.17403750251586	475.6883397178696	7542.7956516761615	24.185514551811874	1912.1498167037025	374.28207168269387	476.4292979129092	6153.883458783999	25.490574729269955	2623.9067517179415	507.47839904341805	472.7083785029657	1713.2645601858735	14.190142727756895	5450.824433043891	737.3633591457688	468.56086952104226	5753.208227874647	4.143148023597462	3813.82685506879	162.74923140328679	476.59249352627285
55.25	9100.71165854826	22.247604470278695	1120.400228477511	220.17239351671375	476.14307424951636	7541.595656461812	23.55673275811666	1912.900292317773	374.5582986350068	476.4215440777197	6152.605701809914	25.16758353782914	2624.9717588696963	507.85143374331926	473.0194854234894	1713.3443587742959	14.190508909435017	5450.97527319245	737.1364940897244	468.60520713640796	5753.031803543326	4.144310788607776	3814.441818031502	162.43964430342825	476.5834382032798
57.75	9100.523663157428	22.221899529740426	1120.3970104034242	220.1791216583695	476.28711571637206	7542.998955403471	22.722387563396815	1911.837568875347	374.16746800932975	476.3515770368496	6153.948494573405	24.069119988904728	2623.9876207756192	507.53169510221704	472.8417904766634	1713.3908316179507	14.18049358859477	5451.137995101359	736.8803280249615	469.0103390379436	5752.713228882625	4.130649056755394	3815.2786669446705	162.00332779655488	476.92580062288846
60.25	9100.396409492972	22.22077381796474	1120.4149865703016	220.13376295281049	476.27216080495566	7545.095206726256	22.72368818016708	1910.3270236238452	373.6379585196837	475.93806970930535	6155.92310589778	24.04495419886993	2622.367435278118	506.98586168643385	472.623440046266	1713.3115866305216	14.17421997771626	5451.374377172043	736.654043841486	468.86592877009264	5752.128239520783	4.108260760030295	3816.0654854789072	161.56643568301962	476.88793520946246
62.75	9100.427275097547	22.22060239197864	1120.4436242697848	220.11883435017208	476.26568891976297	7547.278189242778	23.095618473164404	1908.861645896592	373.09309631580703	475.63746294418627	6158.0911826904385	24.091536703042195	2620.703000043395	506.4031574912139	472.1677422890672	1713.4156126647274	14.172196421710886	5451.617668532532	736.4447858834277	469.10641048345883	5751.782590196638	4.09809294598576	3816.6701368353356	161.25211924127228	476.83965781961933
65.25	9100.43475353138	22.223515381857123	1120.3479222059386	220.1610071208101	476.2870681267281	7547.094866916877	23.694823984158546	1908.9819040472726	373.15227914810396	475.62913383816823	6160.231114023821	24.285328534815037	2619.111985013825	505.8813648784813	471.96736961183404	1713.4565049655475	14.158602877112859	5451.855235173704	736.1722136935067	469.1488824511424	5751.77592891805	4.0900275129706	3816.9803590673696	161.09010272551063	476.81273839933795
67.75	9100.53691083121	22.22373954158301	1120.3169936401966	220.14889600958614	476.3948016002443	7547.2530817786	23.364953490663027	1908.735919853182	373.0791974580461	475.6106407207556	6161.319177787806	24.6055430587527	2618.2295292377603	505.60372007564257	471.80932019561277	1713.5259583192487	14.154247410673497	5452.041782184255	735.9582027210878	469.23198559754803	5751.605178976436	4.078081683439026	3817.109002921042	160.9916959040119	476.8518094914571
70.25	9100.655716634805	22.207462946767546	1120.3084279252705	220.1570666818543	476.58565415303264	7547.584042180082	23.44544266128799	1908.4209009289846	373.006288449259	475.52476958466815	6162.319458081514	24.615588820290043	2617.6014606614085	505.3848124885637	471.5693934234789	1713.7095611884229	14.13977701544888	5452.177046795151	735.7054650398532	469.2790279228283	5751.590373013475	4.07635781264664	3817.374121801963	160.90157280157766	476.7162881877907
72.75	9100.775735987712	22.200353633998677	1120.229117175894	220.14260276075302	476.5867643648034	7548.034478013857	23.538558360727297	1908.1318526065716	372.901790955295	475.5442009590061	6163.131578209957	24.85641225336888	2616.8264569483654	505.1762608218844	471.46047750930916	1713.734806673785	14.135213789786583	5452.366800947315	735.4420091294695	469.11949218615257	5751.684908637749	4.080254376232489	3817.3212298793064	160.89777447295168	476.72017947737214
75.25	9100.833822701476	22.20439938861879	1120.1830383798697	220.17397019238118	476.55536637388735	7547.976282400399	23.712080549832436	1908.3139951725263	372.97565992655854	475.68708514228234	6162.672300082545	25.383699624858245	2617.1787710361255	505.29160876018483	471.43861995907355	1713.8202672684454	14.135319600036985	5452.5278190555	735.1534847353821	469.3424030891793	5751.680027037742	4.086762671976948	3817.406591202517	160.86498217208535	476.77821163828503
77.75	9100.577138372513	22.21711534775893	1120.0680374679466	220.15237259414198	476.4763863121873	7547.661740864514	23.67505231776573	1908.5402374418159	373.0843284452824	475.66437083283427	6161.761774195182	25.430253437038466	2617.6726064921463	505.509285332412	471.30771180450114	1713.883793506288	14.13438011764499	5452.652289687531	734.8853752871322	469.2495672769519	5751.8207140660115	4.091195536587881	3817.2901102916135	160.85400975499462	476.7311068328405
80.25	9100.659863424336	22.211041034044534	1120.048670146973	220.16233086403028	476.4804742751415	7547.596228469484	23.67133591795687	1908.6416802450403	373.15386519852285	475.712862782533	6160.8553351671035	25.413950442476633	2618.3658857459545	505.75590341138474	471.6369906156001	1713.8599056571147	14.127384154671976	5452.825102011023	734.6521464900309	469.31191345237306	5751.789307553218	4.097398479376764	3817.3518180045685	160.79348076681364	476.7918193658108
82.75	9100.674413326908	22.200760803961646	1119.9990116608742	220.19140417955327	476.5704956794167	7547.2029779594795	23.701835441522903	1908.9754005155426	373.2791060833605	475.9112530098	6159.952204323133	25.396678487286117	2618.932783060859	506.00614312590966	471.60482767893666	1713.9730516410784	14.130440984528317	5452.921927786213	734.3824808074424	469.1856206593081	5751.7279370911365	4.101851895537048	3817.564292119113	160.6688934697613	476.9300195405143
85.25	9100.555045829788	22.209035607042473	1120.010550880823	220.17619797031418	476.40639483174243	7546.863537258476	23.611487440023883	1909.1262900059294	373.3501440483647	475.87428858430627	6158.928381370322	25.41902070592424	2619.4912297043197	506.2233523387696	471.83352165115264	1713.8571553247423	14.120536967271097	5453.086056476269	734.0988254545127	469.1713484647478	5751.450478849506	4.101650941718408	3817.9900808485663	160.44600812760217	476.88488069781135
87.75	9100.634797417417	22.214243338936182	1119.9891630476357	220.19918353809365	476.41462786382135	7546.561311479356	23.658773919797973	1909.2813121883805	373.43825877821325	475.92649639694497	6158.051593785908	25.401189253417193	2620.040624685789	506.4616328620149	471.8050390658812	1713.810734709183	14.11695997075033	5453.19406752997	733.8371155899479	469.2552752975768	5751.396947171677	4.105122185005888	3818.273063774371	160.34603771568152	476.90388486969806
90.25	9100.73717703762	22.216048701867738	1119.9991694649468	220.1668387272514	476.44068176300516	7546.13235824066	23.647030766055813	1909.4771875676383	373.4864251923329	475.9941422739195	6157.229603629195	25.394288430358458	2620.6155725907274	506.68335072633636	472.04695528672096	1713.7106233446057	14.122838746147696	5453.427450467	733.6017731157306	469.27663309120067	5751.20385189984	4.1074396006374	3818.5032077634314	160.24279417640196	476.8555743318038
92.75	9100.781194220732	22.208258275145443	1119.938785368558	220.1839362436755	476.61153645042805	7545.577579783721	23.648378955773893	1909.669501862611	373.55062245262314	476.0306566395676	6156.564936238397	25.384767491379474	2621.134737458016	506.88539463603246	472.08259086421594	1713.716266634852	14.11744741693617	5453.617310030109	733.3833852313621	469.2402290386875	5751.188855642482	4.102818139691962	3818.685736702404	160.13223825902605	477.10971756911243
95.25	9100.671169531392	22.20239883564952	1120.0331455664025	220.21710717712324	476.7222524494593	7545.41334135755	23.631613337331846	1909.7407282496197	373.58582989967346	476.1650934806127	6155.756192029572	25.376794743291555	2621.77516504392	507.05835023561286	472.2205417145778	1713.7264319282265	14.116530534592714	5453.854349190087	733.1394852201923	469.25917197786805	5751.056182452829	4.101122330573654	3819.1442258228403	159.9017055326634	477.10342137389574
97.75	9100.763453089568	22.20381475547714	1120.0829806823451	220.21964709051628	476.63076544967697	7545.101578105274	23.703284988164825	1909.9528955424048	373.6890436490725	476.07158949062625	6155.083663050922	25.357039701669528	2622.248152456534	507.2646379948541	472.2500871917518	1713.9910651403518	14.125962834261172	5453.979956604137	732.8948770472615	469.4892844557872	5750.855653977912	4.105510689154348	3819.600310071203	159.70712053928617	477.16027528128166
100.25	9100.726034854144	22.20471572668277	1120.109678664227	220.2016602164686	476.6121657839305	7544.90891500331	23.747245749231062	1910.236442836072	373.7804002529222	476.1947555882211	6154.358770179939	25.32229324721908	2622.7777977135397	507.45349373259313	472.42400915059017	1713.9420748856614	14.133744566357967	5454.1260508538835	732.6675920992266	469.66867902674306	5750.654201269855	4.102192235608123	3820.1260977497004	159.50859749700376	477.0908589725865
102.75	9100.735610785467	22.19658737758883	1120.255398261817	220.23641944423412	476.73376590846885	7544.299318413048	23.82809742850128	1910.6818920968312	373.972409388376	476.2199172895252	6153.636094933802	25.282326040816585	2623.1902254412416	507.599902363456	472.46625757659365	1714.069718905116	14.134108592520676	5454.345442747458	732.4377432340543	469.8364897939164	5750.828801295256	4.100396163048625	3820.2136422121125	159.45456311368122	477.0202561577111
105.25	9100.692147576308	22.188875574031776	1120.2627548834969	220.24179729400328	476.735889358012	7543.515053544962	23.788645621141555	1911.0721624500427	374.11271512084977	476.1217344871417	6153.029811220952	24.91625892909661	2623.5977486173706	507.7737482739276	472.8341226707002	1714.0616015346518	14.12771913978031	5454.5544939752635	732.2160230083846	469.9538503882767	5750.80233922267	4.100822654759854	3820.1763611199267	159.42137802753035	477.0486877291352
107.75	9100.734480829	22.184138155006348	1120.2394547941576	220.23500361764673	476.89443131232474	7543.157691639765	23.50162656534439	1911.4355308738373	374.19742852483216	476.2779322748053	6154.205048386464	24.226646356907832	2622.4030087225015	507.3973380076947	472.6944694547947	1714.0062777104758	14.116020579234796	5454.770740797708	731.9980215960359	470.1365892170507	5750.499986044093	4.095283056019784	3820.9230368135477	159.02506329073466	477.7413812680384
110.25	9100.752747272087	22.187165903983452	1120.193292255284	220.27543606392794	476.75853829838934	7544.125691432517	23.11270789032933	1910.6928002170341	373.9514680192218	476.19859954497156	6155.484822891244	24.48476773356377	2621.535086795631	507.10036474976926	472.7759277626178	1714.2157973503536	14.10730529765524	5455.014589131934	731.733172918462	470.0158821263456	5749.821245871176	4.091123182454844	3822.053800912559	158.4451983102752	477.53434332438087
112.75	9100.725615276478	22.187204724581186	1120.1890569676532	220.2779498658576	476.7197195788915	7544.875852992197	23.305474756432165	1910.1247782508822	373.73087317479644	476.1967937240585	6156.529472038288	24.408229064461338	2620.650593292017	506.7830335199485	472.6859358874758	1714.0852289026666	14.098012644414277	5455.257228902392	731.5004298337268	470.0982957968294	5749.527459065431	4.087162941206688	3822.7065506324448	158.06839692232896	477.57034720756326
115.25	9100.861080138642	22.18747310493774	1120.2065081864866	220.29403150726367	476.75335337739375	7545.572346669088	23.305707611680614	1909.7370160942635	373.5792874622158	476.0671933021625	6157.926074113392	24.412370484073378	2619.698967189197	506.46720156568307	472.69572303763385	1713.9374520366914	14.094428387165888	5455.472041909464	731.29891068561	469.8984961570846	5749.450522062986	4.07076169574249	3823.1862864986842	157.8094959045532	477.4381308792581
117.75	9100.900761453448	22.18893077389906	1120.197872909366	220.27311958060065	476.7611257161152	7546.223173363004	23.30175721205128	1909.2250523914518	373.46013810794113	475.93587640781783	6159.235286921723	24.431692578462588	2618.739928012907	506.1822445635851	472.3956874943474	1713.8016169905345	14.092805964593047	5455.71891825956	731.0257413912611	469.798393902541	5749.321843425399	4.060945863876485	3823.3492122716216	157.70409226337827	477.46379387858855
120.25	9100.808151977666	22.187887984805393	1120.2601002860808	220.27375808199693	476.67332978859264	7546.900348046044	23.278300732656707	1908.6449327067894	373.30880901500996	475.95678432308114	6160.477911584116	24.45750397606321	2617.9593162423075	505.88114440484685	472.31532412791074	1713.7493797987645	14.089269281288054	5455.9775864112835	730.8134213993943	469.9022308842319	5749.300509856614	4.055556417805519	3823.575179835977	157.59331042996288	477.4854616986355
122.75	9100.62910494604	22.198330617224162	1120.1738854944786	220.26260302733178	476.5373660674337	7547.414705464203	23.360822650528007	1908.2670185232819	373.16250046320846	475.91774904684974	6161.503869596224	24.448918626577758	2617.150693641893	505.5716663673454	472.26241160766875	1713.6216464146337	14.086211716188156	5456.087285985419	730.5836431448839	469.84879727228775	5749.130284483238	4.052429706424116	3823.779882939506	157.52029618338088	477.5943063022648
125.25	9100.515704151945	22.190364492512728	1120.1581195275646	220.26213675761798	476.69412627325767	7547.8160659954165	23.497022405496153	1908.0154210723792	373.1058453293973	475.96384368657755	6162.669900962402	24.701160058915033	2616.391194978396	505.2969425690054	472.1982193393863	1713.7334440246873	14.074305441494428	5456.355103301015	730.3287946349221	469.901687954452	5748.651999086114	4.048319017893517	3824.352940065225	157.25791511141387	477.7501451997877
127.75	9100.472634440797	22.19081060566721	1120.0557627522305	220.2015456337898	476.7701136077119	7547.406487316163	23.62315910373719	1908.1454110436803	373.18558703244463	476.14701851538297	6162.514167384438	25.301184874343836	2616.641345133445	505.3527465758883	472.2375223639453	1713.836059368378	14.07153563702693	5456.507201042311	730.0810754732726	469.9900973649678	5748.34845073245	4.046951736420118	3824.969178987515	156.91606604790002	477.8700916702026
130.25	9100.662199846685	22.18621538650171	1120.1060516402827	220.1656657550784	476.8031158590897	7547.321505434401	23.5219503994764	1908.2142456051965	373.16988509447816	476.2104868151396	6161.731454544405	25.35667069678938	2617.3104475413274	505.5790915892025	472.1882502208539	1714.1795540897037	14.061290284346244	5456.685725529526	729.8402338844459	470.0306041546516	5748.253278130004	4.0543551626652805	3825.448399996134	156.66275301044803	477.74998292767265
132.75	9100.789970114241	22.189176689907445	1120.1966556111845	220.11756548603654	476.72709521523444	7547.1538650793345	23.55178845329001	1908.2164791767318	373.18344816762414	476.38160023671924	6160.851990405963	25.347035114024173	2617.968338127088	505.82811020513594	472.2578039733654	1714.1203640608808	14.060112215364999	5456.72779324846	729.5887489838044	469.8269651368002	5748.247160794146	4.053437908952102	3825.5675151108467	156.58413046084723	477.7540629853334
135.25	9100.944618151862	22.187177833094577	1120.1719055739295	220.11231617064624	476.84844397585624	7547.097923092587	23.50838541375221	1908.2865338812258	373.19760166502044	476.50471093105114	6160.140304478893	25.353984433449803	2618.526377562786	506.0968316295677	472.2921604382068	1714.1126926404456	14.05920076865775	5456.89551126213	729.3781940953502	469.9845636515985	5748.179683906022	4.0477222480634145	3825.9303850506344	156.4184593815033	477.86412361002823
137.75	9100.978216552263	22.183351241546706	1120.121499152785	220.07923143087837	476.8364712285099	7547.099600932114	23.414543387585965	1908.149703945919	373.14152187580567	476.673444138636	6159.094986216571	25.365583789321768	2619.06546343039	506.3711976527124	472.28860308372174	1714.1425171356984	14.058677069993134	5457.0465420601195	729.1610208930775	469.89765441508206	5748.095479631249	4.047218274903704	3826.372317742262	156.21206112501946	477.82531327420855
140.25	9100.839556525594	22.17766177399521	1120.073194007122	220.07066361544395	476.9559299212572	7547.43371541983	23.617467630951882	1908.0080562507187	373.0690307689098	476.4086150851618	6158.224112960784	25.307214619794074	2619.6410516337514	506.5918504629494	472.6578729846223	1714.3122266406504	14.054914833781806	5457.24414974421	728.9050069827017	469.7669449364172	5748.100086994934	4.049908438320018	3826.640815601137	156.05584042230777	477.84869816691156
142.75	9100.912007509321	22.174781045638642	1119.983329481932	220.08887219246668	476.9568167835794	7546.338619404926	24.083041115540517	1908.7623999252603	373.34821971415954	476.4720872552227	6157.628185195664	25.22167233741886	2620.061143518039	506.7959740598346	472.91408254660973	1714.5217655204967	14.057271728082307	5457.4043980773695	728.6914950892954	469.88311517447033	5747.927508304442	4.047665425629987	3826.9629088414445	155.88566029834746	477.90114241114475
145.25	9100.841490587176	22.179056164730277	1119.9854732912736	220.09566323131196	476.87673905296543	7545.016677948094	23.630640932739134	1909.801528743872	373.7389370482265	476.8125441427014	6156.939709205746	24.870408001200786	2620.445445234753	506.93032331587204	472.9938202890173	1714.5959245548768	14.049887960927423	5457.573535137553	728.4912809454994	469.8598008284572	5747.771257491394	4.044861994582196	3827.2343828050434	155.72792355048924	477.9079201043193
147.75	9100.880744031763	22.165558302935704	1120.0325811874488	220.11901527377984	477.02374506867955	7546.423200806942	22.834427952902697	1908.8739027318707	373.4052524561222	476.65468972457904	6158.52948103671	24.074755280741936	2619.3257291596915	506.54855087810586	472.7121102684787	1714.5878422125109	14.04799188341385	5457.760622284437	728.2902406646161	470.12564910180396	5747.48861281351	4.032770366035756	3827.950149948655	155.37030306252078	478.42409530237853
150.25	9100.970982122206	22.160764022435213	1120.0343940631149	220.11902749192322	477.055884328744	7547.472012129742	23.211326162944307	1908.0925054363781	373.1368855826426	476.81290240039937	6160.637942131863	24.141301988579567	2617.8447817229817	506.03948070626893	472.33401728875697	1714.6033225855447	14.045425192242618	5457.99224758359	728.1064767184646	470.3895746086908	5747.31026015684	4.017282063665656	3828.589434467797	155.0393525881515	478.06438057563963
152.75	9101.033608890857	22.154015284052466	1120.0019409317374	220.12004492781617	477.1808393751482	7547.906744241488	23.44390454522229	1907.7862730098188	373.06491335640726	476.8541119355125	6162.478738860909	24.592830317254833	2616.5805185250892	505.6231751870422	472.118793332588	1714.5524270245398	14.031229554200888	5458.100197769762	727.8735528755146	470.32313663434303	5747.083960716991	4.013363901091543	3828.6523186641925	154.97722095712533	478.00854345924427
155.25	9101.035014301178	22.147440013263534	1119.9721470394709	220.12405200379777	477.20499401546124	7547.736563763784	23.509590191473727	1907.833321380437	373.0499017089773	476.97274150697825	6162.165008850749	25.37674120734065	2616.776220897942	505.75039274067706	472.0972887257378	1714.6272993392895	14.033270996504141	5458.210957607573	727.6996023545125	470.5184987316956	5747.211972322566	4.018121351823958	3828.6124563163526	154.97681344942035	477.95458915390776
157.75	9101.032559855383	22.14556559900669	1119.9380827284813	220.10815881990425	477.3863014336289	7547.699635950355	23.44346762699285	1907.8244450483653	373.0361622137568	476.8694831031487	6161.3262520545595	25.38945131469151	2617.439147435548	505.9942896120517	472.3927615157375	1714.5663934957552	14.03087943988604	5458.348319303322	727.4864145306879	470.2963455389898	5747.531994510812	4.021778900078976	3828.4824014107285	155.04313588114528	477.97024046761095
160.25	9101.03499816094	22.135520341484195	1119.9424015184413	220.12511607291574	477.54988037837165	7547.76844401906	23.45533167438531	1907.8233526712422	373.0567764697969	477.0303178967798	6160.5612298358155	25.356726303828502	2618.138895393583	506.2653530801022	472.67355176814675	1714.6461004219316	14.032021141090251	5458.491561208426	727.3178955533127	470.28177806657794	5747.376712946404	4.022762533157006	3828.671262143195	154.94542660201293	477.94624871675813
162.75	9100.97985610565	22.119177892475577	1119.9550062354028	220.13425087787294	477.74571019549126	7547.976204715243	23.377483651528415	1907.8455899369183	373.05294242127707	477.1062170461692	6159.546859181078	25.34104775099808	2618.751176189069	506.5122323407142	472.89460692915344	1714.7113436855418	14.03827164953063	5458.718224329166	727.1401468788595	470.3964814185524	5747.396288701489	4.024785864271478	3828.7197148156465	154.9476657638345	477.99187638273355
165.25	9101.069574593268	22.117114013695424	1119.9084918531837	220.14048371293006	477.6849690751304	7548.275760706088	23.223082419437244	1907.6182320869616	372.97235129073806	477.03865528670843	6158.76841721047	25.267490636100902	2619.3665612460513	506.78106074621513	473.21937893513575	1714.7792753530737	14.03892690506273	5458.890730473176	726.9410682554662	470.5196452315045	5747.523334906048	4.026280253902655	3828.7009190346876	154.94698034388344	478.0890101054177
167.75	9101.063226846141	22.12305651179354	1119.8949751929247	220.11440519435874	477.6321988622583	7548.9497718587745	23.054123649692436	1907.1671329501507	372.79629805064417	477.07379564100364	6158.395386164191	24.88344621028941	2619.7817307594833	506.927566210929	473.4869582380231	1714.635456825034	14.031627851754552	5459.054262514286	726.730428427568	470.5334184502273	5747.53495232113	4.026223925035261	3828.851138819984	154.82597295641136	478.08704820200506
170.25	9101.073645941024	22.11544113270489	1119.8957817781204	220.11973211358125	477.7034943147946	7550.102602432962	23.344691884320284	1906.2296546069392	372.45887056712803	476.7726884100773	6159.350684375267	24.479067040510817	2618.991308779149	506.64099061151893	473.3610082331114	1714.7284390487675	14.028931576025453	5459.204025188692	726.5151290474766	470.4475801958158	5747.519633263202	4.013986620135211	3829.022226865528	154.74427697508807	478.17533713580235
172.75	9100.912509219072	22.11316883459526	1119.9293734313737	220.11780573432043	477.64957054468965	7549.006311017831	23.851718355033903	1907.2197947853012	372.81899010500837	477.1393667527277	6159.668621750519	24.925682792906926	2618.677941706727	506.5194318006341	473.1294701293182	1714.6321412591074	14.02495211643367	5459.367158673814	726.3278123560123	470.4748204813393	5747.285112962807	4.015901545486837	3829.1983221943474	154.63584427353177	478.0104186711214
175.25	9100.884172343849	22.120215436443264	1119.953443085976	220.106043535733	477.62230133572797	7549.312490318727	23.207083604485927	1907.0415425301067	372.7179564125933	477.08879710309384	6159.900624775732	24.98603687324062	2618.570972296562	506.47522969669063	473.11234826002334	1714.717145188958	14.019981674779594	5459.504825838118	726.08571465275	470.5149810930143	5747.347600547728	4.011572124048665	3829.0013844804057	154.71841971604022	478.0082022238561
177.75	9101.042956043671	22.127361587839893	1120.032640058706	220.0903507678487	477.5305649783622	7549.358921992823	23.569989214549697	1907.0564455318254	372.72487031875056	476.8910025310977	6159.521968095324	25.15827866839157	2618.7522616181145	506.5389242819488	473.0832345372753	1714.5317514852081	14.010461962031707	5459.668657125652	725.8239115307241	470.3188928092835	5747.4249522549335	4.017251486894537	3828.878886846976	154.81511391547576	478.0032488058872
180.25	9101.14406955816	22.130744770475545	1120.009919720135	220.09937627936557	477.42637120403293	7548.766808673808	23.534716644032013	1907.5393303258568	372.8669592466034	477.0137448719463	6158.914456262549	25.162032110388886	2619.14187619058	506.69241068212733	473.1561641108458	1714.5801637328902	14.004330821468901	5459.867721179219	725.6097852601525	470.23082802067194	5747.289779923695	4.022689993129209	3829.0141201478564	154.76416915190163	478.12992369154557
182.75	9101.169873314975	22.14423142164012	1120.0336640955477	220.10564723860423	477.3130376430532	7549.048806992839	23.323192395216868	1907.2921092989072	372.78864956360064	476.87763739497615	6158.6718030673355	25.088333196868565	2619.4126428689897	506.824135724418	473.1463094878977	1714.5615917445573	14.001562752925144	5460.052835723033	725.399718791261	470.38175722034987	5747.1907766236445	4.027609112137572	3829.192280295588	154.65419332587777	478.0062905037311
185.25	9100.950757775216	22.155351717438293	1120.0295955822573	220.06554675452145	477.137538813313	7548.660813593582	23.538689533268904	1907.4191778069041	372.88872631744584	476.9852702194384	6158.170486817769	24.978692362571422	2619.5576838758384	506.90169923425555	473.3660817511476	1714.5702824024495	13.996483737785843	5460.232532457642	725.1800646303932	470.44708469759036	5747.116761785019	4.026558649891243	3829.2035182578743	154.6123092786203	478.1753806922584
187.75	9100.896136965544	22.164118536616837	1120.1261318155823	220.05410193651693	477.12225770341024	7548.690660162068	23.46533201661436	1907.400078015285	372.8633006137259	476.94382977107796	6158.594551874619	24.711629137407485	2619.30596024282	506.75018690118645	473.33993671604134	1714.508504416392	13.992833354092616	5460.371329300427	724.9756152565269	470.5780458687575	5746.780264610303	4.031348358117314	3829.5611885131457	154.44570051488807	478.34155459201526
190.25	9100.873078829583	22.16892825359821	1120.088305289117	220.0625659533332	476.98697685249124	7548.3866760436995	23.708129273223168	1907.7388361712283	372.977093148234	476.7758507186659	6158.901550781267	24.766547713304607	2619.002286493573	506.6235726745802	473.0534462405845	1714.5868249161845	13.987351754508255	5460.553735590607	724.7823707432292	470.6016451493002	5746.649637243071	4.02707436751269	3830.077534027834	154.1545595193391	478.39801252912366
192.75	9100.742588705578	22.172014555969714	1120.072340734647	220.10084126312464	476.9444705781548	7547.823557300617	23.703630259870263	1908.2533840228584	373.13961045447115	476.7701501069666	6159.305118717024	24.772253228982457	2618.6980151901907	506.54475891705385	473.1386846491032	1714.676002150097	13.987994070661102	5460.715456359368	724.5896244819	470.5596832210344	5746.5096813466735	4.024183642600883	3830.478111744873	153.9576567912144	478.4269240936192
195.25	9100.697496501143	22.179502467624005	1120.0938936178934	220.1166221678161	476.9160213154792	7547.452615229705	23.542482963037152	1908.5510021456405	373.2686446464677	476.92955724981664	6159.837379575377	24.80681746282601	2618.4991697416635	506.4591843018953	473.07615891066837	1714.6205294015524	13.976922256794595	5460.900217748236	724.4260665585742	470.483918561791	5746.1004591982455	4.017435227114886	3830.9538759024035	153.7504405092895	478.4872344785762
197.75	9100.732457115926	22.17705078219252	1120.1281886182637	220.09644891552708	476.96000368533845	7547.574408305289	23.35915599529349	1908.4387896023436	373.20702587799036	476.8528034449126	6160.1186921475655	24.861770954740525	2618.3337409091105	506.4262564173816	473.15473783400694	1714.5963384144293	13.972773751127495	5461.073529762537	724.218514951362	470.37850866162694	5745.885179416296	4.011340095128913	3831.1605597900357	153.60898371928658	478.39631169833126
200.25	9100.813182871434	22.184231714283065	1120.1813160845413	220.10533898775995	476.85638107775185	7547.729902316545	23.393156255418877	1908.3361935112919	373.1536355279461	476.97374067986294	6160.286265174	24.844760102543336	2618.1783552035904	506.40039043514116	473.30757813921394	1714.564673856441	13.976623606400208	5461.270212976301	724.0138560352642	470.48249919878174	5745.720041947569	4.013288957578962	3831.564826897978	153.37575611222744	478.6592787884911
202.75	9100.752718298203	22.182758819756717	1120.1859973895744	220.07453955314892	476.7995477345299	7548.121021711788	23.354284392196593	1908.1205006083555	373.0833494541471	477.0046405581451	6160.23871250543	24.77135472657293	2618.0952925646834	506.3934549055563	473.474597617013	1714.5133401136904	13.969314966127003	5461.434241179828	723.8042688167096	470.6615126571992	5745.467197651703	4.014862829913345	3832.117671092197	153.11709121859028	478.5762747947638
205.25	9100.85151595794	22.165894103872443	1120.2556690380611	220.0563475400017	477.09561380211244	7548.196170692045	23.330072004138863	1908.0675136307261	373.06262755328333	477.1919414158687	6160.7321309081235	24.600724139563408	2617.732142854612	506.26620468672326	473.39462407727996	1714.4596946577753	13.969015065902422	5461.6102317195555	723.5920877525327	470.4942050241336	5745.539413613925	4.0028213289219465	3832.2631876887363	153.03516826668064	478.5499502836081
207.75	9100.806402470722	22.157483653622787	1120.2239921122782	220.07668840160983	477.04541642114646	7548.812129761147	23.168693387068764	1907.7160210628608	372.8918502918694	477.11879031287475	6161.514977857319	24.576022548786238	2617.1602874946866	506.061674290422	473.5163834459509	1714.538708286527	13.964000284817395	5461.772527532885	723.3821967908061	470.42331323984405	5745.2583815041835	3.9971068440268462	3832.4330389046877	152.9293758117644	478.5784151822176
210.25	9101.018332505537	22.167956238133772	1120.2220754017994	220.047036006487	477.0455193566178	7549.367476427296	23.267717116231967	1907.3854987099187	372.75167561648254	477.0354877637416	6162.304805357898	24.757744691653134	2616.7791559055327	505.85994477216525	473.39681873715733	1714.7195169737843	13.954361926895105	5461.870182152555	723.2013703008038	470.56778090735844	5744.918080530888	3.997234810349328	3832.7647391948794	152.76107960590326	478.60278682778755
212.75	9101.01219018265	22.16486285071313	1120.2182655309625	220.04281647820562	476.99772273481625	7549.483411111766	23.504991308052173	1907.2402121137306	372.684015998428	476.89646533311526	6162.385246649959	24.993969908837425	2616.806350866842	505.8909919811005	473.4347987466761	1714.8504774671649	13.955549198596591	5462.0254398706265	722.9963472775761	470.65687888389766	5744.7221819689485	3.9952760332909385	3833.1848507911486	152.59687813921107	478.655017666411
215.25	9100.96656174551	22.170569433355343	1120.1990504762914	220.02403921744306	476.956490106019	7548.610834436035	23.693026523517883	1907.664382394728	372.8418295376841	476.94971772887226	6162.132888265733	24.960638620761898	2616.9965751335485	506.0041178182627	473.3958724163431	1714.818111301817	13.953235029894511	5462.11037846156	722.7952880493762	470.7086339457592	5744.742908308134	3.994328506846998	3833.217192690595	152.53726990010315	478.43405364831034
217.75	9100.982601989688	22.181093547188212	1120.1475374556826	219.93583719587852	476.930032004212	7548.204886095442	23.49856070121795	1907.968473720452	372.9404814253741	477.16094239950826	6162.353351902814	24.848033915865425	2616.8918520472926	506.0320106732308	473.1965175489662	1714.8301704891492	13.94863402964816	5462.164835751767	722.5802426016552	470.72097448869926	5744.8287160365735	3.996547658290954	3833.205442264392	152.56447933469352	478.6638652051767
220.25	9101.057844944988	22.179936345835394	1120.1493322021204	219.9343465005438	476.79408548311085	7548.207852731575	23.40997638833914	1907.918089558459	372.95011498550275	477.3504069971178	6162.530373974233	24.845079166882392	2616.7508680001056	505.98713083532124	473.08474219418827	1714.8746247288727	13.944440344055673	5462.260607898982	722.3729990829307	470.9651253024826	5744.681743768503	4.000440386976318	3833.444343806894	152.47145848689956	478.6692836423717
222.75	9101.032060461735	22.1741603922908	1120.172716186318	219.90392092664263	476.9675615001373	7548.254736481584	23.397216455149756	1907.829086005383	372.9414860688066	477.400659858974	6162.7235991887665	24.83786864589193	2616.698060522874	505.94042966018645	473.09151424421316	1714.9441809254997	13.937396673771772	5462.4608111390835	722.1464841447727	471.13741884905403	5744.377221141807	3.9963446592641625	3833.7258578385618	152.33772865242364	478.64562386805557
225.25	9100.963385407476	22.17583242854695	1120.1579219319658	219.93449907586552	476.8923154471748	7548.413264797618	23.410603236100513	1907.8595270766714	372.9599839310797	477.4151735293097	6162.935748892285	24.854863864333584	2616.6197910278993	505.9035478627949	473.0632429157961	1715.067275873251	13.941678242659052	5462.5087785592805	721.9386362084358	471.24815246738626	5744.427908905835	3.991368487371145	3833.964445736136	152.25188980534466	478.59657980579857
227.75	9100.944425650634	22.183909464957413	1120.096925108347	219.9116352265141	476.723330266517	7548.426798897514	23.495059977721738	1907.9129544228247	372.98144515883655	477.2124061668994	6163.108077622646	24.91631856688519	2616.5769147697392	505.91206045030754	473.0191401226813	1715.1152856370786	13.937018631138228	5462.603503314107	721.7428394424145	471.22098977316944	5744.582546920033	3.987633163645493	3833.9781181600656	152.22999715274537	478.61079575230997
230.25	9100.795704598271	22.189226031624408	1120.0351995522308	219.9531025658901	476.74438680744134	7548.379594057209	23.493713503928095	1908.1189438936924	373.0642774749587	477.37504830130825	6162.9995268855155	24.9329947974716	2616.605440808639	505.933198843507	473.13626924256664	1715.245965488123	13.928185580240388	5462.72511246159	721.5642224885644	471.2239241167318	5744.558973799775	3.985515605363704	3833.7629492077713	152.26171953975438	478.61714558883614
232.75	9100.945301805263	22.18226907696911	1120.0241801348202	219.95129641068294	476.78892962446275	7548.534010349992	23.431822521299974	1908.084727962423	373.0326995482352	477.06945641240924	6162.874033743824	24.93906810590796	2616.6514407049576	505.9348624410191	473.1914752097879	1715.4183959493882	13.924649944336455	5462.863550697	721.3613499009789	471.286241425577	5744.504654345459	3.9860204476207444	3833.7086701486273	152.32533403595488	478.6130414309032
235.25	9100.949232613331	22.18585673502001	1119.9330601024349	219.94608771512696	476.7681672595672	7548.311225691377	23.510490727301395	1908.2422815155244	373.1234091207534	476.9559519117224	6162.636096201757	24.998126212799495	2616.933332691267	505.9920543989539	473.37033950635765	1715.626806905399	13.92427380048704	5463.072157036928	721.18302493066	471.0221762441037	5744.166780158004	3.9844723820047157	3833.890790828414	152.23057025625212	478.576838234302
237.75	9100.963455258538	22.181292596810135	1119.924540483832	219.94914830590164	476.87896784557336	7548.336875024822	23.628352521859593	1908.0489822260065	373.1067185816778	476.81377712058554	6162.4097063000645	24.79400104970432	2617.1575697905223	506.06613177650496	473.612735974982	1715.6337590695857	13.923550661630253	5463.193231236275	721.0440421522071	471.09662513170906	5744.238657397036	3.9852901771932534	3833.875625638312	152.23791226209187	478.6580594290701
240.25	9101.010317721044	22.1434784137833	1119.9310415667871	219.95047557425303	477.39386884420026	7546.886436830015	24.009691452946836	1908.9509005337109	373.4874834021722	476.87340684877756	6163.217590663151	24.625347164691945	2616.507680332992	505.8394146380457	473.31496517933266	1715.7393044553721	13.914421885850194	5463.411529577434	720.8783325444967	471.17891626870994	5744.07056724057	3.98643917864573	3834.072379031433	152.12606679379616	478.75363135430285
242.75	9100.849845381168	22.12140757395393	1119.8728779069472	219.95531635658375	477.790862741749	7546.2482618761505	23.48943553919304	1909.4702199313945	373.7002281428997	477.04140772697735	6162.736758717668	24.95909965475427	2616.8406869503724	505.9890587512457	473.5995963029194	1715.7847720067177	13.904272746203747	5463.582193591615	720.6993704079894	471.279811388417	5743.826540304892	3.9865462987891496	3834.358521365635	151.9650205577388	478.80526863472204
245.25	9100.807734393464	22.076098213056103	1120.0130889330308	219.94838963504307	478.34052337446695	7546.767080242713	23.141232092995512	1908.968216514143	373.5240289766798	477.0027098500404	6163.459966503802	24.524250594246702	2616.461611384142	505.8438678776522	473.4624789973482	1715.7772906872024	13.903151725274524	5463.663576583136	720.5405443175024	471.2402852730404	5743.672879395633	3.975096164302296	3834.6007135735463	151.88796680978217	478.7174491626313
247.75	9100.838423208197	22.05077401254499	1119.9743345918562	219.97456210513226	478.6803665355573	7547.186889158299	23.1631635225286	1908.6137819403648	373.37227456456645	476.9866997284488	6163.49551977783	24.844565796562215	2616.353343992234	505.8350412019277	473.49151962420945	1715.7185809326952	13.904141703004361	5463.738701675878	720.3521672039626	471.2926896855836	5743.651877231504	3.97283759125046	3834.627232464466	151.8807255453794	478.72382880223444
250.25	9100.839039869934	22.02668705958853	1119.9595981890056	220.01772500404135	478.9935619839561	7548.145737142783	23.280520061925614	1907.8293570099668	373.0979791628231	476.7804221248289	6163.46996459948	24.754294162353197	2616.2661937511134	505.80266711736925	473.52446666322464	1715.792116616321	13.90138659470669	5463.85486098056	720.1343297230967	471.1082058276981	5743.524515732972	3.9738726504359096	3834.721988080161	151.81910581484036	478.8908416842133
252.75	9100.75324113324	22.003053169656265	1119.9695457020002	220.04459426769571	479.37630328231006	7547.83895615996	23.638594341757155	1908.2297315401079	373.28353854257693	476.9313861661323	6163.637645125768	24.890257970903036	2616.074257039013	505.73721645076887	473.3047507444572	1715.861047055508	13.894947851651787	5463.902241932427	719.9774742263513	471.1876342561474	5743.269652930615	3.9736562846009225	3835.0398516697664	151.66662878888528	478.97013771207406
255.25	9100.865869885069	21.977686630123483	1119.9711583052863	220.0461306703803	479.66999776103734	7548.2161856569655	23.2171430481098	1908.0268245729221	373.19872901061916	477.0541364187844	6163.166403820509	24.987591058329336	2616.605691660893	505.90194763474005	473.6002075019057	1715.839249630017	13.901502540335803	5463.9451192166325	719.775128687497	471.0490773796222	5743.1027215728745	3.979795550978717	3835.2968377244756	151.5120010295451	478.776492727936
257.75	9100.763385484728	21.94385271017914	1119.8682118803138	220.0844925842872	480.0423512546694	7548.973807524023	23.08435171031357	1907.5864521749877	373.012547302116	477.17496984553446	6163.51485064765	24.590957087628173	2616.174378143735	505.75125447585776	473.42286727916803	1715.8954773041046	13.8956917045066	5464.093051001396	719.6218439643972	471.02166024644725	5743.341442972351	3.977800925914564	3835.1517345600437	151.58808955581233	478.6351484359303
260.25	9100.722792668945	21.92201703078897	1119.8529009146152	220.06750824460767	480.4933139742114	7550.054895658071	22.98094461396169	1906.791289594347	372.72679395635873	477.13173802411325	6163.858114271639	24.847573591595967	2616.1401382874637	505.7105689292103	473.4848304613934	1715.5954833442072	13.885529108643352	5464.193606929083	719.4797377042536	471.0235521230437	5743.256111273373	3.969029114650856	3835.178573041706	151.59327156646515	478.7953618205995
262.75	9100.815392818806	21.88215838949196	1119.9142420956543	220.02973222726965	480.9918750060708	7551.077215853766	23.382220464904776	1906.037473599539	372.46111189663065	476.9648473163858	6163.897907390688	24.543937800028683	2615.9713493370796	505.631763428387	473.3153083214627	1715.7637382011285	13.881698386686207	5464.273444095227	719.3220761823218	470.89642509624474	5743.4697916169125	3.9678953212460786	3835.3513578450033	151.51269566779843	478.8638489540525
265.25	9100.804956686121	21.850926349611537	1119.8650063279613	220.0743564808736	481.35251130989866	7549.627999450069	23.70710166340752	1907.0486007835448	372.8204719045849	477.2542557032579	6165.37540249142	24.527088278573377	2614.7242885192236	505.1738410003651	473.08095349971944	1715.9076530937573	13.879671379355981	5464.38240016291	719.1849515743363	470.72523487151255	5743.648125875975	3.9602715347778434	3834.9131612222377	151.7258315864598	478.32447575042903
267.75	9100.7478696473	21.825396862959522	1119.9646416597218	220.10127394106647	481.83781950042714	7550.586996409346	22.641467348935333	1906.2910799097147	372.5201645513092	477.3399698345478	6164.247481979559	25.446286816903477	2615.5419433729935	505.47677177954836	473.4374584075036	1715.9171601106298	13.880647667851052	5464.456697532825	719.0251642269255	470.82092468329597	5744.070232491568	3.973129946207291	3833.9916375397793	152.17431023563162	478.1778216141678
270.25	9100.609548561262	21.803574290838938	1119.9678033428481	220.14549940508917	482.12569392388843	7552.327423188241	23.063275797359758	1904.9556128996771	372.05299317962294	477.23872414570155	6163.640858293464	25.185173290571992	2615.8954016970442	505.6474402231266	473.60243240908665	1715.9283160272819	13.882132707228774	5464.566892563393	718.8665186276387	470.8102503586829	5744.489532366176	3.980654376831843	3833.008084318822	152.61907811812816	478.13930387718
272.75	9100.78626310563	21.78055683298954	1119.9218836447649	220.11381467792873	482.3528651357724	7551.27344856122	23.735072303668925	1905.539001243256	372.3102965240063	477.57849260633384	6162.37249878969	25.155943805353417	2616.9175433913665	506.0817405450904	473.7761970590291	1715.7844191879024	13.882817680955226	5464.7454837033365	718.7271325999657	470.6716536719298	5744.960216082825	3.987121787301355	3832.323425029913	153.00210281658616	478.21325424282935
275.25	9100.830325475677	21.760444658326744	1119.829728299493	220.12186161728496	482.5967620256036	7551.22415758881	23.078025373392595	1905.4595114649574	372.2579851705747	477.6674918074209	6163.595112720106	24.168534616076503	2615.988504653555	505.78891711711003	473.7075556677319	1715.835701076806	13.877239609862473	5464.864027752084	718.5876104050931	470.64914738105176	5745.09057389415	3.9719084392367043	3832.0337978918706	153.17049295382034	478.4028781796329
277.75	9101.057938594991	21.756502448472123	1119.7486901626187	220.14826404958836	482.70707649119095	7552.158044767395	22.94128416904564	1904.7159414270118	372.02244418976755	477.6085256616967	6164.721583958286	24.881171001407328	2615.2033742252215	505.51230426641695	473.63964713226426	1715.8515342616822	13.868173587592453	5464.93675238244	718.4434415412125	470.6637692621829	5744.895597600936	3.962710210189108	3832.0700908829417	153.097729262804	478.4359633631562
280.25	9101.214727209346	21.74078161887404	1119.740036480549	220.16802729193077	482.98541797994216	7552.814229745145	23.029349294609503	1904.1255920074009	371.8554869226464	477.5193184223614	6163.638503480309	25.126421545673804	2616.0230370636405	505.85234843360655	473.8578040561511	1715.7389889629612	13.869848770653384	5465.0149675419525	718.2915602129689	470.58574015948534	5745.20093981482	3.974047122935024	3831.6865466235945	153.24315241155134	478.07950157416803
282.75	9101.1554334845	21.71608374660759	1119.6621479148018	220.16977091736436	483.20647325027346	7553.6118980555275	23.10712396166487	1903.5506802097236	371.67028656158163	477.4548512284435	6164.92231425048	24.49601394286479	2615.0473788459676	505.5221998344809	473.57970447896963	1715.9325591660793	13.86040940606331	5465.133008787182	718.1002674520079	470.6321811991078	5745.503834368392	3.9651869773625457	3831.149721739048	153.4816605076141	478.1911372990741
285.25	9101.093502850521	21.700951326351873	1119.6380309977837	220.19805811293384	483.5670799037276	7553.933222314729	23.27294568354196	1903.4595803421707	371.6042975023134	477.6333880264054	6164.086869498604	25.29106207819894	2615.7321280512033	505.77999363432923	473.57207714398623	1716.013462000058	13.861722324032105	5465.337242800744	717.9517385295844	470.5957199902554	5745.573651317284	3.9693743889294506	3831.0340717164922	153.54467436850254	478.36019603778203
287.75	9101.044314188332	21.690355690195663	1119.5769403475495	220.2211482282946	483.64374979792814	7553.945514901715	23.21305025345789	1903.4078302490182	371.605733313547	477.8107352698614	6164.34479458051	24.67213081126579	2615.3703425622994	505.6942202700542	473.60057848318655	1716.0281194548536	13.859034037187033	5465.368053777375	717.822596375389	470.7401883430198	5745.636636240971	3.977503582359162	3830.973509774378	153.56909483082478	478.25213369572754
290.25	9101.06805694116	21.674603882767006	1119.6444897270353	220.2077125793764	483.82044978387955	7554.265746019167	23.1518255164227	1903.2269949851238	371.51193072842125	477.7796863908466	6164.60855392323	24.971856069037777	2615.3296489942727	505.6762638634493	473.48855489565847	1715.9237114307289	13.857793378682842	5465.457440196191	717.6838651250603	470.69015080578185	5745.646531028905	3.9848155559924208	3831.0173739210036	153.56961771899617	478.38766243682875
292.75	9101.065179617119	21.671154323352802	1119.6584593579312	220.23280710450376	483.9195712109575	7554.481744430496	23.14095895416563	1902.899202385695	371.4404825804916	477.9082462863365	6164.4254567188655	24.97591431680195	2615.338836939209	505.6831004405589	473.4904098400088	1716.220061802816	13.853511887169784	5465.588704817111	717.5196994874445	470.51939748024756	5745.428915229571	3.986593014451465	3831.3132722849705	153.43773592170578	478.37174303743456
295.25	9101.252503399208	21.6584927252382	1119.5789397559492	220.25381606371553	484.0381286068239	7554.804537114591	23.139513258602314	1902.6651933023966	371.4079129896628	477.83432668115626	6164.30204622697	24.991808144329447	2615.398576002381	505.7059283494795	473.5287623132776	1716.1125803335324	13.84993416034244	5465.645156202993	717.3960811129855	470.61569886835275	5745.3071575674685	3.984710483727451	3831.339418192411	153.44780320060008	478.3860872244028
297.75	9101.128513635767	21.653310251856677	1119.5960940657535	220.2524498861773	484.12115272081905	7555.059954371119	23.127385539185433	1902.5096015402466	371.32202542679346	478.0675956285426	6163.960738201741	24.963352549161904	2615.3655217081855	505.77074393185427	473.5537415109515	1716.2980050971548	13.849759952456939	5465.687748564646	717.2480925627493	470.69394133559473	5745.371698282457	3.987243929312784	3831.5306658090904	153.36217039490526	478.5086373925538
300.25	9101.140967878908	21.642309179327793	1119.566577801873	220.26663197035526	484.27763812015144	7555.316285019794	23.12147119422874	1902.274002903032	371.26691883609993	478.20481985705266	6163.754365870647	24.901502887720085	2615.4145914086266	505.8167112204593	473.67909018227556	1716.3867891381842	13.844852447455233	5465.751846866535	717.1728518541793	470.52188301186584	5745.309459449151	3.9867387745403424	3831.8531909754074	153.19865631353514	478.538052532333
302.75	9101.227727861291	21.63551120909116	1119.5731035756326	220.27303692852755	484.4159584145792	7555.760888120788	23.128895455865695	1902.0254905713562	371.187684478427	478.16964959108856	6164.134657691769	24.727007590035303	2615.262064462823	505.7380196490477	473.78865196818674	1716.6708061922802	13.848990150975858	5465.863240017818	717.070788779263	470.32822077243543	5744.978156897984	3.9865866288653344	3832.1916916336772	153.04386970137628	478.5432147776944
305.25	9101.273828359124	21.623634736304293	1119.5145613424622	220.27107797348967	484.55162781279597	7555.965108690483	23.125840160649886	1901.8576140698221	371.16787474775634	478.26046896909753	6164.677123269491	24.71508234917806	2614.857796339912	505.56238471103114	473.6829362805664	1716.9233948356994	13.846464632723906	5465.969233745987	716.9129020197178	470.3920239852238	5745.174621890829	3.9877395499402097	3832.0971431239564	153.04828328051366	478.3446408747196
307.75	9101.408678720876	21.618418202433162	1119.5562561874872	220.2958316384993	484.7013943022456	7556.210590668543	23.09761382334258	1901.5846049094325	371.0626779894278	478.32061503326264	6164.836503175568	24.81733441681409	2614.6387570771353	505.50375240085754	473.8474900455305	1717.0638304508502	13.84835409122306	5466.077670778498	716.7971408867514	470.2123747415321	5745.278924023081	3.9897719719182665	3831.952989866531	153.14480037772168	478.33923814880325
310.25	9101.360176596743	21.60021652452775	1119.6251134201707	220.33074930427438	484.9761057676054	7556.572845522266	23.066347159559445	1901.3496623609435	371.06517356490815	478.41359409115	6165.125670702153	24.941209392085174	2614.2008310854912	505.4221729012171	473.904103313806	1717.1311423320976	13.84428569273315	5466.185617193722	716.6692730614768	470.101932864455	5745.164588112148	3.981706204900258	3831.8768165799693	153.16497118458682	478.33237695814404
312.75	9101.283128358238	21.588355207749952	1119.663667621763	220.32795332351085	485.049850135005	7557.128015582289	23.01887450767702	1900.8719894237377	370.97874280203234	478.1825384068225	6164.027734363332	25.05185042878001	2614.9108842111423	505.67119473969956	474.1030298918173	1717.3050667271573	13.83970341671529	5466.291094749251	716.5445343169795	470.2955110348919	5745.709653444173	3.989538408470771	3830.948979547868	153.56300562101703	477.6553635384035
315.25	9101.031711254169	21.575080656387108	1119.61779335027	220.34189899897663	485.20804054909087	7557.46794908431	22.938800445640325	1900.764503753451	370.9092701252436	478.59463273835803	6165.6433584937195	24.476775420395015	2613.910396749034	505.2966398187662	473.7350645261881	1717.3550568341495	13.839798052413697	5466.425338931434	716.3925772646451	470.24561326537554	5746.447933279957	3.987622674416209	3829.7059835242876	154.17331782185727	477.8428947990329
317.75	9101.050874652929	21.573885347036633	1119.7057327870812	220.35990176471014	485.3779883624367	7558.553512451694	22.611197589391605	1899.9984136577523	370.626733444457	478.4290462144063	6164.674089936049	25.54073216905442	2614.4458325245882	505.50641325676287	473.90301446654814	1717.451485630847	13.841423273719398	5466.5368125952855	716.2911867809652	470.62967287641624	5746.58357004306	3.991304825083494	3829.64062929407	154.20687449058494	478.43763753972434
320.25	9101.07350744676	21.553290559436086	1119.6906203509345	220.3787964846455	485.6203783317118	7559.794185605427	22.63760901140537	1898.9869723973118	370.275450673828	477.93623640737354	6163.404583331806	25.50502330146852	2615.2923533032504	505.82628500930673	473.7261874878733	1717.6811934683649	13.84109008385349	5466.6017587187625	716.1668912368823	470.60985473481463	5746.313327270305	3.9996886603520796	3830.1463093986486	153.93185812163048	478.39889357235694
322.75	9101.020326480142	21.534927692561965	1119.6439235232567	220.38895620495333	485.8973104739639	7561.062966993718	22.61070631851671	1898.0634128394215	369.95059446219193	477.9752178553759	6162.046175807958	25.21001004884377	2616.3035717077323	506.1901998904663	474.1598196565056	1717.6160682072045	13.837045782215114	5466.639948687237	716.0311840585078	470.58989684135327	5745.999326637666	4.003501139751775	3830.586240177635	153.73239329466534	478.43041917792584
325.25	9100.97570213531	21.520729982643704	1119.7263065992875	220.40897510797816	485.9736383752012	7562.516372352558	22.551981850507893	1897.0379267499968	369.61811958671314	477.86798381873405	6163.15285240945	24.69843438734419	2615.4955498279155	505.9148931037644	473.7935590012477	1717.3775520667105	13.823375583599123	5466.736138585809	715.9354601615812	470.5876492447794	5745.9794911474455	3.991198236289439	3830.548254390024	153.74435592267406	478.1178541380918
327.75	9101.007542148973	21.51896424495227	1119.7694715316081	220.39700004489492	486.02483909432476	7563.84411725565	22.812612726748384	1895.9051620087675	369.2385332020577	477.57923409447085	6162.618072339765	25.44919032939713	2615.9412830586566	506.04408911955284	473.94626114102084	1717.363819398865	13.824497835073954	5466.814065101934	715.826020163303	470.6443218973887	5746.273859316048	3.997022970572274	3830.060595903528	153.9006481459948	477.99456325112004
330.25	9100.926899974856	21.509243295967973	1119.7677030674192	220.4632728621926	486.18368999050966	7563.693910069311	23.352014073380744	1895.9572295150078	369.2836607019542	477.79722867039516	6162.342131378261	24.75606394686871	2616.1820657807584	506.13509809087293	474.0785689951514	1717.6186932809642	13.826617814541887	5466.840372525941	715.7327271978717	470.54677654715715	5746.556872106924	3.9974460624212673	3829.838494039358	154.01013977124518	478.20604432673446
332.75	9100.71397289574	21.50483986769606	1119.6716434925138	220.44726701360116	486.23440502140244	7563.196593956385	23.34339284791308	1896.3194783561505	369.4336264140641	477.99797889214244	6164.226693123874	24.041572186827832	2614.7300215750765	505.64517038122176	473.9770269456161	1717.6039691328717	13.814535385191364	5466.913539151848	715.6213370288216	470.53629114414554	5746.659511858684	3.996363890715549	3829.8371989735	154.02068929454734	478.1387958930434
335.25	9101.086189649142	21.500840093800143	1119.5979968308045	220.45023171473096	486.26229401807404	7562.859955580693	23.216775509775182	1896.5908541072065	369.59255680966345	478.26812676926363	6166.207626523452	24.49157683512565	2613.329444131462	505.1217912634182	473.7150609147116	1717.6636201826786	13.813312509571183	5466.929182696895	715.4867469811744	470.6828109992541	5746.506541436989	3.9832269129251534	3829.78872170063	154.00558863034507	478.23144558022295
337.75	9101.255167198251	21.49913830316003	1119.4960305899774	220.46160125100806	486.4021081884954	7562.935765339591	23.10511160498115	1896.546668416773	369.60106688896064	478.27471040799287	6166.244423366797	24.885229950410487	2613.2276274341243	505.0698588798368	474.016214787055	1717.6377541986344	13.804252624849228	5466.948374275224	715.3571320906256	470.62525692866393	5746.615401272068	3.982207096516056	3829.7701328006183	153.9285854815489	478.1693063312496
340.25	9101.23620276852	21.49154034320638	1119.4903417333844	220.4356601293957	486.4792956533875	7562.923541932944	23.151697325398956	1896.558259665232	369.67439703723625	478.6012726586634	6167.229545639866	24.524314671815986	2612.532301144864	504.85889851737323	474.0553706035921	1717.752188746094	13.79649463890782	5466.989473711815	715.2623349922357	470.50200161999084	5746.71205060077	3.986692397894714	3829.688281005499	153.94016550390324	478.156242094328
342.75	9101.4328242224	21.48494311229002	1119.4642196277364	220.45887773189503	486.5484573610356	7563.09944565838	22.996610802646423	1896.5673704066899	369.72328383919455	478.65174026827015	6167.849121435162	24.993238826759118	2612.0460980170164	504.73765451946747	474.15299767400546	1717.8263093484263	13.800685118580033	5467.026656512562	715.128331145967	470.65196159418656	5747.00388153595	3.9848306766265233	3829.391838071454	154.073391261824	478.14422015027486
345.25	9101.584979714693	21.477533078922228	1119.426587209052	220.47142428700613	486.6857598019236	7563.630525181366	22.957019089436084	1896.217079399389	369.61835113574716	478.46236857523564	6166.839924090412	25.07268003869639	2612.8001630772865	505.049262121828	474.5107667438226	1717.9739291377637	13.809602887670945	5466.925644990579	715.0129943569898	470.57681231306276	5746.705770940403	3.993558089699332	3829.6497124259085	153.93376814284161	478.39992302445097
347.75	9101.639946247637	21.466118197682366	1119.3666457212323	220.4925491621734	486.84701535555376	7563.426490769069	23.037192317899905	1896.3430981515296	369.66970496093444	478.6631632292238	6168.4731762313695	24.293786953824497	2611.726939511445	504.6823270206283	474.5323571832065	1718.1083540678078	13.80933909299469	5466.926609905221	714.8836904048851	470.6623291935047	5746.572464925032	3.9891205368669183	3829.659191961123	153.89990383981902	478.2217526507286
350.25	9101.826169328104	21.449195081331457	1119.3303486180575	220.48120387856895	487.1010934531022	7563.872691217419	22.728454356319148	1895.7906885668485	369.5167978618926	478.64265880646144	6168.627285390602	25.06682949926047	2611.608805014563	504.6773769852413	474.44537026514456	1718.2341726039938	13.804049377928214	5466.974024263747	714.7557157588619	470.7749377563842	5746.664377349036	3.9925978490911547	3829.8369721232543	153.81982796484886	478.29915547271327
352.75	9102.005392751136	21.43809780484751	1119.3173471152527	220.49685986953685	487.21178903775035	7564.72846572703	22.744876595090883	1895.1830334861756	369.30429869484755	477.9327388414931	6168.474322890745	25.218835848231063	2611.7317502934893	504.7505871902954	473.98428172990896	1718.2624591865213	13.806421835527882	5466.937940439015	714.6648378825939	470.8934378501308	5746.740453308222	4.000463784119085	3829.813599716257	153.8055331116717	478.23496333630567
355.25	9102.045987976326	21.43389681664734	1119.2873682772079	220.48879516202553	487.3026759943571	7566.164143751609	22.666557311575733	1894.4625551486772	369.05928618722294	478.0652592418892	6167.3295583550525	25.520358302448937	2612.657620375657	505.0540461427901	474.1215063997546	1718.3659197432653	13.80746545041129	5466.973045904266	714.5372106201282	470.9504520735516	5746.633624419087	4.00962159517445	3829.7423910404195	153.8267505607613	478.1665139735557
357.75	9102.154432159827	21.42998896107608	1119.320739988797	220.53320585536702	487.3862053971282	7566.921683998996	22.698102074801987	1893.6913993838984	368.8175851769964	478.36567671971056	6166.717998722247	25.14638164439645	2613.3315722660927	505.3141638318518	474.24209973561693	1718.4073957799585	13.81085156632613	5466.905408636924	714.406357939665	470.6685851559838	5746.576854404004	4.011204129912615	3829.851397483134	153.72107088290284	478.4311339008773
360.25	9101.939993462802	21.419924267196738	1119.2769281592844	220.5344433325691	487.5866135378322	7567.757901688332	22.717202950646985	1893.1610243908226	368.621501427328	478.51223220503334	6167.006185699464	24.884979863843917	2612.9504513558345	505.2508050869574	474.16456463906763	1718.5503688526153	13.813253223464173	5466.90147145207	714.2735772232362	470.65710808649413	5746.4846367185755	4.013128667810934	3830.310730726722	153.5057876388923	478.5165937055354
362.75	9102.125071108643	21.425346596306195	1119.225719929196	220.54265180322642	487.4358016879688	7568.799422032499	22.63976808974781	1892.5418964099802	368.40991842407726	478.5112346233918	6166.717262904005	25.34418626078363	2613.140445292789	505.29226357033275	473.90791063206694	1718.7616926087615	13.81589358832295	5466.934822099896	714.2118501503431	470.64250728420836	5746.516844211229	4.013539854838477	3830.6463077920184	153.32365460739445	478.3975851379055
365.25	9102.070278163083	21.413022686544828	1119.2585881277164	220.5467301428758	487.70364099838406	7569.861126324447	22.627266056014598	1891.8388117855748	368.1769850920021	478.5926397869421	6165.637931291776	25.353464405654847	2613.946899437716	505.58771988522915	474.1962228083588	1718.7517318228854	13.814482351768007	5466.947916620549	714.0827932996034	470.5936416721646	5746.463734416692	4.0129306721503815	3830.3244615063536	153.47158414542523	478.16297714436416
367.75	9101.93850653658	21.404677197649	1119.247393308002	220.54823691169943	487.6890625770921	7570.688605949075	22.648638914713064	1891.1637440540428	367.98898367480734	478.3002488481756	6166.056467339317	25.00385433762242	2613.638561612288	505.536977470623	474.01210280058405	1718.8429481507205	13.817827448705225	5467.121521206701	714.0064606613716	470.6588516086452	5746.513973834806	4.017987889580513	3830.157101161938	153.53496421988388	478.27502014206084
370.25	9101.924509174256	21.395210592703283	1119.2866676758688	220.54712143984875	487.9193618987647	7571.647810743539	22.599204414881864	1890.4789614536587	367.770658021226	478.3790058415343	6165.558833913767	25.513414545349967	2614.0088152516105	505.68826389604465	473.9525785094604	1718.9773144167154	13.818302817461854	5467.147685336555	713.9263926734315	470.77652827610876	5746.556768490329	4.00595373031262	3830.101756787668	153.5565047309816	478.2730027235381
372.75	9101.82480681058	21.382495833869886	1119.3262161028201	220.56372931848384	488.0605224336234	7572.4095010981455	22.601202005736837	1889.7405623387813	367.5733180549714	478.4904967796938	6164.743309219033	25.286245959335677	2614.6042952726034	505.9632605041332	474.1919121345559	1718.9325701412713	13.811929894654549	5467.164777129744	713.8057430148259	470.9119415497126	5746.552093944167	4.013485766766622	3829.9592043707994	153.63403686063657	478.1548359762218
375.25	9101.58173482729	21.381789481407885	1119.253434603639	220.56705376183456	488.09054414750545	7573.29709240076	22.612256854863347	1889.15905157831	367.392528216813	478.54304662901535	6165.312136251156	24.77937260476971	2614.1170825788904	505.8443193690927	474.2832339065291	1718.9212398434584	13.799944425536179	5467.309555577064	713.7347519112024	470.87866853388914	5746.588265037638	4.012582316915278	3829.836780702599	153.72857665148175	478.2805774863836
377.75	9101.552777030103	21.383589374238532	1119.2868079607204	220.54123593416688	487.8857922860972	7574.012679273398	22.592372343592647	1888.585740352595	367.22114298136864	478.7314399649602	6165.953060015782	24.85389677037808	2613.5871533221593	505.6410414694253	474.28413849804826	1719.1854523863367	13.796588231319786	5467.351266414563	713.639910662379	470.7010305149303	5746.456875604639	4.006671312733076	3830.037977555394	153.68224481427697	478.3768617843447
380.25	9101.464574136005	21.381748903797806	1119.2736849640132	220.52888272209134	488.0431259339584	7574.939144071773	22.58571662535047	1887.957774357049	367.0302306856675	478.786660286991	6166.4967752047105	24.839153039520415	2613.11425617299	505.47900804889423	474.3404165160377	1719.2282344709836	13.785903790495874	5467.270656656288	713.5558645478932	470.75137117521655	5746.201805837462	4.0052483596985695	3830.338183249591	153.58766799121116	478.372843035077
382.75	9101.646832233313	21.39160547567335	1119.1979336027323	220.50759148606664	487.808995632834	7575.736236939231	22.605380398726624	1887.3758879040297	366.90418820451214	478.7817200628125	6167.306240567767	24.71846798251416	2612.406556454538	505.25443503271083	474.44297958003915	1719.2754710340348	13.78248983039249	5467.193322174066	713.4541718927934	470.6717594491317	5746.085335296637	4.004343341967646	3830.474431847155	153.54882017693546	478.3363353819321
385.25	9101.577519529157	21.379855223087976	1119.163015348412	220.5593449564638	488.1347622904796	7576.487223361551	22.58443989033967	1886.84690338481	366.7709431814282	478.8425562210557	6168.173731595435	24.75788600865726	2611.717374955802	505.01495084114134	474.4816330996191	1719.45280096999	13.777867352289519	5467.208222985966	713.3873746999851	470.54496530929526	5746.082657141698	4.002808776268802	3830.472900908342	153.5647989317754	478.287907135746
387.75	9101.684388214411	21.377545519998097	1119.1934367805097	220.53292286856194	488.206904423446	7577.277812526983	22.551916705810203	1886.3046196119953	366.6293982958864	478.8654185143909	6168.918881948623	24.943078356677894	2611.275564275874	504.86466054371755	474.39377380271213	1719.5414105850662	13.778737682839372	5467.199887521629	713.2900250253382	470.46685112270944	5746.060790966094	3.995909647093027	3830.570873110692	153.53072398624906	478.4220233860822
390.25	9101.584505674089	21.36411286606175	1119.1100457383234	220.58358442175435	488.4087980543236	7578.149159518095	22.506977521645496	1885.7270902013838	366.4538196130842	479.0890400699759	6169.0881859691135	25.085932040259536	2611.120305381134	504.77867165815144	474.39985746805155	1719.675658789854	13.77463185319826	5467.222169838881	713.1931814632146	470.58202696688033	5745.943067264667	3.9961335794895976	3830.7056815014066	153.46328425031277	478.43940111908665
392.75	9101.627856506891	21.3433834193961	1119.0917136351236	220.58221070014926	488.62048570217246	7578.812629119591	22.484287506680246	1885.0977643302574	366.2834822279507	479.10722257243464	6169.202885129798	25.149568993846557	2611.005407475713	504.76515601565535	474.265665812889	1719.6613156824812	13.770757369974984	5467.223225543699	713.0698829656513	470.34800356044417	5746.086048669678	3.999309710588815	3830.435802179301	153.64865180265923	478.0203442898876
395.25	9101.668467108911	21.34705638303314	1119.0376538768255	220.62048765517193	488.5623222496926	7579.694295105595	22.46191456844792	1884.564313484841	366.0704667445161	478.9872524044182	6168.884154311037	25.35388135553509	2611.066368779336	504.8509356802428	474.05659173462425	1719.7586652962918	13.765179664745672	5467.187581152072	713.0044089884332	470.55432625510116	5746.298404485192	3.999699728662738	3830.103745302727	153.8289266038599	478.139920333596
397.75	9101.624038089954	21.343793679540966	1118.970424194049	220.64552835667175	488.6881099964992	7580.405845009689	22.456571978703572	1883.9466871434438	365.865761200918	479.0545129233884	6168.16107094742	25.36209992048754	2611.454941926448	505.0621474266984	474.3387120754253	1719.8224568495768	13.769334132261967	5467.182844736345	712.9241072531102	470.5640516637193	5746.392136280285	4.005066234800432	3829.6482998813003	154.0317376709655	478.12814714188056
400.25	9101.456479674207	21.33603606961366	1118.9225391796085	220.664663959783	488.7308134374327	7581.205628497041	22.502386777576238	1883.341596095272	365.69525681812036	478.9119504710205	6168.2171613507935	25.042341124949992	2611.4512688099007	505.09271206841026	474.4174822363932	1719.9075023608439	13.765238410186663	5467.203592554719	712.7843353697665	470.30663422912033	5746.15810183828	4.011067616411016	3829.961067854451	153.82000010897576	478.58640125862
402.75	9101.289845039171	21.33718994668939	1118.9148445377386	220.65722268603668	488.7279279782587	7581.9682872580215	22.53640920776751	1882.882905831092	365.54484099879863	478.81923429028916	6168.940311585572	24.89438215678606	2611.0177284454253	504.9881480670602	474.45430383731224	1719.9485967910568	13.761774652386578	5467.281417080913	712.7411734140464	470.41728321170183	5745.917637575007	4.010568605236108	3830.5067146114834	153.57222558164062	478.3425343183648
405.25	9101.362928169472	21.337648262870722	1118.863966067572	220.6516997055946	488.7494063266778	7582.377396643272	22.581628797853018	1882.4106843429236	365.4335335144511	478.82447018728067	6169.8003900079975	24.683589309648088	2610.426016452081	504.78828888894475	474.65109409463156	1720.0372116533508	13.765380629127673	5467.278743073772	712.5994146893963	470.4589510304621	5745.948898283445	4.0008805993702365	3830.441075654404	153.6445844821208	478.1352907510899
407.75	9101.256248173515	21.328602733966296	1118.8546263662465	220.66967967110205	488.8953522343499	7582.718772725468	22.592014163225407	1882.1549161462904	365.408512565031	478.9534378366557	6171.640448626751	24.58551143376444	2609.1342486185868	504.32744183868607	474.3112745691779	1720.0550755458223	13.757547203412027	5467.225751479216	712.4625522017519	470.34644195765316	5746.160328826796	3.9987489940317067	3830.1464238813396	153.74667953221592	478.2173205183933
410.25	9101.294529833243	21.313175494749622	1118.8699659300657	220.65476102890042	489.0543830307263	7583.21794622663	22.462682058487186	1881.6806493906395	365.27694466610546	479.0009370492316	6171.894392345657	25.067748714095217	2608.853359062852	504.2610703107079	474.56756941065095	1720.3170546814185	13.762615783827288	5467.201836802987	712.3823371889415	470.35911465727423	5746.234980288049	3.9996945493169145	3830.0605495595564	153.75700063099782	478.2304224457875
412.75	9101.421464691182	21.307581401159158	1118.8875943757184	220.6480427491868	489.09732515417494	7583.861810357819	22.49322149187457	1881.2510057936588	365.17841773697955	478.88516839182904	6172.533214900004	24.988762667558703	2608.6082972771555	504.16178167647496	474.42042594708084	1720.1608383263663	13.759137622295658	5467.120845773125	712.3099229203729	470.3603779701634	5746.414499966653	3.994291527101118	3829.9400363571062	153.75429957876307	478.2273040730601
415.25	9101.349359098293	21.31671578788444	1118.8193404947942	220.6554480376223	489.0428775694426	7584.517761365638	22.462507402261426	1880.709689775882	364.9833793173251	478.79296162522047	6172.7472997334435	25.118872925101236	2608.362594940023	504.1751420819425	474.57127117182165	1720.1857764751694	13.759280465400717	5467.137973750027	712.1880423458113	470.497342506063	5746.487928564004	3.9912826771489187	3829.8783872863255	153.7803993231181	478.2415029845279
417.75	9101.211999055768	21.314322753877835	1118.859636173714	220.62244681037208	489.0884375423457	7584.90563269304	22.490755537463254	1880.168736188041	364.8680308575524	478.89744389782595	6173.113454832543	24.97826214573323	2608.183688905062	504.13424900521045	474.66316166287845	1720.5462703649348	13.760248220881815	5467.081736586204	712.0859009982352	470.65616519655185	5746.406803603802	3.992374131139677	3829.872460905764	153.76935162463255	478.2607256531042
420.25	9101.419356329523	21.314422873595973	1118.7696717372155	220.6478939636085	489.10424092213276	7585.436149014354	22.512195456945435	1879.7301755955648	364.8061293812753	479.0364177120448	6173.7279546047885	24.854326220456876	2607.736164795912	504.053456962171	474.7251151237505	1720.911172895411	13.757769169493068	5467.044966556656	712.0286533985422	470.7813630592589	5746.581750346665	3.9989872153482815	3829.7585819126916	153.79545481923535	478.2945450426419
422.75	9101.355614273481	21.31502991770471	1118.807420977679	220.67968619837484	489.02182160742177	7586.0779171369	22.486900747639375	1879.2688627357481	364.7304833923322	479.17328421863203	6174.30457447348	24.910951542442845	2607.201619418284	503.9188289819374	474.72739806531916	1720.8684134687671	13.760511490401607	5467.033929228656	711.9461195034714	470.90454350884426	5746.632249130775	3.993531418129783	3829.8180489628653	153.76592596036056	478.2693977654948
425.25	9101.551616753715	21.3076066581712	1118.7763363961085	220.67449022197715	489.1324311668992	7586.784134010117	22.42346881500143	1878.7736756462373	364.5781456731359	479.37184212158223	6174.734965875989	25.07151162600262	2606.929885919853	503.9046939643544	474.5859718993059	1721.0712705908138	13.755833168578311	5466.902959604205	711.8482188280216	471.2187798268273	5746.528873038778	3.9914300542320236	3829.9333371540615	153.67562903129206	478.3435489174312
427.75	9101.580795385249	21.308696292553797	1118.8314707871104	220.6488196809895	489.1979501104524	7587.223920789171	22.414693665006435	1878.2717166842076	364.4809615241576	479.3834145268156	6174.92925765214	25.119514149917514	2606.7558509383807	503.874923991009	474.52565508335505	1721.2118273889037	13.757537639669932	5466.781112710377	711.7566256864859	471.23910979566176	5746.254359207236	3.996738969824146	3830.1263548358415	153.56777863375552	478.3781694880248
430.25	9101.500707804867	21.300928811108946	1118.7552941870733	220.64134003632375	489.36798280759405	7587.809363631345	22.39811947062364	1877.7980806844969	364.3723977805463	479.50127420009153	6174.99667845994	25.110394526814627	2606.617235386557	503.85865885005956	474.7181492021115	1721.1785151892727	13.75771979375164	5466.724236193666	711.687719444473	471.2219697924125	5746.067160966232	3.996608291818634	3830.454281727632	153.38155226153737	478.4009686186853
432.75	9101.524795892241	21.28467796276222	1118.8050830388993	220.65347632469815	489.5072252855781	7588.347404387807	22.403753078558857	1877.3443963009206	364.2659303500773	479.78553421583604	6175.100828683576	25.036767715830315	2606.481565308045	503.8874338780134	474.7841869800621	1721.260491367861	13.759388507903266	5466.583839127518	711.5736108573652	471.1147948588605	5746.30790756604	4.001154760924484	3830.1610231326817	153.51197340429135	478.1552501105721
435.25	9101.503053841918	21.266358569229904	1118.8622846371807	220.68543225556854	489.79210826347855	7588.677817524008	22.425544680352044	1877.0475755428704	364.1463807897141	479.64424895068817	6175.650061210312	24.9590837309436	2606.017307146167	503.7750161242016	474.7061456205278	1721.512987436833	13.757479515196302	5466.536015445842	711.462689460746	471.2088394588356	5746.159457563561	3.9975551389219186	3830.167622086035	153.5131770425921	478.4157082142842
437.75	9101.604591107787	21.266773535594485	1118.8982914379897	220.66788488834732	489.7027577414216	7589.070482770183	22.394908954516122	1876.6685619844075	364.0448516451453	479.52808848126483	6176.052217681774	25.087987386168574	2605.6977336285813	503.72486779053907	474.73936975612645	1721.612189467702	13.753747026691224	5466.470647330409	711.3610910493098	471.12883315184087	5746.177845983688	3.9910393610845833	3830.4179290830634	153.3768016266614	478.41187269633593
440.25	9101.679908849303	21.26659790773486	1118.9300983529056	220.67252118984604	489.8296586958289	7589.69304679207	22.435524628227487	1876.1829468032283	363.91982901559095	479.6382099382094	6176.162355632056	24.924710649791137	2605.539011135161	503.7023179249699	475.0277770076183	1721.8829229103774	13.758462902996596	5466.390218769723	711.2607188752014	470.99008808559404	5746.439371701482	3.9908985248494067	3830.435631242491	153.43690326026996	478.225217958951
442.75	9101.766115537717	21.2504990739081	1118.973881870586	220.67418847007406	489.9659168459688	7589.815658495051	22.497287313669936	1876.0623457819556	363.9186680902456	479.4788167935439	6177.181663743285	24.71501378897756	2604.7837743260893	503.4740311005338	474.95426831686507	1722.2241917807305	13.75836095657892	5466.305208283237	711.1897473943732	471.08869431621736	5746.59522214569	3.983517179860443	3830.1604652422375	153.56957461665976	478.25609653788155
445.25	9101.828043558266	21.25857941898368	1118.9556651624782	220.66004398531308	489.8853404997517	7590.261015135754	22.398106536911275	1875.761565950836	363.84077495572024	479.44618557921495	6177.766338590832	25.026949498139125	2604.3624261102946	503.4057991183473	474.7076231452976	1722.4216163499045	13.760553237540062	5466.210942853665	711.0573592794993	471.11863044225146	5746.884544551062	3.9869710503250255	3830.098369209652	153.57643746425177	478.24246359451774
447.75	9101.93846464372	21.246683749805914	1118.8697910410801	220.6580299234926	490.09851239073964	7590.636935936606	22.411914609712532	1875.3794380652225	363.76553656964654	479.2877018810861	6178.282406439884	25.038993601298625	2604.0785143480753	503.3538996497745	474.796693213806	1722.4881590055923	13.75642584721538	5466.192651052337	710.9542496569107	471.2051796089384	5747.008187292191	3.988020413884696	3830.1302937693354	153.5440400254532	478.4304071767571
450.25	9101.819418994459	21.233499342999195	1118.7557370561026	220.6880803157067	490.24685967362564	7591.075194867038	22.413595006916577	1875.0372069756095	363.64916949823527	479.3576845617337	6178.6328260846985	25.008715748823455	2603.84787456772	503.3017166383034	474.9064659766604	1722.8637946895894	13.755791121449604	5466.060695993213	710.8379517108337	471.257390886558	5747.1247675149925	3.9915685364169953	3830.2521939410353	153.44663252627512	478.3126036637617
452.75	9101.923255100839	21.23043849663311	1118.7668663610834	220.6718283454889	490.2539194294065	7591.5418260309925	22.44144683412098	1874.7551172330086	363.58713051526894	479.41523768686596	6179.105892381084	24.89777506308101	2603.5384400722346	503.23062518694127	475.1338173651468	1722.9277138295786	13.754283797806224	5465.925602317235	710.7198212442498	471.33390061528934	5747.301065661318	3.9913509018165203	3830.1744576155147	153.50919390107447	478.17906932978326
455.25	9102.272012623513	21.24349044414731	1118.7479183126195	220.6299702247573	490.18709449154164	7591.612293978536	22.505055799621832	1874.5279649586926	363.5498358560617	479.37946231181985	6179.839668786145	24.7241911458684	2602.956193037657	503.0703216088337	475.1586494889962	1722.995458378751	13.760202241013351	5465.805241702304	710.6736791262821	471.03058443965637	5747.214114637683	3.988481594883569	3830.313771126238	153.41998835041488	478.59133440467764
457.75	9102.344762109511	21.238762711366103	1118.7565142614756	220.63858182145208	490.12183970161806	7591.7886698785505	22.558201679092843	1874.3257614200977	363.53606357282507	479.3448173122519	6180.736683551123	24.587337891684932	2602.263793151113	502.8324498702982	475.2844006343329	1723.0348215597414	13.758382998181206	5465.677080181207	710.5998124664476	470.9041349173715	5747.100027432935	3.9906970192550375	3830.73666942165	153.2184379501773	478.41610252451477
460.25	9102.472595557447	21.242097346454184	1118.6991137102978	220.62516411788403	490.1418792698521	7591.558788256485	22.569043511601695	1874.302992725731	363.61039534166247	479.7983452362578	6182.116802773125	24.46167412458978	2601.1536772362365	502.4645863983377	475.3352408715236	1723.2810584197337	13.75585125995223	5465.602293137628	710.5061069973178	470.9228162966448	5747.252520874597	3.987693381642875	3830.4174230952694	153.3523828367544	478.19123703321225
462.75	9102.650181195739	21.231671005744662	1118.7284460817261	220.63166980131737	490.3083484622909	7591.762721353729	22.446563276654853	1874.1320376966053	363.6206970419562	479.8760086073555	6182.942393942514	24.743446594040996	2600.403950554402	502.19555834003114	475.22224161389437	1723.5793800188424	13.756667165554077	5465.585621897361	710.3976504878415	470.8588651024835	5747.256789267826	3.989508098148818	3830.241647872857	153.37635423885285	478.39403021170284
465.25	9102.423681146374	21.23649783770389	1118.6301489206264	220.6412559993102	490.16119935402	7592.4012095248545	22.36721188916591	1873.8449845846142	363.52270647684054	479.92089853055035	6183.36820643994	24.90470639925368	2600.1411144815543	502.10405802579015	475.15519199764077	1723.8892175010346	13.756929305728171	5465.513418118439	710.244646546197	470.96059971558356	5747.288079883846	3.99461024957965	3830.315307423604	153.31242280420005	478.3690605545779
467.75	9102.461458672624	21.235880378647924	1118.5647902196129	220.61255554471177	490.2352681127172	7592.84589714273	22.370444568880306	1873.5445565639386	363.4245146804481	479.8234451569669	6183.734340039512	24.914983980203267	2599.871450717616	502.0549804993409	475.21303386948586	1724.2618923277564	13.751121086292303	5465.457251663836	710.1494936968585	470.86946178701095	5747.394886721445	3.999613414963226	3830.1498963014496	153.3105834074632	478.4346335261495
470.25	9102.320793866209	21.224797850497968	1118.5578257939665	220.59191202220657	490.3849359177788	7593.3768835078145	22.370803297977847	1873.2832091424223	363.39976400238106	479.8965542331122	6183.946705504203	24.892276717328155	2599.642166347065	501.9975587079446	475.3798101935571	1724.4509822232155	13.750976162626733	5465.373922397282	710.0624950142391	471.04509180889073	5747.279328173292	3.9962628801721727	3829.961363632998	153.35064246011234	478.1972393173311
472.75	9102.157497731056	21.213915856482405	1118.527997679162	220.58564510695206	490.4342562436431	7593.6095654813225	22.43688203923228	1872.9204824263297	363.3561764483659	479.95071661036656	6184.58955813902	24.733028447057293	2599.383979280076	501.93407862705095	475.4587519878411	1724.44738866751	13.748564423958705	5465.363696480704	709.9534089972283	470.93946090237927	5747.339106497963	3.9953180861874413	3829.9351203884708	153.32995056372687	478.5005173160491
