0.0	9099.418066063323	22.25731802665025	1120.6933888360566	220.22955860160326	475.83155697097334	7532.238992647228	23.328030473719508	1920.2574150551195	376.3915273644486	477.03904651828964	6142.372839484403	24.829793275532577	2633.2967253844545	509.80603074750763	472.759987078265	1711.7896954696919	14.28832167829073	5446.177791241422	743.0687074360393	467.8036244905155	5755.297940884698	4.186472360382533	3807.2857401239567	166.3907589063491	475.82727561466896
0.25	9099.448757048749	22.257547681974597	1120.66980458523	220.23498453564903	475.8212094112102	7532.270981610529	23.125356436977928	1920.1891300218333	376.37543549684	477.07279571002994	6142.462893998708	24.747034184016446	2633.238330312119	509.7902441972746	472.8139547923654	1711.7754768759019	14.286823144155676	5446.212380546958	743.0550621539555	467.8084579444728	5755.223448206471	4.18636378015699	3807.3305761076326	166.34643142918273	475.8724660775058
2.75	9099.575511192916	22.24872706993395	1120.709107129662	220.2638015298247	475.9770953755704	7534.184729211827	22.71201065429595	1918.7076654771317	375.8324484574179	476.9351927893186	6143.463870185447	24.501097654139315	2632.4224201486145	509.5172536865771	472.84364941140433	1711.9220223271661	14.279521685826246	5446.467739740759	742.8203243489846	467.80695294025367	5755.170642903879	4.176771756047322	3807.7824733159214	166.15093915108852	475.81601880374967
5.25	9099.593067362399	22.250693599395603	1120.6812060067218	220.26502018995603	475.9139598572174	7536.278883608857	22.86350119580407	1917.0979131031456	375.2276487449627	476.6642092978681	6144.667042879076	24.399695302141605	2631.35438048687	509.1717567650765	472.70109667649007	1712.1242546577232	14.270138411003314	5446.749061288465	742.5766675442352	467.82857399654415	5754.796253544928	4.155919858920162	3808.3176060638107	165.91804843520802	475.91936462841574
7.75	9099.707439510084	22.25829059322062	1120.7358289569975	220.2971075095908	475.80330750714586	7537.90999696755	23.038554487870435	1915.7821708924291	374.81828089071917	476.40971728023055	6145.958574795781	24.327732193198333	2630.1526736644973	508.79471791580005	472.6557074320275	1712.0942877786613	14.266187086863317	5447.077808681636	742.3520230263567	468.0502919132308	5754.716119543487	4.145500857268522	3808.8195463788093	165.68043876454007	475.74787634257035
10.25	9099.758938007039	22.24969143898317	1120.7425854679843	220.3470308870783	475.89560735081534	7539.30248473498	23.213203886640656	1914.8050365828185	374.4980295783059	476.10957010609377	6147.772663339949	24.229184324026317	2628.765604771264	508.32399262071607	472.5860970151901	1712.0336271764604	14.2611864530577	5447.338270668183	742.1011187528701	468.31000558679153	5754.575294405092	4.138611514363645	3808.947384603847	165.6800330570327	475.7700832834252
12.75	9099.785838640513	22.260140979787643	1120.652664529042	220.28594856124926	475.7874651539259	7539.922949208598	23.219621816343366	1914.3054177653053	374.32554238335405	476.0922699421046	6149.974540991284	24.227381714534626	2627.2114406300916	507.8100962254987	472.3401593205713	1712.1909104890342	14.251385786633081	5447.63134422595	741.8371527107471	468.36926477359066	5754.719396746702	4.1237413984561355	3809.1742595840606	165.522280861832	475.77313460666727
15.25	9100.012158676269	22.2555584610748	1120.670668161504	220.31480502786852	475.92861151740067	7541.515155250418	22.928998093007078	1913.0650704819975	373.9163597533469	475.9050775957873	6151.374763664058	24.45443779837788	2626.1425025886692	507.5008569176098	472.2432146626695	1712.1645400114778	14.240327355310855	5447.899352652376	741.5114896002316	468.4100027957449	5754.670148262802	4.125505863831408	3809.1992326296663	165.49884868433364	475.75838672300057
17.75	9100.04206318817	22.25353300029379	1120.6647097884872	220.28662486784518	475.8271702832486	7542.6446630034625	23.042804762796294	1912.060199075308	373.59310267187453	475.91403729299526	6152.881326653504	24.42043573629031	2624.912551726661	507.10342107081	471.9656462276893	1712.2330993257037	14.229256942752805	5448.118479551789	741.187821065642	468.64741545981997	5754.561744171003	4.125506826912352	3809.258204435119	165.4456383808298	475.83521275336375
20.25	9100.124442885734	22.25507481823842	1120.5671101440032	220.27749338188497	475.84706314867907	7544.4369400303	22.97000197117824	1910.7463006892178	373.1647395640027	475.85619393571477	6154.449790588275	24.489119941415	2623.838946574181	506.8187245037227	472.01448275548984	1712.2103734909897	14.221271072265633	5448.392254704735	740.8962779158949	468.58220134157	5754.549145172766	4.126850754415376	3809.6103542700675	165.27783931505178	475.9951516167268
22.75	9100.349535850639	22.262314077075146	1120.4938388593139	220.26557188308817	475.7629960667086	7545.344240336152	23.28677566179942	1910.106470126167	372.9831273175111	475.7568644056037	6156.030233869348	24.41003068973849	2622.716090199018	506.48223817765694	471.7561869718969	1712.3359994812295	14.217520750216057	5448.617797842979	740.649995376482	468.44190280289683	5754.128198174425	4.117215492719924	3810.0666505438267	165.00974726803105	476.1249659246511
25.25	9100.582707700083	22.264355025862702	1120.468493084883	220.2983501241736	475.7402626286786	7546.245554552228	23.26550024388411	1909.6044878758055	372.8361221307348	475.7096274785961	6157.48454397248	24.436119316569883	2621.480435683211	506.09549659211837	471.48403714610157	1712.5296565493845	14.213524949293804	5448.779766796205	740.3908868980037	468.7214038696326	5753.9490328270795	4.118857747646423	3810.4562757093126	164.77487501797955	475.9773389800044
27.75	9100.62768249946	22.269037600109325	1120.4442951644266	220.28934518769816	475.62311235508184	7546.832392285691	23.350744898989966	1909.192671567413	372.74033106992295	475.73636777188983	6158.954162181527	24.442407011385896	2620.3294354445234	505.7288464999171	471.22372201466845	1712.6653424802937	14.201387855523734	5448.957838065157	740.1206960525858	468.7568806202792	5754.0128641218425	4.116137510861343	3810.6920181708992	164.62344561481856	476.10907613295643
30.25	9100.526295999854	22.26533474276044	1120.4546958342528	220.30031038663128	475.6799424127274	7547.297356957901	23.37705795155439	1908.7599217550492	372.6596495375789	475.7234532695209	6160.389859912184	24.447788680518848	2619.2521687324333	505.3772889732649	471.0693058918953	1712.6779407700326	14.191460455648883	5449.205033511808	739.8261243041267	468.71246745727956	5754.127179155091	4.110185999865405	3810.8337600724117	164.5109066831117	475.965591567793
32.75	9100.518900530373	22.2789318414521	1120.4966773982292	220.26221159204295	475.5965847530933	7547.611096626691	23.43509817753069	1908.5260923884705	372.6175423564206	475.74438629752433	6161.90287959601	24.457419135234108	2618.1559913100796	505.0440302638719	470.9184395167497	1712.8240930831955	14.199971629752264	5449.2973659049485	739.5167607531577	468.61236609572916	5754.166388281406	4.099039304391568	3810.9862636550934	164.44865776038623	476.04646728661936
35.25	9100.620274422727	22.27655992615636	1120.4798258846308	220.26919144751088	475.5122321747712	7548.010492845315	23.53570424373076	1908.2780159316997	372.60809679848467	475.68279347316206	6163.232412593586	24.87256547788892	2617.1460477946607	504.72015341284373	470.75483418664044	1712.6106671581376	14.191804738494586	5449.450449498965	739.2315256199869	468.4157534503324	5754.097189755283	4.09901686287054	3811.134560422234	164.31784801217668	476.1094954582321
37.75	9100.577656740834	22.285220136308993	1120.4165631829883	220.24539173476242	475.57241400393264	7547.9701093819285	23.702928326541375	1908.4188788479948	372.7013576080323	475.8904320694597	6161.965384769278	25.788550826567413	2617.8096487234275	505.0400100701513	470.9255623972606	1712.9403560386406	14.192296450195368	5449.585376063173	738.9664671427895	468.49544278554293	5754.1869245143125	4.116335538520655	3811.2939568040965	164.16128932230583	476.0700872955901
40.25	9100.698345840261	22.277794861444256	1120.3525176404582	220.22888346725057	475.60047543519505	7547.454126081944	23.72178286041523	1908.6922666827436	372.85369310821625	475.8492453128881	6160.320485619905	25.797292176267764	2618.998184202051	505.50704406748196	471.1704602211963	1713.2309888459702	14.195280000739734	5449.7622742919	738.6536417304466	468.5284199873279	5754.112365970812	4.125755908246416	3811.3859796546703	164.0399470602046	476.2129806017175
42.75	9100.667483686942	22.28419999129635	1120.3453859874294	220.22765367938163	475.486349755832	7547.07802535853	23.771233877503043	1908.9101711782716	372.97829566272816	475.88598950765606	6158.856198009969	25.756220245271972	2620.1829702072796	505.98542057481137	471.6529836497337	1713.35135370611	14.182356842692855	5449.955268087719	738.398159067005	468.57624254537575	5753.883369797102	4.137133575541789	3811.8062819004695	163.8167353578747	476.2263797389094
45.25	9100.772025457078	22.27897954760198	1120.340304462267	220.243130827724	475.6975760220165	7546.417583539029	23.865274570949875	1909.4045152562203	373.185329749827	476.03146236808385	6157.271364373331	25.700793842133706	2621.233490278018	506.378951935871	471.88716984000285	1713.1960213626935	14.191425640493486	5450.185721312682	738.1236080548266	468.48717398760186	5753.89880199107	4.141497491617705	3812.3006414215142	163.58294101576686	476.3520170043859
47.75	9101.014323515057	22.267635763727416	1120.3577637783292	220.24469634064562	475.7956353793302	7545.647928411395	23.958417468675076	1909.9712263597435	373.4265927506028	476.01760335206876	6155.764902865786	25.636777023274433	2622.347990593456	506.8274610546962	472.2858048869064	1713.3177050403333	14.191560253073412	5450.31567521164	737.8860765533982	468.48792197581105	5753.704268410219	4.141343860594589	3812.6891829751553	163.34103792170066	476.36659583891804
50.25	9100.861476548596	22.266787772788447	1120.2986557615923	220.1881780231366	475.73475367358355	7544.268046973793	24.22349285101692	1910.9558741415701	373.80697854562305	476.2500459795744	6154.816526510818	25.48578138097091	2623.2125706247275	507.1538484095369	472.5898712368366	1713.286699350416	14.189340988239737	5450.581214138643	737.6386423594068	468.52131260401353	5753.47918335509	4.134742801377431	3813.2629341407924	163.04813707346423	476.4697987241116
52.75	9100.895803070498	22.273127586030004	1120.3661482091431	220.17403750251586	475.6883397178696	7542.7956516761615	24.185514551811874	1912.1498167037025	374.28207168269387	476.4292979129092	6153.883458783999	25.490574729269955	2623.9067517179415	507.47839904341805	472.7083785029657	1713.2645601858735	14.190142727756895	5450.824433043891	737.3633591457688	468.56086952104226	5753.208227874647	4.143148023597462	3813.82685506879	162.74923140328679	476.59249352627285
55.25	9100.71165854826	22.247604470278695	1120.400228477511	220.17239351671375	476.14307424951636	7541.595656461812	23.55673275811666	1912.900292317773	374.5582986350068	476.4215440777197	6152.605701809914	25.16758353782914	2624.9717588696963	507.85143374331926	473.0194854234894	1713.3443587742959	14.190508909435017	5450.97527319245	737.1364940897244	468.60520713640796	5753.031803543326	4.144310788607776	3814.441818031502	162.43964430342825	476.5834382032798
57.75	9100.523663157428	22.221899529740426	1120.3970104034242	220.1791216583695	476.28711571637206	7542.998955403471	22.722387563396815	1911.837568875347	374.16746800932975	476.3515770368496	6153.948494573405	24.069119988904728	2623.9876207756192	507.53169510221704	472.8417904766634	1713.3908316179507	14.18049358859477	5451.137995101359	736.8803280249615	469.0103390379436	5752.713228882625	4.130649056755394	3815.2786669446705	162.00332779655488	476.92580062288846
60.25	9100.396409492972	22.22077381796474	1120.4149865703016	220.13376295281049	476.27216080495566	7545.095206726256	22.72368818016708	1910.3270236238452	373.6379585196837	475.93806970930535	6155.92310589778	24.04495419886993	2622.367435278118	506.98586168643385	472.623440046266	1713.3115866305216	14.17421997771626	5451.374377172043	736.654043841486	468.86592877009264	5752.128239520783	4.108260760030295	3816.0654854789072	161.56643568301962	476.88793520946246
62.75	9100.427275097547	22.22060239197864	1120.4436242697848	220.11883435017208	476.26568891976297	7547.278189242778	23.095618473164404	1908.861645896592	373.09309631580703	475.63746294418627	6158.0911826904385	24.091536703042195	2620.703000043395	506.4031574912139	472.1677422890672	1713.4156126647274	14.172196421710886	5451.617668532532	736.4447858834277	469.10641048345883	5751.782590196638	4.09809294598576	3816.6701368353356	161.25211924127228	476.83965781961933
65.25	9100.43475353138	22.223515381857123	1120.3479222059386	220.1610071208101	476.2870681267281	7547.094866916877	23.694823984158546	1908.9819040472726	373.15227914810396	475.62913383816823	6160.231114023821	24.285328534815037	2619.111985013825	505.8813648784813	471.96736961183404	1713.4565049655475	14.158602877112859	5451.855235173704	736.1722136935067	469.1488824511424	5751.77592891805	4.0900275129706	3816.9803590673696	161.09010272551063	476.81273839933795
67.75	9100.53691083121	22.22373954158301	1120.3169936401966	220.14889600958614	476.3948016002443	7547.2530817786	23.364953490663027	1908.735919853182	373.0791974580461	475.6106407207556	6161.319177787806	24.6055430587527	2618.2295292377603	505.60372007564257	471.80932019561277	1713.5259583192487	14.154247410673497	5452.041782184255	735.9582027210878	469.23198559754803	5751.605178976436	4.078081683439026	3817.109002921042	160.9916959040119	476.8518094914571
70.25	9100.655716634805	22.207462946767546	1120.3084279252705	220.1570666818543	476.58565415303264	7547.584042180082	23.44544266128799	1908.4209009289846	373.006288449259	475.52476958466815	6162.319458081514	24.615588820290043	2617.6014606614085	505.3848124885637	471.5693934234789	1713.7095611884229	14.13977701544888	5452.177046795151	735.7054650398532	469.2790279228283	5751.590373013475	4.07635781264664	3817.374121801963	160.90157280157766	476.7162881877907
72.75	9100.775735987712	22.200353633998677	1120.229117175894	220.14260276075302	476.5867643648034	7548.034478013857	23.538558360727297	1908.1318526065716	372.901790955295	475.5442009590061	6163.131578209957	24.85641225336888	2616.8264569483654	505.1762608218844	471.46047750930916	1713.734806673785	14.135213789786583	5452.366800947315	735.4420091294695	469.11949218615257	5751.684908637749	4.080254376232489	3817.3212298793064	160.89777447295168	476.72017947737214
75.25	9100.833822701476	22.20439938861879	1120.1830383798697	220.17397019238118	476.55536637388735	7547.976282400399	23.712080549832436	1908.3139951725263	372.97565992655854	475.68708514228234	6162.672300082545	25.383699624858245	2617.1787710361255	505.29160876018483	471.43861995907355	1713.8202672684454	14.135319600036985	5452.5278190555	735.1534847353821	469.3424030891793	5751.680027037742	4.086762671976948	3817.406591202517	160.86498217208535	476.77821163828503
77.75	9100.577138372513	22.21711534775893	1120.0680374679466	220.15237259414198	476.4763863121873	7547.661740864514	23.67505231776573	1908.5402374418159	373.0843284452824	475.66437083283427	6161.761774195182	25.430253437038466	2617.6726064921463	505.509285332412	471.30771180450114	1713.883793506288	14.13438011764499	5452.652289687531	734.8853752871322	469.2495672769519	5751.8207140660115	4.091195536587881	3817.2901102916135	160.85400975499462	476.7311068328405
80.25	9100.659863424336	22.211041034044534	1120.048670146973	220.16233086403028	476.4804742751415	7547.596228469484	23.67133591795687	1908.6416802450403	373.15386519852285	475.712862782533	6160.8553351671035	25.413950442476633	2618.3658857459545	505.75590341138474	471.6369906156001	1713.8599056571147	14.127384154671976	5452.825102011023	734.6521464900309	469.31191345237306	5751.789307553218	4.097398479376764	3817.3518180045685	160.79348076681364	476.7918193658108
82.75	9100.674413326908	22.200760803961646	1119.9990116608742	220.19140417955327	476.5704956794167	7547.2029779594795	23.701835441522903	1908.9754005155426	373.2791060833605	475.9112530098	6159.952204323133	25.396678487286117	2618.932783060859	506.00614312590966	471.60482767893666	1713.9730516410784	14.130440984528317	5452.921927786213	734.3824808074424	469.1856206593081	5751.7279370911365	4.101851895537048	3817.564292119113	160.6688934697613	476.9300195405143
85.25	9100.555045829788	22.209035607042473	1120.010550880823	220.17619797031418	476.40639483174243	7546.863537258476	23.611487440023883	1909.1262900059294	373.3501440483647	475.87428858430627	6158.928381370322	25.41902070592424	2619.4912297043197	506.2233523387696	471.83352165115264	1713.8571553247423	14.120536967271097	5453.086056476269	734.0988254545127	469.1713484647478	5751.450478849506	4.101650941718408	3817.9900808485663	160.44600812760217	476.88488069781135
87.75	9100.634797417417	22.214243338936182	1119.9891630476357	220.19918353809365	476.41462786382135	7546.561311479356	23.658773919797973	1909.2813121883805	373.43825877821325	475.92649639694497	6158.051593785908	25.401189253417193	2620.040624685789	506.4616328620149	471.8050390658812	1713.810734709183	14.11695997075033	5453.19406752997	733.8371155899479	469.2552752975768	5751.396947171677	4.105122185005888	3818.273063774371	160.34603771568152	476.90388486969806
90.25	9100.73717703762	22.216048701867738	1119.9991694649468	220.1668387272514	476.44068176300516	7546.13235824066	23.647030766055813	1909.4771875676383	373.4864251923329	475.9941422739195	6157.229603629195	25.394288430358458	2620.6155725907274	506.68335072633636	472.04695528672096	1713.7106233446057	14.122838746147696	5453.427450467	733.6017731157306	469.27663309120067	5751.20385189984	4.1074396006374	3818.5032077634314	160.24279417640196	476.8555743318038
92.75	9100.781194220732	22.208258275145443	1119.938785368558	220.1839362436755	476.61153645042805	7545.577579783721	23.648378955773893	1909.669501862611	373.55062245262314	476.0306566395676	6156.564936238397	25.384767491379474	2621.134737458016	506.88539463603246	472.08259086421594	1713.716266634852	14.11744741693617	5453.617310030109	733.3833852313621	469.2402290386875	5751.188855642482	4.102818139691962	3818.685736702404	160.13223825902605	477.10971756911243
95.25	9100.671169531392	22.20239883564952	1120.0331455664025	220.21710717712324	476.7222524494593	7545.41334135755	23.631613337331846	1909.7407282496197	373.58582989967346	476.1650934806127	6155.756192029572	25.376794743291555	2621.77516504392	507.05835023561286	472.2205417145778	1713.7264319282265	14.116530534592714	5453.854349190087	733.1394852201923	469.25917197786805	5751.056182452829	4.101122330573654	3819.1442258228403	159.9017055326634	477.10342137389574
97.75	9100.763453089568	22.20381475547714	1120.0829806823451	220.21964709051628	476.63076544967697	7545.101578105274	23.703284988164825	1909.9528955424048	373.6890436490725	476.07158949062625	6155.083663050922	25.357039701669528	2622.248152456534	507.2646379948541	472.2500871917518	1713.9910651403518	14.125962834261172	5453.979956604137	732.8948770472615	469.4892844557872	5750.855653977912	4.105510689154348	3819.600310071203	159.70712053928617	477.16027528128166
100.25	9100.726034854144	22.20471572668277	1120.109678664227	220.2016602164686	476.6121657839305	7544.90891500331	23.747245749231062	1910.236442836072	373.7804002529222	476.1947555882211	6154.358770179939	25.32229324721908	2622.7777977135397	507.45349373259313	472.42400915059017	1713.9420748856614	14.133744566357967	5454.1260508538835	732.6675920992266	469.66867902674306	5750.654201269855	4.102192235608123	3820.1260977497004	159.50859749700376	477.0908589725865
102.75	9100.735610785467	22.19658737758883	1120.255398261817	220.23641944423412	476.73376590846885	7544.299318413048	23.82809742850128	1910.6818920968312	373.972409388376	476.2199172895252	6153.636094933802	25.282326040816585	2623.1902254412416	507.599902363456	472.46625757659365	1714.069718905116	14.134108592520676	5454.345442747458	732.4377432340543	469.8364897939164	5750.828801295256	4.100396163048625	3820.2136422121125	159.45456311368122	477.0202561577111
105.25	9100.692147576308	22.188875574031776	1120.2627548834969	220.24179729400328	476.735889358012	7543.515053544962	23.788645621141555	1911.0721624500427	374.11271512084977	476.1217344871417	6153.029811220952	24.91625892909661	2623.5977486173706	507.7737482739276	472.8341226707002	1714.0616015346518	14.12771913978031	5454.5544939752635	732.2160230083846	469.9538503882767	5750.80233922267	4.100822654759854	3820.1763611199267	159.42137802753035	477.0486877291352
107.75	9100.734480829	22.184138155006348	1120.2394547941576	220.23500361764673	476.89443131232474	7543.157691639765	23.50162656534439	1911.4355308738373	374.19742852483216	476.2779322748053	6154.205048386464	24.226646356907832	2622.4030087225015	507.3973380076947	472.6944694547947	1714.0062777104758	14.116020579234796	5454.770740797708	731.9980215960359	470.1365892170507	5750.499986044093	4.095283056019784	3820.9230368135477	159.02506329073466	477.7413812680384
110.25	9100.752747272087	22.187165903983452	1120.193292255284	220.27543606392794	476.75853829838934	7544.125691432517	23.11270789032933	1910.6928002170341	373.9514680192218	476.19859954497156	6155.484822891244	24.48476773356377	2621.535086795631	507.10036474976926	472.7759277626178	1714.2157973503536	14.10730529765524	5455.014589131934	731.733172918462	470.0158821263456	5749.821245871176	4.091123182454844	3822.053800912559	158.4451983102752	477.53434332438087
112.75	9100.725615276478	22.187204724581186	1120.1890569676532	220.2779498658576	476.7197195788915	7544.875852992197	23.305474756432165	1910.1247782508822	373.73087317479644	476.1967937240585	6156.529472038288	24.408229064461338	2620.650593292017	506.7830335199485	472.6859358874758	1714.0852289026666	14.098012644414277	5455.257228902392	731.5004298337268	470.0982957968294	5749.527459065431	4.087162941206688	3822.7065506324448	158.06839692232896	477.57034720756326
115.25	9100.861080138642	22.18747310493774	1120.2065081864866	220.29403150726367	476.75335337739375	7545.572346669088	23.305707611680614	1909.7370160942635	373.5792874622158	476.0671933021625	6157.926074113392	24.412370484073378	2619.698967189197	506.46720156568307	472.69572303763385	1713.9374520366914	14.094428387165888	5455.472041909464	731.29891068561	469.8984961570846	5749.450522062986	4.07076169574249	3823.1862864986842	157.8094959045532	477.4381308792581
117.75	9100.900761453448	22.18893077389906	1120.197872909366	220.27311958060065	476.7611257161152	7546.223173363004	23.30175721205128	1909.2250523914518	373.46013810794113	475.93587640781783	6159.235286921723	24.431692578462588	2618.739928012907	506.1822445635851	472.3956874943474	1713.8016169905345	14.092805964593047	5455.71891825956	731.0257413912611	469.798393902541	5749.321843425399	4.060945863876485	3823.3492122716216	157.70409226337827	477.46379387858855
120.25	9100.808151977666	22.187887984805393	1120.2601002860808	220.27375808199693	476.67332978859264	7546.900348046044	23.278300732656707	1908.6449327067894	373.30880901500996	475.95678432308114	6160.477911584116	24.45750397606321	2617.9593162423075	505.88114440484685	472.31532412791074	1713.7493797987645	14.089269281288054	5455.9775864112835	730.8134213993943	469.9022308842319	5749.300509856614	4.055556417805519	3823.575179835977	157.59331042996288	477.4854616986355
122.75	9100.62910494604	22.198330617224162	1120.1738854944786	220.26260302733178	476.5373660674337	7547.414705464203	23.360822650528007	1908.2670185232819	373.16250046320846	475.91774904684974	6161.503869596224	24.448918626577758	2617.150693641893	505.5716663673454	472.26241160766875	1713.6216464146337	14.086211716188156	5456.087285985419	730.5836431448839	469.84879727228775	5749.130284483238	4.052429706424116	3823.779882939506	157.52029618338088	477.5943063022648
125.25	9100.515704151945	22.190364492512728	1120.1581195275646	220.26213675761798	476.69412627325767	7547.8160659954165	23.497022405496153	1908.0154210723792	373.1058453293973	475.96384368657755	6162.669900962402	24.701160058915033	2616.391194978396	505.2969425690054	472.1982193393863	1713.7334440246873	14.074305441494428	5456.355103301015	730.3287946349221	469.901687954452	5748.651999086114	4.048319017893517	3824.352940065225	157.25791511141387	477.7501451997877
127.75	9100.472634440797	22.19081060566721	1120.0557627522305	220.2015456337898	476.7701136077119	7547.406487316163	23.62315910373719	1908.1454110436803	373.18558703244463	476.14701851538297	6162.514167384438	25.301184874343836	2616.641345133445	505.3527465758883	472.2375223639453	1713.836059368378	14.07153563702693	5456.507201042311	730.0810754732726	469.9900973649678	5748.34845073245	4.046951736420118	3824.969178987515	156.91606604790002	477.8700916702026
130.25	9100.662199846685	22.18621538650171	1120.1060516402827	220.1656657550784	476.8031158590897	7547.321505434401	23.5219503994764	1908.2142456051965	373.16988509447816	476.2104868151396	6161.731454544405	25.35667069678938	2617.3104475413274	505.5790915892025	472.1882502208539	1714.1795540897037	14.061290284346244	5456.685725529526	729.8402338844459	470.0306041546516	5748.253278130004	4.0543551626652805	3825.448399996134	156.66275301044803	477.74998292767265
132.75	9100.789970114241	22.189176689907445	1120.1966556111845	220.11756548603654	476.72709521523444	7547.1538650793345	23.55178845329001	1908.2164791767318	373.18344816762414	476.38160023671924	6160.851990405963	25.347035114024173	2617.968338127088	505.82811020513594	472.2578039733654	1714.1203640608808	14.060112215364999	5456.72779324846	729.5887489838044	469.8269651368002	5748.247160794146	4.053437908952102	3825.5675151108467	156.58413046084723	477.7540629853334
135.25	9100.944618151862	22.187177833094577	1120.1719055739295	220.11231617064624	476.84844397585624	7547.097923092587	23.50838541375221	1908.2865338812258	373.19760166502044	476.50471093105114	6160.140304478893	25.353984433449803	2618.526377562786	506.0968316295677	472.2921604382068	1714.1126926404456	14.05920076865775	5456.89551126213	729.3781940953502	469.9845636515985	5748.179683906022	4.0477222480634145	3825.9303850506344	156.4184593815033	477.86412361002823
137.75	9100.978216552263	22.183351241546706	1120.121499152785	220.07923143087837	476.8364712285099	7547.099600932114	23.414543387585965	1908.149703945919	373.14152187580567	476.673444138636	6159.094986216571	25.365583789321768	2619.06546343039	506.3711976527124	472.28860308372174	1714.1425171356984	14.058677069993134	5457.0465420601195	729.1610208930775	469.89765441508206	5748.095479631249	4.047218274903704	3826.372317742262	156.21206112501946	477.82531327420855
140.25	9100.839556525594	22.17766177399521	1120.073194007122	220.07066361544395	476.9559299212572	7547.43371541983	23.617467630951882	1908.0080562507187	373.0690307689098	476.4086150851618	6158.224112960784	25.307214619794074	2619.6410516337514	506.5918504629494	472.6578729846223	1714.3122266406504	14.054914833781806	5457.24414974421	728.9050069827017	469.7669449364172	5748.100086994934	4.049908438320018	3826.640815601137	156.05584042230777	477.84869816691156
142.75	9100.912007509321	22.174781045638642	1119.983329481932	220.08887219246668	476.9568167835794	7546.338619404926	24.083041115540517	1908.7623999252603	373.34821971415954	476.4720872552227	6157.628185195664	25.22167233741886	2620.061143518039	506.7959740598346	472.91408254660973	1714.5217655204967	14.057271728082307	5457.4043980773695	728.6914950892954	469.88311517447033	5747.927508304442	4.047665425629987	3826.9629088414445	155.88566029834746	477.90114241114475
145.25	9100.841490587176	22.179056164730277	1119.9854732912736	220.09566323131196	476.87673905296543	7545.016677948094	23.630640932739134	1909.801528743872	373.7389370482265	476.8125441427014	6156.939709205746	24.870408001200786	2620.445445234753	506.93032331587204	472.9938202890173	1714.5959245548768	14.049887960927423	5457.573535137553	728.4912809454994	469.8598008284572	5747.771257491394	4.044861994582196	3827.2343828050434	155.72792355048924	477.9079201043193
147.75	9100.880744031763	22.165558302935704	1120.0325811874488	220.11901527377984	477.02374506867955	7546.423200806942	22.834427952902697	1908.8739027318707	373.4052524561222	476.65468972457904	6158.52948103671	24.074755280741936	2619.3257291596915	506.54855087810586	472.7121102684787	1714.5878422125109	14.04799188341385	5457.760622284437	728.2902406646161	470.12564910180396	5747.48861281351	4.032770366035756	3827.950149948655	155.37030306252078	478.42409530237853
150.25	9100.970982122206	22.160764022435213	1120.0343940631149	220.11902749192322	477.055884328744	7547.472012129742	23.211326162944307	1908.0925054363781	373.1368855826426	476.81290240039937	6160.637942131863	24.141301988579567	2617.8447817229817	506.03948070626893	472.33401728875697	1714.6033225855447	14.045425192242618	5457.99224758359	728.1064767184646	470.3895746086908	5747.31026015684	4.017282063665656	3828.589434467797	155.0393525881515	478.06438057563963
152.75	9101.033608890857	22.154015284052466	1120.0019409317374	220.12004492781617	477.1808393751482	7547.906744241488	23.44390454522229	1907.7862730098188	373.06491335640726	476.8541119355125	6162.478738860909	24.592830317254833	2616.5805185250892	505.6231751870422	472.118793332588	1714.5524270245398	14.031229554200888	5458.100197769762	727.8735528755146	470.32313663434303	5747.083960716991	4.013363901091543	3828.6523186641925	154.97722095712533	478.00854345924427
155.25	9101.035014301178	22.147440013263534	1119.9721470394709	220.12405200379777	477.20499401546124	7547.736563763784	23.509590191473727	1907.833321380437	373.0499017089773	476.97274150697825	6162.165008850749	25.37674120734065	2616.776220897942	505.75039274067706	472.0972887257378	1714.6272993392895	14.033270996504141	5458.210957607573	727.6996023545125	470.5184987316956	5747.211972322566	4.018121351823958	3828.6124563163526	154.97681344942035	477.95458915390776
157.75	9101.032559855383	22.14556559900669	1119.9380827284813	220.10815881990425	477.3863014336289	7547.699635950355	23.44346762699285	1907.8244450483653	373.0361622137568	476.8694831031487	6161.3262520545595	25.38945131469151	2617.439147435548	505.9942896120517	472.3927615157375	1714.5663934957552	14.03087943988604	5458.348319303322	727.4864145306879	470.2963455389898	5747.531994510812	4.021778900078976	3828.4824014107285	155.04313588114528	477.97024046761095
160.25	9101.03499816094	22.135520341484195	1119.9424015184413	220.12511607291574	477.54988037837165	7547.76844401906	23.45533167438531	1907.8233526712422	373.0567764697969	477.0303178967798	6160.5612298358155	25.356726303828502	2618.138895393583	506.2653530801022	472.67355176814675	1714.6461004219316	14.032021141090251	5458.491561208426	727.3178955533127	470.28177806657794	5747.376712946404	4.022762533157006	3828.671262143195	154.94542660201293	477.94624871675813
162.75	9100.97985610565	22.119177892475577	1119.9550062354028	220.13425087787294	477.74571019549126	7547.976204715243	23.377483651528415	1907.8455899369183	373.05294242127707	477.1062170461692	6159.546859181078	25.34104775099808	2618.751176189069	506.5122323407142	472.89460692915344	1714.7113436855418	14.03827164953063	5458.718224329166	727.1401468788595	470.3964814185524	5747.396288701489	4.024785864271478	3828.7197148156465	154.9476657638345	477.99187638273355
165.25	9101.069574593268	22.117114013695424	1119.9084918531837	220.14048371293006	477.6849690751304	7548.275760706088	23.223082419437244	1907.6182320869616	372.97235129073806	477.03865528670843	6158.76841721047	25.267490636100902	2619.3665612460513	506.78106074621513	473.21937893513575	1714.7792753530737	14.03892690506273	5458.890730473176	726.9410682554662	470.5196452315045	5747.523334906048	4.026280253902655	3828.7009190346876	154.94698034388344	478.0890101054177
167.75	9101.063226846141	22.12305651179354	1119.8949751929247	220.11440519435874	477.6321988622583	7548.9497718587745	23.054123649692436	1907.1671329501507	372.79629805064417	477.07379564100364	6158.395386164191	24.88344621028941	2619.7817307594833	506.927566210929	473.4869582380231	1714.635456825034	14.031627851754552	5459.054262514286	726.730428427568	470.5334184502273	5747.53495232113	4.026223925035261	3828.851138819984	154.82597295641136	478.08704820200506
170.25	9101.073645941024	22.11544113270489	1119.8957817781204	220.11973211358125	477.7034943147946	7550.102602432962	23.344691884320284	1906.2296546069392	372.45887056712803	476.7726884100773	6159.350684375267	24.479067040510817	2618.991308779149	506.64099061151893	473.3610082331114	1714.7284390487675	14.028931576025453	5459.204025188692	726.5151290474766	470.4475801958158	5747.519633263202	4.013986620135211	3829.022226865528	154.74427697508807	478.17533713580235
172.75	9100.912509219072	22.11316883459526	1119.9293734313737	220.11780573432043	477.64957054468965	7549.006311017831	23.851718355033903	1907.2197947853012	372.81899010500837	477.1393667527277	6159.668621750519	24.925682792906926	2618.677941706727	506.5194318006341	473.1294701293182	1714.6321412591074	14.02495211643367	5459.367158673814	726.3278123560123	470.4748204813393	5747.285112962807	4.015901545486837	3829.1983221943474	154.63584427353177	478.0104186711214
175.25	9100.884172343849	22.120215436443264	1119.953443085976	220.106043535733	477.62230133572797	7549.312490318727	23.207083604485927	1907.0415425301067	372.7179564125933	477.08879710309384	6159.900624775732	24.98603687324062	2618.570972296562	506.47522969669063	473.11234826002334	1714.717145188958	14.019981674779594	5459.504825838118	726.08571465275	470.5149810930143	5747.347600547728	4.011572124048665	3829.0013844804057	154.71841971604022	478.0082022238561
177.75	9101.042956043671	22.127361587839893	1120.032640058706	220.0903507678487	477.5305649783622	7549.358921992823	23.569989214549697	1907.0564455318254	372.72487031875056	476.8910025310977	6159.521968095324	25.15827866839157	2618.7522616181145	506.5389242819488	473.0832345372753	1714.5317514852081	14.010461962031707	5459.668657125652	725.8239115307241	470.3188928092835	5747.4249522549335	4.017251486894537	3828.878886846976	154.81511391547576	478.0032488058872
180.25	9101.14406955816	22.130744770475545	1120.009919720135	220.09937627936557	477.42637120403293	7548.766808673808	23.534716644032013	1907.5393303258568	372.8669592466034	477.0137448719463	6158.914456262549	25.162032110388886	2619.14187619058	506.69241068212733	473.1561641108458	1714.5801637328902	14.004330821468901	5459.867721179219	725.6097852601525	470.23082802067194	5747.289779923695	4.022689993129209	3829.0141201478564	154.76416915190163	478.12992369154557
182.75	9101.169873314975	22.14423142164012	1120.0336640955477	220.10564723860423	477.3130376430532	7549.048806992839	23.323192395216868	1907.2921092989072	372.78864956360064	476.87763739497615	6158.6718030673355	25.088333196868565	2619.4126428689897	506.824135724418	473.1463094878977	1714.5615917445573	14.001562752925144	5460.052835723033	725.399718791261	470.38175722034987	5747.1907766236445	4.027609112137572	3829.192280295588	154.65419332587777	478.0062905037311
185.25	9100.950757775216	22.155351717438293	1120.0295955822573	220.06554675452145	477.137538813313	7548.660813593582	23.538689533268904	1907.4191778069041	372.88872631744584	476.9852702194384	6158.170486817769	24.978692362571422	2619.5576838758384	506.90169923425555	473.3660817511476	1714.5702824024495	13.996483737785843	5460.232532457642	725.1800646303932	470.44708469759036	5747.116761785019	4.026558649891243	3829.2035182578743	154.6123092786203	478.1753806922584
187.75	9100.896136965544	22.164118536616837	1120.1261318155823	220.05410193651693	477.12225770341024	7548.690660162068	23.46533201661436	1907.400078015285	372.8633006137259	476.94382977107796	6158.594551874619	24.711629137407485	2619.30596024282	506.75018690118645	473.33993671604134	1714.508504416392	13.992833354092616	5460.371329300427	724.9756152565269	470.5780458687575	5746.780264610303	4.031348358117314	3829.5611885131457	154.44570051488807	478.34155459201526
190.25	9100.873078829583	22.16892825359821	1120.088305289117	220.0625659533332	476.98697685249124	7548.3866760436995	23.708129273223168	1907.7388361712283	372.977093148234	476.7758507186659	6158.901550781267	24.766547713304607	2619.002286493573	506.6235726745802	473.0534462405845	1714.5868249161845	13.987351754508255	5460.553735590607	724.7823707432292	470.6016451493002	5746.649637243071	4.02707436751269	3830.077534027834	154.1545595193391	478.39801252912366
192.75	9100.742588705578	22.172014555969714	1120.072340734647	220.10084126312464	476.9444705781548	7547.823557300617	23.703630259870263	1908.2533840228584	373.13961045447115	476.7701501069666	6159.305118717024	24.772253228982457	2618.6980151901907	506.54475891705385	473.1386846491032	1714.676002150097	13.987994070661102	5460.715456359368	724.5896244819	470.5596832210344	5746.5096813466735	4.024183642600883	3830.478111744873	153.9576567912144	478.4269240936192
195.25	9100.697496501143	22.179502467624005	1120.0938936178934	220.1166221678161	476.9160213154792	7547.452615229705	23.542482963037152	1908.5510021456405	373.2686446464677	476.92955724981664	6159.837379575377	24.80681746282601	2618.4991697416635	506.4591843018953	473.07615891066837	1714.6205294015524	13.976922256794595	5460.900217748236	724.4260665585742	470.483918561791	5746.1004591982455	4.017435227114886	3830.9538759024035	153.7504405092895	478.4872344785762
197.75	9100.732457115926	22.17705078219252	1120.1281886182637	220.09644891552708	476.96000368533845	7547.574408305289	23.35915599529349	1908.4387896023436	373.20702587799036	476.8528034449126	6160.1186921475655	24.861770954740525	2618.3337409091105	506.4262564173816	473.15473783400694	1714.5963384144293	13.972773751127495	5461.073529762537	724.218514951362	470.37850866162694	5745.885179416296	4.011340095128913	3831.1605597900357	153.60898371928658	478.39631169833126
200.25	9100.813182871434	22.184231714283065	1120.1813160845413	220.10533898775995	476.85638107775185	7547.729902316545	23.393156255418877	1908.3361935112919	373.1536355279461	476.97374067986294	6160.286265174	24.844760102543336	2618.1783552035904	506.40039043514116	473.30757813921394	1714.564673856441	13.976623606400208	5461.270212976301	724.0138560352642	470.48249919878174	5745.720041947569	4.013288957578962	3831.564826897978	153.37575611222744	478.6592787884911
202.75	9100.752718298203	22.182758819756717	1120.1859973895744	220.07453955314892	476.7995477345299	7548.121021711788	23.354284392196593	1908.1205006083555	373.0833494541471	477.0046405581451	6160.23871250543	24.77135472657293	2618.0952925646834	506.3934549055563	473.474597617013	1714.5133401136904	13.969314966127003	5461.434241179828	723.8042688167096	470.6615126571992	5745.467197651703	4.014862829913345	3832.117671092197	153.11709121859028	478.5762747947638
205.25	9100.85151595794	22.165894103872443	1120.2556690380611	220.0563475400017	477.09561380211244	7548.196170692045	23.330072004138863	1908.0675136307261	373.06262755328333	477.1919414158687	6160.7321309081235	24.600724139563408	2617.732142854612	506.26620468672326	473.39462407727996	1714.4596946577753	13.969015065902422	5461.6102317195555	723.5920877525327	470.4942050241336	5745.539413613925	4.0028213289219465	3832.2631876887363	153.03516826668064	478.5499502836081
207.75	9100.806402470722	22.157483653622787	1120.2239921122782	220.07668840160983	477.04541642114646	7548.812129761147	23.168693387068764	1907.7160210628608	372.8918502918694	477.11879031287475	6161.514977857319	24.576022548786238	2617.1602874946866	506.061674290422	473.5163834459509	1714.538708286527	13.964000284817395	5461.772527532885	723.3821967908061	470.42331323984405	5745.2583815041835	3.9971068440268462	3832.4330389046877	152.9293758117644	478.5784151822176
210.25	9101.018332505537	22.167956238133772	1120.2220754017994	220.047036006487	477.0455193566178	7549.367476427296	23.267717116231967	1907.3854987099187	372.75167561648254	477.0354877637416	6162.304805357898	24.757744691653134	2616.7791559055327	505.85994477216525	473.39681873715733	1714.7195169737843	13.954361926895105	5461.870182152555	723.2013703008038	470.56778090735844	5744.918080530888	3.997234810349328	3832.7647391948794	152.76107960590326	478.60278682778755
212.75	9101.01219018265	22.16486285071313	1120.2182655309625	220.04281647820562	476.99772273481625	7549.483411111766	23.504991308052173	1907.2402121137306	372.684015998428	476.89646533311526	6162.385246649959	24.993969908837425	2616.806350866842	505.8909919811005	473.4347987466761	1714.8504774671649	13.955549198596591	5462.0254398706265	722.9963472775761	470.65687888389766	5744.7221819689485	3.9952760332909385	3833.1848507911486	152.59687813921107	478.655017666411
215.25	9100.96656174551	22.170569433355343	1120.1990504762914	220.02403921744306	476.956490106019	7548.610834436035	23.693026523517883	1907.664382394728	372.8418295376841	476.94971772887226	6162.132888265733	24.960638620761898	2616.9965751335485	506.0041178182627	473.3958724163431	1714.818111301817	13.953235029894511	5462.11037846156	722.7952880493762	470.7086339457592	5744.742908308134	3.994328506846998	3833.217192690595	152.53726990010315	478.43405364831034
217.75	9100.982601989688	22.181093547188212	1120.1475374556826	219.93583719587852	476.930032004212	7548.204886095442	23.49856070121795	1907.968473720452	372.9404814253741	477.16094239950826	6162.353351902814	24.848033915865425	2616.8918520472926	506.0320106732308	473.1965175489662	1714.8301704891492	13.94863402964816	5462.164835751767	722.5802426016552	470.72097448869926	5744.8287160365735	3.996547658290954	3833.205442264392	152.56447933469352	478.6638652051767
220.25	9101.057844944988	22.179936345835394	1120.1493322021204	219.9343465005438	476.79408548311085	7548.207852731575	23.40997638833914	1907.918089558459	372.95011498550275	477.3504069971178	6162.530373974233	24.845079166882392	2616.7508680001056	505.98713083532124	473.08474219418827	1714.8746247288727	13.944440344055673	5462.260607898982	722.3729990829307	470.9651253024826	5744.681743768503	4.000440386976318	3833.444343806894	152.47145848689956	478.6692836423717
222.75	9101.032060461735	22.1741603922908	1120.172716186318	219.90392092664263	476.9675615001373	7548.254736481584	23.397216455149756	1907.829086005383	372.9414860688066	477.400659858974	6162.7235991887665	24.83786864589193	2616.698060522874	505.94042966018645	473.09151424421316	1714.9441809254997	13.937396673771772	5462.4608111390835	722.1464841447727	471.13741884905403	5744.377221141807	3.9963446592641625	3833.7258578385618	152.33772865242364	478.64562386805557
225.25	9100.963385407476	22.17583242854695	1120.1579219319658	219.93449907586552	476.8923154471748	7548.413264797618	23.410603236100513	1907.8595270766714	372.9599839310797	477.4151735293097	6162.935748892285	24.854863864333584	2616.6197910278993	505.9035478627949	473.0632429157961	1715.067275873251	13.941678242659052	5462.5087785592805	721.9386362084358	471.24815246738626	5744.427908905835	3.991368487371145	3833.964445736136	152.25188980534466	478.59657980579857
227.75	9100.944425650634	22.183909464957413	1120.096925108347	219.9116352265141	476.723330266517	7548.426798897514	23.495059977721738	1907.9129544228247	372.98144515883655	477.2124061668994	6163.108077622646	24.91631856688519	2616.5769147697392	505.91206045030754	473.0191401226813	1715.1152856370786	13.937018631138228	5462.603503314107	721.7428394424145	471.22098977316944	5744.582546920033	3.987633163645493	3833.9781181600656	152.22999715274537	478.61079575230997
230.25	9100.795704598271	22.189226031624408	1120.0351995522308	219.9531025658901	476.74438680744134	7548.379594057209	23.493713503928095	1908.1189438936924	373.0642774749587	477.37504830130825	6162.9995268855155	24.9329947974716	2616.605440808639	505.933198843507	473.13626924256664	1715.245965488123	13.928185580240388	5462.72511246159	721.5642224885644	471.2239241167318	5744.558973799775	3.985515605363704	3833.7629492077713	152.26171953975438	478.61714558883614
232.75	9100.945301805263	22.18226907696911	1120.0241801348202	219.95129641068294	476.78892962446275	7548.534010349992	23.431822521299974	1908.084727962423	373.0326995482352	477.06945641240924	6162.874033743824	24.93906810590796	2616.6514407049576	505.9348624410191	473.1914752097879	1715.4183959493882	13.924649944336455	5462.863550697	721.3613499009789	471.286241425577	5744.504654345459	3.9860204476207444	3833.7086701486273	152.32533403595488	478.6130414309032
235.25	9100.949232613331	22.18585673502001	1119.9330601024349	219.94608771512696	476.7681672595672	7548.311225691377	23.510490727301395	1908.2422815155244	373.1234091207534	476.9559519117224	6162.636096201757	24.998126212799495	2616.933332691267	505.9920543989539	473.37033950635765	1715.626806905399	13.92427380048704	5463.072157036928	721.18302493066	471.0221762441037	5744.166780158004	3.9844723820047157	3833.890790828414	152.23057025625212	478.576838234302
237.75	9100.963455258538	22.181292596810135	1119.924540483832	219.94914830590164	476.87896784557336	7548.336875024822	23.628352521859593	1908.0489822260065	373.1067185816778	476.81377712058554	6162.4097063000645	24.79400104970432	2617.1575697905223	506.06613177650496	473.612735974982	1715.6337590695857	13.923550661630253	5463.193231236275	721.0440421522071	471.09662513170906	5744.238657397036	3.9852901771932534	3833.875625638312	152.23791226209187	478.6580594290701
240.25	9101.028095563126	22.16747176492429	1119.9194806907642	219.94425901085165	476.93693634741567	7546.873446714532	23.70552698629991	1908.9597998683334	373.4915741849855	477.16929278967547	6163.217330819062	24.617708303163933	2616.507860793284	505.83949402184896	473.31995236556287	1715.7393035734024	13.91442151135565	5463.411529993585	720.878332741337	471.17893513043515	5744.070567448592	3.986438317784618	3834.0723792143986	152.12606680625942	478.7536298157894
242.75	9100.89147841872	22.178326853862202	1119.847286929633	219.93946735525816	476.8913294230121	7547.953346952869	22.70708804028128	1908.2222348782952	373.2431303575524	477.3720282633384	6162.816119264236	24.924177143945347	2616.782482913808	505.96790225912633	473.60885228795485	1715.7849317377443	13.904144412377386	5463.581983486426	720.6992914535563	471.279938974836	5743.826800269582	3.986258914694519	3834.3584733836337	151.96500254397384	478.80554040196876
245.25	9100.871884645623	22.16492849231101	1119.9759539512052	219.9219454269209	477.0136010461021	7549.661158233583	22.618271298306464	1906.8400890400653	372.75809272802195	477.4359385978432	6163.691382252996	24.488557543087627	2616.291202263041	505.7828615094081	473.4792485511615	1715.778841370431	13.902859856372253	5463.662178219438	720.5400073029735	471.24067365158726	5743.6723777231955	3.9744807652971046	3834.6034600023327	151.88629894288547	478.7198845640459
247.75	9100.923983968769	22.170332981488066	1119.92786918162	219.93668204804695	476.9406671777989	7551.302183895598	23.062180701134757	1905.5793535796981	372.29145069099064	477.4971868574048	6163.937372309074	25.07682281984923	2616.0273724661083	505.7191613697579	473.5242634213741	1715.7232924835394	13.903634147505786	5463.734709728114	720.3506254827005	471.2670421452346	5743.651348064287	3.971811001616124	3834.632432732008	151.8772871693738	478.6643902198807
250.25	9100.934943180828	22.179140661105016	1119.909074610679	219.96923166111642	476.8818630269942	7550.291995912634	23.66150831965319	1906.2197686974005	372.5613393486447	477.7688268960505	6162.43365724951	25.15078574122773	2617.021321641639	506.08384950558224	473.77939219146367	1715.7986612331772	13.904355490856023	5463.850885979865	720.1338270102431	470.8478704773937	5743.846367356241	3.9815436398327213	3834.0748485643967	152.14129304250096	478.354450801653
252.75	9100.854248649308	22.16250574214735	1119.9232465293767	219.98884830125152	477.12830679997035	7551.11709883368	22.75925521715505	1905.787852371588	372.44720590742094	477.9183919095735	6163.55517456766	24.48724459650501	2616.1237087536997	505.770237358072	473.2348233709338	1715.8595093629067	13.895974628616266	5463.898906040341	719.9830585183278	470.93122504235225	5744.011131638036	3.97755218247225	3833.5569675851752	152.40696892142083	478.52825103696983
255.25	9100.983085562224	22.16351794865309	1119.9198445405943	219.97931583072526	477.0533424377119	7552.930863569019	22.58176672727474	1904.5217687666309	371.98901953274975	478.03094007648946	6163.0269718629415	25.555803673691575	2616.6945112533585	505.9525591462521	473.7104440525639	1715.842313861876	13.902964826065169	5463.931540956397	719.7862757267131	470.7760383643997	5744.089278594223	3.9861947601969376	3833.327299156585	152.49403411873124	478.33557231960424
257.75	9100.881363047907	22.15878351181998	1119.8185736939013	220.00847153224544	477.07480767180726	7554.678927700339	22.578806526012126	1903.341811103033	371.55186450119885	478.1740378888433	6161.237851967015	25.483340895130336	2617.8292968774886	506.37332918534486	473.7957974235355	1715.8975297024276	13.902251021017213	5464.074401677381	719.6436191715338	470.5749258505075	5744.783354060053	3.997571717529978	3832.2587882147873	153.03135968993715	477.7532453494038
260.25	9100.839361000017	22.158563532714922	1119.8087371526553	219.9829017553794	477.1881216993977	7556.415693531938	22.57080641422439	1902.0510317670166	371.1057124439791	478.1792589938679	6160.890955642003	25.1631334083915	2618.303418330011	506.5144299136158	473.79291842692254	1715.5786850781258	13.894128403538517	5464.177550147903	719.5208796175546	470.5853129896427	5745.18465097136	3.994370494404845	3831.29844860215	153.532431858876	478.0316341001598
262.75	9100.9313232459	22.144651540281025	1119.8750090862034	219.93554592089882	477.3352914513423	7557.9243891645465	22.609604557925334	1900.9256153257359	370.724779765637	478.04103172484776	6160.151812143315	25.30133576920335	2618.708323936148	506.64084005960734	473.81782940888644	1715.7248678675787	13.892599456995947	5464.259740963714	719.3865960471534	470.49394130449656	5745.669138955439	3.9990199298425115	3830.912328390763	153.73446886882385	478.24405256529536
265.25	9100.90537974702	22.14045905862851	1119.8381717637853	219.97221387895232	477.35919467456586	7559.287545209557	22.587067951330205	1899.8707485421385	370.3370425907919	478.0739645551162	6159.450935393168	25.14380930183467	2619.070751883867	506.7517545403959	473.87258097448114	1715.8363124923956	13.896111513503984	5464.380676967283	719.2775429867891	470.56949903423816	5745.652332157585	4.002884214312825	3830.829039788417	153.77647299719143	478.22873769822513
267.75	9100.843347573478	22.131440410469637	1119.9505791052154	219.98899612517732	477.5181868037931	7560.6810159452625	22.53986679024368	1898.7745680660175	369.9399359839404	478.22044872897294	6159.723225752282	24.73560310071918	2618.8667091525963	506.67609611516406	474.07606619149755	1715.7963796960469	13.894864767055132	5464.477707605944	719.1462824701182	470.6759894007918	5745.7179967235725	4.007384235811603	3830.59671394782	153.88947449431444	478.0206933045921
270.25	9100.714109144354	22.134314793634637	1119.9590897715282	220.01925118743216	477.47364473626993	7562.079412526066	22.535731714516384	1897.6717410204708	369.58120148458346	478.2216064740439	6160.6998981352635	24.52706038278084	2618.057202033792	506.4263252696333	474.078682151096	1715.775622340882	13.893656351672174	5464.599030146145	719.0083909405711	470.6725202736847	5745.915311410174	4.0066728763980395	3830.045985741305	154.1234574921484	477.98623747395146
272.75	9100.910946324595	22.13090427177432	1119.9150543925898	219.97174176762448	477.3988848017041	7563.365098046793	22.530051027776224	1896.5281544221873	369.224986670632	478.32360914039344	6162.232150207418	24.563981913564746	2617.0213215307326	506.11789840165983	474.0372409162129	1715.6171037022054	13.88895797035247	5464.775491118357	718.8818802140014	470.5318210723781	5746.038082002925	3.999307511637044	3830.064253659993	154.1572872737828	478.3494194147026
275.25	9100.964560539767	22.138559093328094	1119.8270756111156	219.9646508079731	477.3521854669827	7564.617422575884	22.53208301404424	1895.4725929989281	368.84647040004467	478.33013479530064	6162.966043914532	24.698931362411944	2616.450441777414	505.9554769926739	474.1789137015872	1715.675267798446	13.885365147555648	5464.883280639031	718.7473683694966	470.5189581545629	5745.804710416028	3.9879918296523535	3830.5001617944354	153.9621643132297	478.432102948833
277.75	9101.196629762017	22.15258557898917	1119.7556335755305	219.97709388130494	477.1823591058789	7565.903095914151	22.532215519639436	1894.4472592397003	368.54020330819736	478.3008662862251	6164.388143192477	24.586105971982036	2615.442930504049	505.60543892016216	474.1571675011499	1715.6897331884438	13.876554677763325	5464.952416047294	718.608305456926	470.55071626118763	5745.567855067466	3.9781975202129742	3830.6187529957165	153.84875544650228	478.22002501800375
280.25	9101.37002557026	22.15445775575376	1119.751631162643	219.98065471066747	477.1899590630953	7567.053087740902	22.546251463338017	1893.4717516849246	368.26400179028707	478.21722558970356	6164.960536378146	24.77027544389037	2615.041421436472	505.51098580373	474.2844186102432	1715.5833766432966	13.87545401445311	5465.019455575314	718.4582214642118	470.4855195843195	5745.652348278301	3.981933042608001	3830.688337520483	153.76667612243483	478.33242763408145
282.75	9101.324063055918	22.15126828501855	1119.6787527030908	219.96615138838854	477.1501678216524	7568.223853023349	22.643594121340076	1892.60117902236	368.00094235556116	478.1318319166743	6166.41698011757	24.594564440319225	2613.9310951134926	505.1426658239625	474.1124313995148	1715.7962989740706	13.866481850087151	5465.120633788684	718.2631760190711	470.5474434338731	5745.739232378273	3.973293879191216	3830.5929616418953	153.78162864623314	478.1678894269394
285.25	9101.27637832791	22.152194230035665	1119.6607128594214	219.978374204342	477.2591210968995	7569.130505498313	22.737855834071553	1892.0609748585834	367.7984049491335	478.24583791569347	6166.438480877601	25.18983467722838	2613.976343313894	505.1828025696141	474.09024394976905	1715.8974803865774	13.866722266837508	5465.307035491629	718.1094657387565	470.5207304475581	5745.7782528156695	3.974236731839543	3830.5533930027436	153.80344307478552	478.3271927197279
287.75	9101.238717253476	22.161756625527005	1119.6056365340055	219.985522232841	477.0930644708287	7569.658725521435	22.76282922467634	1891.6117806158381	367.68117154468763	478.37101295456944	6166.427527178226	24.919090709416206	2613.799574882058	505.1806773334127	474.25517730636585	1715.9397057799256	13.865439800380297	5465.316126317561	717.9734728093382	470.6754444028494	5745.8367281835435	3.985155996611432	3830.513023777114	153.81366234790715	478.19728717688713
290.25	9101.274309809372	22.160927557248012	1119.680437496986	219.95652777670446	477.035577462558	7570.208747800743	22.776969891034046	1891.2432545563486	367.54515410914894	478.3403595970745	6167.187577007769	24.843897431761082	2613.38114233122	505.0439582818967	474.1516241257414	1715.8601773300632	13.863905889782973	5465.384660258319	717.8283940609681	470.63636818177105	5745.855980928216	3.9909892443615247	3830.552342044487	153.81282666350018	478.3341856570975
292.75	9101.2863954265	22.174531846577114	1119.699602001595	219.96541679800217	476.90862163006193	7570.648462774662	22.748442607715607	1890.7332389875153	367.432240853168	478.44849963817427	6167.436172254117	24.960936728598913	2613.0588796112957	504.95034823915745	474.1812493043221	1716.1873507815017	13.859444676788494	5465.490399293829	717.6562948729735	470.4802970191674	5745.648448232875	3.9918015814167727	3830.8450583679887	153.67796550850156	478.2709679819727
295.25	9101.488883128979	22.177544494337667	1119.6251637489968	219.9704987449239	476.80944560925485	7571.187088614029	22.752350335685485	1890.323788598815	367.3594450946086	478.3610768982866	6167.74565273829	24.946503988792617	2612.78562308164	504.87308711697267	474.23977461112435	1716.1151628194548	13.855664541111386	5465.517073151516	717.524239087451	470.61872941290807	5745.797957820298	3.9896117970933846	3830.348241134342	153.94407337144457	477.93154520652337
297.75	9101.381359100584	22.187781610257645	1119.646177525952	219.95346327312663	476.6826654678259	7571.653220110639	22.736493753207004	1889.9975490848162	367.2338054395102	478.5705228291842	6167.795644118577	24.957555430947234	2612.4495082353096	504.8494861464189	474.2889221585795	1716.3418755963617	13.855364208789812	5465.5228086963925	717.3686277579917	470.7078556587999	5746.077375504128	3.9924258328987032	3830.1318163089823	154.05598099157436	478.32195876240024
300.25	9101.40988946508	22.191508408974954	1119.6204611146939	219.952327286286	476.64166671157415	7572.136469103895	22.744204829146874	1889.5803773004407	367.13381598231837	478.7000932912021	6167.844071503046	24.866730682176602	2612.2952039855104	504.84387075643684	474.4475195069422	1716.4758735618395	13.850614747745457	5465.546365129049	717.2855435072711	470.5456330146443	5746.0544310024925	3.9926076322470063	3830.398385144853	153.91383908239894	478.3686582071455
302.75	9101.513278072229	22.1953817935569	1119.6310826427828	219.94394210280055	476.63127327129524	7572.679724977598	22.79127704135642	1889.2452071694495	367.04320528593604	478.68261323440765	6168.860620963696	24.56684136855269	2611.6587940026593	504.612673032707	474.4968220693431	1716.8082164092239	13.854061680518306	5465.61405702856	717.1747189618156	470.367394925323	5745.7226364069875	3.9910545912390716	3830.764181184919	153.73840315614973	478.3788463107221
305.25	9101.577502397264	22.19429358891767	1119.5753371217977	219.92728812680244	476.6135610249741	7572.974989619047	22.76123601442432	1888.9973816383374	367.01310953408256	478.77760365439565	6169.94745085042	24.668853965712852	2610.8377330533613	504.30936582217504	474.37244292297044	1717.1159290884889	13.851036124282949	5465.670785693604	717.006584400509	470.48911223531036	5746.125544910278	3.9918622646658433	3830.2860570790913	153.92647650832956	477.88076782610983
307.75	9101.730730379853	22.201094523291196	1119.61867924089	219.93767772365266	476.6048900982169	7573.419326076997	22.71622650335261	1888.5662341295622	366.8681825248794	478.8216235157141	6170.331622160633	24.81285102654563	2610.4364317777145	504.2081397078002	474.5660438499882	1717.3171865367103	13.853118179120955	5465.7241674946445	716.8809899845601	470.32441765430264	5746.3799257738665	3.9953403137184385	3829.871335414191	154.14952429527102	478.14883783098514
310.25	9101.699313302475	22.190193771741416	1119.6903500031065	219.95920156151422	476.7659137477304	7573.8798304725615	22.76361071181849	1888.2477778197258	366.8570953006735	478.9134962829989	6171.098732668418	24.599050047151923	2609.6302398068265	504.0168599053758	474.575010946054	1717.4475435254922	13.848681207726504	5465.774902776776	716.7426070947275	470.21413998779025	5746.145770558343	3.986717754610341	3830.06603242954	154.02560407655477	478.3872852500153
312.75	9101.65228819182	22.186144069242996	1119.725920410583	219.94078723362327	476.67945477537774	7574.289100546709	22.76612662833449	1887.8662140747267	366.8218543561676	478.7108420220446	6171.830508317487	24.638058247202178	2608.9808894877065	503.79559640824647	474.623454462321	1717.6902738517213	13.840712828332704	5465.818735828963	716.602674441092	470.1850200597448	5746.2185231034855	3.9861908190016417	3830.1262949458733	153.91983608466592	478.15431484273716
315.25	9101.425934036557	22.189050821257414	1119.6770895981583	219.9389648778274	476.6685492136225	7574.5785609122195	22.700122123100513	1887.786654957657	366.77662415523963	479.1015797271459	6173.093174701013	24.75776625122712	2608.2250491989557	503.5294308226643	474.41500764886973	1717.8204633851622	13.842168699723485	5465.889972137033	716.4287931607048	470.1275134092387	5746.459865875729	3.9867180477327184	3829.913764635818	154.00365184698992	478.1749195433827
317.75	9101.467855733263	22.196000986542078	1119.7652713591644	219.94217667911542	476.7037696120165	7575.275718391926	22.55414028065373	1887.297498039389	366.6074088666605	479.05200585316817	6172.581556373865	25.149756965200687	2608.406539327619	503.63563957019056	474.60938850612933	1717.9898527910782	13.84328945863722	5465.945235850551	716.3046230655385	470.31201683804557	5746.583698167107	3.9884862502850766	3829.911239575559	153.99516060539412	478.30100572526237
320.25	9101.521001259312	22.179942553613312	1119.7469026153658	219.94591591920937	476.85165023050126	7575.716341727895	22.6648689537663	1886.8667118747737	366.4776482657744	479.1154892337376	6172.711287724618	24.758492628485175	2608.208197826469	503.60134175642804	474.6950480314496	1718.3004302924335	13.840193540439058	5465.945217480939	716.1557155441923	470.3135250829999	5746.516539445121	3.9908462467736303	3830.0620398432993	153.88493353314567	478.2947014867977
322.75	9101.51205545636	22.16979803673905	1119.689114018335	219.9388442278905	476.96871662146054	7576.1064170397085	22.725333192857107	1886.5835289381505	366.39364514820545	479.1638864468642	6173.423160966559	24.53503850858028	2607.6814519150157	503.4332220784136	474.96783813350953	1718.332877269324	13.831719817326588	5465.903120999139	715.9913583834812	470.3158376379458	5746.34922506272	3.985887221881607	3830.273826744788	153.78390581192312	478.37104022381294
325.25	9101.50920883662	22.168505304983878	1119.759161126285	219.94214325035082	476.9044857782936	7576.237135222939	22.726647723349533	1886.5274303226165	366.417420236947	479.15415522930044	6174.919185070917	24.515980514027294	2606.5634381168106	503.0789301269538	474.76248496168245	1718.2097886692547	13.817146910081192	5465.907015996947	715.8631384833164	470.3374456215511	5746.303343489072	3.9736325839821816	3830.3519727997664	153.719761832122	478.2655900492738
327.75	9101.583289187372	22.175930279603428	1119.790563337645	219.91379309661372	476.8055984829795	7576.8022234095515	22.618022930486603	1885.9571181564754	366.24131894170495	478.815366327799	6175.20563289078	24.820698696261687	2606.384257120311	503.0122815029594	474.86157455525114	1718.3131358069802	13.816272211584854	5465.8914129625355	715.7197648044529	470.4191118867815	5746.512657912654	3.9765416636549364	3830.1014123534346	153.73952254863812	478.08908833039726
330.25	9101.552711602815	22.17518146519405	1119.773306340554	219.9625858545016	476.81973038376145	7576.962750838161	22.795692929373285	1885.7866936997045	366.2018966801926	478.82856492329586	6176.470187967758	24.35900304344482	2605.4685913176195	502.71982001516204	474.8673813267269	1718.6948770763292	13.814743824227747	5465.8158231660245	715.5890003017668	470.36025652103046	5746.888999829636	3.9709799818881395	3829.769551217184	153.8841384751129	478.1550142407241
332.75	9101.37889947663	22.185618814954644	1119.6642675157875	219.93080177566	476.73245377425525	7577.319263988401	22.72846184013708	1885.5297633406524	366.12128325516704	478.78773566468493	6177.454256468224	24.5106073144423	2604.6597510566808	502.48787797857074	474.9378422042525	1718.8176695608538	13.804456569010462	5465.7821214205815	715.4388396756822	470.4593020990801	5746.912793367178	3.976567048287925	3829.991045314809	153.7628771837598	478.4483099328224
335.25	9101.779869975051	22.19024738682225	1119.5842622420114	219.9200794774673	476.62832445165577	7577.630144135423	22.70650101467534	1885.3315196739347	366.10654246875964	478.86429684724834	6178.636991833958	24.54846859693529	2603.8293970733216	502.19329411171066	474.7761210854906	1719.001150338293	13.80487981563101	5465.7030733217225	715.2680376114199	470.62779842728173	5746.567995810504	3.968047363362366	3830.381831226494	153.5109114633401	478.4770190453992
337.75	9101.980472384374	22.196089837083417	1119.475482065934	219.91723266796438	476.6405604350265	7578.280931870473	22.653837167616256	1884.8685197105256	365.963287460277	478.7012806631816	6178.85809490534	24.65822721446012	2603.5723905844966	502.1131910546876	475.0443404748434	1719.0918421094486	13.795327025721779	5465.6329366752525	715.1028076911106	470.5910681763263	5746.639451081439	3.966234258079552	3830.4950761513765	153.35203073548251	478.30012329356026
340.25	9101.995128862094	22.19731145360466	1119.461632951165	219.87678937465373	476.5946982277785	7578.507377899554	22.7872476914019	1884.708078837095	365.9745933839653	478.9156614958937	6180.179808910071	24.353036741228134	2602.6102040531837	501.83357232949373	475.0477863654697	1719.3248633242868	13.786774424222926	5465.582984119293	714.9717827190212	470.4874547223565	5746.7736092093	3.969478475104827	3830.3966725254654	153.3556821101752	478.2826318962788
342.75	9102.224027750435	22.199574860709678	1119.4275802481288	219.88597336382415	476.5453791909941	7579.06924176271	22.674005632173838	1884.4371606968712	365.92236141882546	478.8519904531427	6180.941296232143	24.54818008461028	2602.0013501929316	501.69427078576587	475.1259888725936	1719.5197260790194	13.790621898583748	5465.527564052925	714.8013165642451	470.6593319209173	5747.1076667359785	3.9675239434250456	3830.0733887772035	153.48601263837693	478.20764486625745
345.25	9102.420239920026	22.19609090009929	1119.3776551614822	219.88329415139344	476.568380950882	7579.316533441846	22.817026395813375	1884.2971564460931	365.8959960088774	478.64891008535545	6182.055592002523	24.304480088275287	2601.1803559005816	501.45878043623213	475.2276791356121	1719.7935599102123	13.794843379521115	5465.325814519786	714.6479566441162	470.62518845586715	5747.184843798802	3.9671981815364656	3829.654052446422	153.6671583901736	478.04974102668496
347.75	9102.516745095756	22.197013946018185	1119.3028497349865	219.88970599204717	476.6199602692731	7579.119412700936	22.87838052420348	1884.4224488565596	365.9465802756895	478.77554070055504	6183.6672188085195	24.181130556520927	2600.105832101477	501.11624614467553	475.306589677284	1720.074457538924	13.794575177260713	5465.210693041967	714.4786696030983	470.7160646195048	5747.215237361628	3.965674695725657	3829.4061990101713	153.7413682597193	478.37523193990444
350.25	9102.745853789496	22.182959203287453	1119.2531204717511	219.86450084779293	476.7683857091767	7578.855413840349	22.73420736878329	1884.3947749870672	365.98478733989504	478.894407208247	6185.117579810791	24.374810693479333	2599.0145237655443	500.78983740097163	475.1767320612488	1720.3456737773529	13.786317172381668	5465.140893289509	714.3104262931192	470.8301135366005	5747.369517692448	3.9646148697712595	3829.536032377131	153.6650685667728	478.26072713147323
352.75	9102.972078794368	22.18044407413985	1119.2227509453492	219.86547224299167	476.77549214823796	7579.561770340956	22.56477895886829	1883.9017938799232	365.81302578608086	478.6123269718723	6185.546234689224	24.653172536738822	2598.6897647154533	500.7309031000526	475.1823705188341	1720.5315516876385	13.787092270530785	5464.978888237162	714.1761262013481	470.7836562549011	5747.313925625074	3.971318681070433	3829.855500252661	153.45732467147764	478.6415980139106
355.25	9103.067549381452	22.180064659904836	1119.173076678323	219.8418128126519	476.7651839829994	7580.359074743432	22.651359856196205	1883.655561536984	365.7384790575674	478.6684637637135	6186.332686224197	24.53555427381655	2598.1798867464977	500.54081804853996	475.0425003794657	1720.7973423199828	13.783433533784832	5464.884412105636	714.0008109662075	470.8852043554895	5746.995652903519	3.9718120952766727	3830.2981356460114	153.19867403395025	478.4084742640438
357.75	9103.233768683376	22.18525655608483	1119.1835107919042	219.86992258800217	476.75257688835006	7580.861262313107	22.485170240428616	1883.0796429986917	365.5636802863066	478.8483787503226	6186.78150904579	24.800395006266363	2598.0555035230714	500.5409767611551	475.0631542440538	1721.0192344646352	13.78399523249042	5464.675340462391	713.8166111493701	470.7467190899921	5747.073832516855	3.9705086023208405	3830.2322103035763	153.1546768955455	478.34844722346645
360.25	9103.067612107883	22.183179265147785	1119.120212943252	219.85710258316104	476.86194108409944	7581.683038843344	22.538870160655037	1882.5684837277427	365.3699402522278	478.94565365235974	6186.782787244086	24.701747742684006	2597.8629318722897	500.57823860303273	475.24514580800184	1721.3491952043676	13.786489476555339	5464.525410976092	713.6309097020667	470.75194709606	5747.22639475374	3.97675290281619	3830.290522835776	153.11370814194282	478.47424008084715
362.75	9103.303277930037	22.19297568395231	1119.0491704766189	219.85150271977474	476.6232234898215	7582.33370507094	22.56346873632729	1882.2453757387013	365.2605721427548	479.04311856061	6187.126029680845	24.64439834361013	2597.567781552611	500.47511353241237	475.1741825248142	1721.744885273152	13.787087496567906	5464.412080156786	713.5180294815655	470.75830607488376	5747.4308376124345	3.9761186725237883	3830.3733578728884	153.0325068984712	478.406269568305
365.25	9103.305448529352	22.185521199688665	1119.0588943181253	219.84093315616133	476.8063860665984	7583.143480803137	22.49721261949442	1881.737499401025	365.0920926420528	479.0506632175967	6187.23577387473	24.748868117279734	2597.483953445745	500.47439432492746	475.342878173971	1721.9270363408775	13.782339181626314	5464.271152589626	713.33583528909	470.7398932244313	5747.371623990216	3.9714495026535026	3830.162196651545	153.09868823080527	478.38753000453613
367.75	9103.226488122367	22.184690118572227	1119.0252499870214	219.82845814877402	476.7106401080374	7583.658304707265	22.669450863176678	1881.302950320895	364.98430803119516	478.83948526720576	6187.70199881152	24.47355212159463	2597.118974944839	500.43540864071895	475.4474994296532	1722.2182404043901	13.784755798429632	5464.287147371109	713.2038453298807	470.82742409803467	5747.3489479793925	3.9779702375293438	3830.2352324501617	153.0148103940664	478.4706747882126
370.25	9103.272547121087	22.176403454033498	1119.040441553645	219.812798484142	476.8626205428464	7583.6180624604285	22.74033466382855	1881.363404818388	365.02859087429886	478.89103167849396	6188.976667791076	24.435034137193334	2596.1667710642146	500.13984617956817	475.0877717242391	1722.5535629458327	13.780406590480242	5464.153082292369	713.066320721117	470.96709380255635	5747.380585347606	3.9582866662664804	3830.307624874302	152.94521487106516	478.4514308501406
372.75	9103.236106787645	22.17067867982322	1119.0523031140444	219.81415236224888	476.9284307578212	7583.99978429273	22.47950178775182	1880.9187686399423	364.92629402709946	478.88624808689076	6189.0723874292225	24.942379460926155	2596.0749392615116	500.1941042086652	475.1752234316256	1722.7263670953953	13.771081852286947	5463.998689913153	712.8834998234728	471.12140368393443	5747.401506523137	3.9633503204997687	3830.2224591697423	152.9643214561223	478.32004427248336
375.25	9103.044284383306	22.177592086021463	1118.9563790442132	219.8044722836415	476.88656669646707	7584.724034763827	22.576142341428284	1880.4728755659014	364.7823643283679	478.808417653778	6188.859688884618	24.79430278442386	2596.140663482379	500.3071500724969	475.3322464022581	1722.9351780493384	13.759877856391004	5463.972602644866	712.7505288156495	471.1088881664507	5747.496258801753	3.9684761743984285	3830.080613564092	153.0392069405843	478.4141356982789
377.75	9103.06289079862	22.183490609951747	1118.969342348104	219.7666363343417	476.61255936455893	7584.7934786423	22.698957324283327	1880.3901989012284	364.7757933483719	478.9385653973531	6189.234530286847	24.59532314160701	2595.7883947137057	500.1958971062212	475.3129706621662	1723.4095549639737	13.756182061980661	5463.850324079872	712.5967474392284	470.9479539883229	5747.437676632948	3.965147751719683	3830.2299329172633	152.99159817673691	478.5129698245706
380.25	9103.020406046564	22.186913267521216	1118.9364224081905	219.74255852903892	476.70317974842186	7585.224953988862	22.674968215782854	1880.143593506717	364.70798934986215	478.9378671620295	6189.442858704495	24.6198414422157	2595.5459046273495	500.1426496060475	475.43421557566745	1723.6587152327606	13.7452821423701	5463.608606534133	712.4552543850019	471.0118266780881	5747.250472293628	3.9662221990339828	3830.484368719574	152.89375570396422	478.49691778046144
382.75	9103.247626421482	22.20152516689826	1118.841388430689	219.70983548376037	476.4044479772405	7585.200095536324	22.873429604658007	1880.1834856871774	364.7917360276842	478.934707649601	6190.189938651717	24.32239725035171	2594.869593196784	499.9530808626615	475.57557364624034	1723.9076086259379	13.741001121816135	5463.373097748266	712.2978430959845	470.9233840591077	5747.275105284171	3.966150493828861	3830.4267019146487	152.9267026074435	478.3511490154915
385.25	9103.223718006766	22.193535643193254	1118.7870400674565	219.7504005056021	476.6678720700185	7584.868992174509	22.811591521118906	1880.4680482305723	364.9367972568248	479.0075083346402	6191.2828528430955	24.380359281378535	2594.0007689222657	499.67202171628935	475.53888784002703	1724.2857958359452	13.73481155825368	5463.229105144553	712.1764613094967	470.81226133825237	5747.433367301437	3.963972144882162	3830.1923268259425	153.0342118120425	478.326738890114
387.75	9103.37198849553	22.196038849954604	1118.7991958641458	219.7136389273636	476.6800618199116	7585.228825457689	22.63251230631911	1880.2646663385297	364.8969980723582	478.99546389652403	6191.6714201215755	24.628430354078958	2593.809367136698	499.63230697756234	475.56119841748057	1724.5753076986935	13.735343145280627	5463.061998278909	712.0256673446167	470.7493326054851	5747.528451298617	3.9592563860290326	3830.140825419942	153.05039581675118	478.4921627978911
390.25	9103.31445445646	22.18399001201442	1118.6979948602107	219.75422077655455	476.8240731551405	7585.327119102024	22.674041898254252	1880.2775983857853	364.913994300212	479.20182636066244	6192.272301134913	24.54892205908628	2593.3275901508623	499.4458526355275	475.44085739859906	1724.9063764229124	13.729139464475468	5462.927349524123	711.876506464148	470.87615992774056	5747.419168690295	3.9572073053356887	3830.3448891839325	152.92474016763916	478.666832474648
392.75	9103.397898560073	22.166967756902093	1118.6621890928416	219.74299414193175	476.9800467084001	7585.739011930129	22.444650454373257	1879.857410561379	364.79619860381894	479.21197105113123	6192.243255326721	24.838478849286343	2593.3097447510218	499.48381170630154	475.46170855249943	1725.090625615594	13.724381575497866	5462.771915720961	711.6997932196565	470.6593962885673	5747.394057923021	3.96058528085772	3830.4937368604383	152.87735558120355	478.42970923877925
395.25	9103.477368255628	22.17423021215037	1118.591688712569	219.7714291489967	476.8681325976115	7586.435253415671	22.457970697763457	1879.4843484560984	364.6183801675668	479.06741924073646	6191.93966359408	24.84904726931298	2593.353061415495	499.5770638884409	475.3253141313476	1725.3816180818633	13.717519057091847	5462.585340784857	711.580428792209	470.8831482849485	5747.433490548718	3.959729568278783	3830.5876288380277	152.82236618355	478.486123773944
397.75	9103.47286516947	22.17370274776634	1118.5079156742042	219.7864757250173	476.94209414940366	7586.953701511309	22.459317726201718	1879.0327520719788	364.45098110400374	479.03248296200564	6191.610461542327	24.848456321620745	2593.4490384435453	499.6921372634986	475.4459820527423	1725.6379275884283	13.719563579891862	5462.431268595429	711.4452304856492	470.898379630872	5747.519104252602	3.962194522774752	3830.2300900658533	152.95403659339473	478.3111140327847
400.25	9103.343004749044	22.17015553400035	1118.443774617576	219.7960859677271	476.93488629569646	7587.559524469668	22.595090908818463	1878.5943017965308	364.31810150931426	478.81575159586356	6191.583894814428	24.66145064591114	2593.5013742358606	499.75467272685415	475.5166094697707	1725.9174608689204	13.71442080709581	5462.301592584268	711.2506693679182	470.6484128328234	5747.5157363910785	3.968565702237858	3830.1611535171755	152.91058592327508	478.54705722336143
402.75	9103.213931804285	22.174189665857917	1118.4198451560496	219.77960364096467	476.88383241837624	7587.650327407226	22.768168735961165	1878.6527143215494	364.3327754620203	478.6861904329545	6192.488807782753	24.429344338782986	2592.9299388504323	499.61173434018997	475.42268392735616	1726.1518149418691	13.709332046933284	5462.227989577871	711.154724512404	470.7645965835147	5747.4782181653845	3.9673540758836516	3830.3807975645836	152.80354287274346	478.47748714800224
405.25	9103.322793759813	22.178632889647034	1118.3530652001757	219.76539658436099	476.8589214915176	7587.527926433497	22.799914756959573	1878.5958290990775	364.348013337379	478.62353356484965	6193.233700605683	24.397371757854142	2592.4199275992432	499.45101883927947	475.5333346612788	1726.4339478998393	13.711972872475602	5462.073849636619	710.9607131048683	470.81385199188657	5747.47210945239	3.9581400742846906	3830.4668985925514	152.77817057487772	478.46978959853334
407.75	9103.24700712309	22.172731890341755	1118.3303530316566	219.7755205151421	476.96029455747265	7587.022878866506	22.847339192083012	1878.9855646408907	364.53426528160253	478.72970132638847	6194.676308556038	24.514264303542475	2591.4189157245496	499.10268485296973	475.1459411056646	1726.6407852428515	13.703797853346291	5461.8745071591275	710.7720850526282	470.7130683063652	5747.590455548709	3.95741645661691	3830.4301209925216	152.73062176637686	478.52073501548625
410.25	9103.306391339014	22.160780710457384	1118.336754350063	219.75430432350683	477.0766358822838	7587.24647626277	22.848623797562396	1878.7407806134333	364.4590460907114	478.69106918507043	6193.624984346006	24.90890270372895	2592.094392762087	499.3911846429504	475.44301177697054	1727.0831722550058	13.710534188600285	5461.713180829976	710.6423256832287	470.7365526536134	5747.624490819671	3.9638659891773655	3830.485835046167	152.651320019493	478.5148276142632
412.75	9103.461828345215	22.153270379869756	1118.344190527156	219.7403743034767	477.077828949546	7585.658562703225	23.31575791545201	1879.9668858407333	364.94668240903417	478.76589525151104	6195.1524795936575	24.222303975717956	2591.1963952420815	499.0622699300236	475.047147104475	1727.095976783073	13.703862478257001	5461.500960931398	710.5221554025544	470.74692980103924	5747.801793410613	3.952316675779314	3830.4373723688304	152.59535665292384	478.49991524268256
415.25	9103.418401153995	22.16885222489398	1118.2633785173916	219.73990162205013	476.9830996310578	7585.487430073062	22.713474378172105	1880.0635833306137	364.9508485435618	478.6382953778572	6195.045221813132	24.956017080203754	2591.1903254857975	499.16358514136164	475.13496736384195	1727.2970566471095	13.703401569249095	5461.383396847624	710.3508051283253	470.89041070092304	5747.8929468786355	3.949854340474699	3830.4043602348593	152.58884820686887	478.50689850615305
417.75	9103.303480574976	22.16879636858121	1118.2948799299681	219.7004813600067	476.99009650633064	7585.071981302561	22.886071451549846	1880.1441630198453	365.02730366401124	478.72176342274184	6195.043304776228	24.7253131898802	2591.2880613573066	499.22049365505836	475.1524994345832	1727.8269539880343	13.703884839264603	5461.1980459419965	710.2011059833068	471.0545588965081	5747.8395906725655	3.9515417685419503	3830.4023953375454	152.55879721822808	478.5215864895042
420.25	9103.529961224125	22.172203532405934	1118.1974735442377	219.71999498332627	476.9686789027591	7584.835104243003	22.870165389124786	1880.3012517964949	365.14702873446254	478.8395660205645	6195.028866979581	24.73728237388727	2591.3101946969155	499.30547027746184	475.18512209227936	1728.3557174784905	13.701490000078904	5461.037049068849	710.0980228179575	471.18411016709905	5748.046834174435	3.9599525420704453	3830.278299169194	152.57405069519055	478.5501911919205
422.75	9103.481034177075	22.175495382546043	1118.2300569606325	219.74661404308645	476.850387638636	7584.750641570381	22.82626375914491	1880.4058648288305	365.2413848743746	478.9594015333371	6194.889625204395	24.78449577310331	2591.3111809377124	499.35776776883614	475.16595033177936	1728.4683169758032	13.704512165785749	5460.9086558022245	709.972229710184	471.3122228156552	5748.142856814588	3.9564922222331202	3830.2954037086624	152.5512771920343	478.5052445683089
425.25	9103.688807774715	22.170288486807234	1118.195510682136	219.73677915144478	476.9263243778018	7584.909984352419	22.665829008156695	1880.3460039132679	365.210078971852	479.12435945151407	6194.668862167483	24.96937455691369	2591.529483421817	499.5114421612086	474.99321486905853	1728.8179525715582	13.699983428562257	5460.6669334805465	709.8336911264797	471.62894545636095	5748.08797021006	3.955853111516018	3830.3577162559986	152.47452298413998	478.5815888960391
427.75	9103.725438010732	22.17421032198917	1118.2491556461737	219.70712468561877	476.95833669609084	7585.126818477958	22.544364375804204	1880.0417821020148	365.1473508566717	479.0744987645166	6193.974582121147	25.14618566705006	2592.0209364908874	499.711530550685	474.9338772794745	1729.0968335943505	13.702391184044261	5460.441318899483	709.7041748643	471.65114201277805	5747.852941651565	3.9636791266444047	3830.5092401412594	152.37597649427968	478.61738354157075
430.25	9103.64663765953	22.168386377170926	1118.1746914103908	219.69674027475213	477.0960721524197	7585.693468476289	22.59589540439076	1879.6149993907466	365.0196685017501	479.11573817129914	6192.950371878493	25.052754264507655	2592.6980831379433	499.9779794925104	475.14422773471193	1729.1907511955637	13.703778613446477	5460.289714522879	709.6007904007355	471.660615982844	5747.697293274913	3.9668447782959415	3830.803679313123	152.19700622584037	478.68542413319017
432.75	9103.67188653427	22.151803195567798	1118.2274617556732	219.7059800198897	477.2058610995426	7585.583298580647	22.7977096391518	1879.668588784687	365.0627659789265	479.43704824214024	6192.818983172387	24.748567575341518	2592.754162696784	500.05744550413186	475.1544525408062	1729.3893278982132	13.704823084919793	5460.062420733439	709.4543753013495	471.7842052012087	5747.724677873812	3.9695923498064394	3830.964499811587	152.09307698475877	478.7738908413885
435.25	9103.647946317611	22.13452462321402	1118.289316917873	219.7351806598326	477.45878970207406	7585.366245129554	22.79362808240792	1879.8048810629632	365.0659116436673	479.45852708342824	6192.785189770184	24.730779192903313	2592.736598585384	500.0883049008346	475.34936570525775	1729.753791847556	13.70298337926864	5459.9342520578575	709.3103936215925	471.93105682723865	5747.379065613055	3.965594495298788	3831.387329424387	151.87993953550404	478.8396064909511
437.75	9103.751623590379	22.138414622925634	1118.328199159782	219.71362713033943	477.29938109882073	7584.854290637845	22.972447140450768	1880.1200434831576	365.1828622893207	479.4081362993109	6193.222784007046	24.48992414509703	2592.410460688754	500.0162592975679	475.4495832096565	1729.9579868853557	13.697851234121815	5459.794199925679	709.1763177819275	471.8624176104513	5747.328602349269	3.955477056728972	3831.7980301787316	151.65795451715604	478.8652851689669
440.25	9103.83067480335	22.137107071688796	1118.3631454627803	219.7144546385457	477.4411784943206	7584.151203994504	23.106418400576345	1880.636509973923	365.38921908473077	479.62494920555594	6193.9489082662485	24.29087586836189	2591.8179251177394	499.8185320815784	475.6642449950482	1730.334580440594	13.69977953078642	5459.638470446631	709.0419688442973	471.75815746971085	5747.473087329695	3.948969049481852	3832.077434587442	151.58130811142715	478.7676283578402
442.75	9103.921069974134	22.12447110991581	1118.4086535854822	219.71183227273457	477.5046685087724	7583.04635210393	23.07974939053936	1881.4461253467193	365.69292376460885	479.5868091833983	6194.892936778756	24.30425279430067	2591.1344234419334	499.60079730248066	475.6553288378271	1730.7851695332806	13.698286720526703	5459.477695244074	708.9350968029756	471.8544305282835	5747.519144886475	3.939026997738511	3832.047872760002	151.584579177424	478.7674363943217
445.25	9103.992443866584	22.143006076684497	1118.3889949634963	219.6914419076923	477.2863117132697	7582.5283342333505	22.817891116231788	1881.8856479622054	365.8454934462031	479.59432615327927	6195.483885722044	24.60581334387924	2590.7267714653876	499.51960606049744	475.38882719857367	1731.0889438202767	13.698828248396312	5459.310721938704	708.7667546267139	471.8821096800905	5747.753296050881	3.9395867535605915	3832.121792681979	151.51706493437587	478.7336285444618
447.75	9104.09631966616	22.126269524592306	1118.3114366503523	219.68763701624175	477.59409962946654	7582.605864815954	22.74769671771764	1881.7583037585646	365.8210235026587	479.39008452634613	6195.438594050354	24.709328087090952	2590.874405111397	499.60452701916773	475.6095494415312	1731.2595692632324	13.694249037257153	5459.222863288099	708.6281258980155	471.96690053903734	5747.853568085435	3.940795272596106	3832.221879659663	151.44448477867144	478.9076033633984
450.25	9103.983150384032	22.120665039969815	1118.1981824557035	219.7123905255501	477.5376339986935	7582.164808524998	22.997270593282533	1882.094953520562	365.91200055453805	479.4901503248377	6195.874996160369	24.39932171864709	2590.6008098483812	499.5163097070607	475.66553319350965	1731.7331495539618	13.691703846772183	5459.025511613383	708.4774741908352	472.0178074696443	5747.968394673798	3.9412231477614124	3832.369911713363	151.3286160378012	478.77958836873904
452.75	9104.098265148257	22.131475903902583	1118.2070377438554	219.68884323197625	477.3752537025174	7581.681696215742	22.975671491488708	1882.5436568217137	366.0756287715414	479.5749510855572	6196.4672980209725	24.411088753351464	2590.223843428311	499.4004860918517	475.79171522144117	1731.8957443709219	13.688167070195092	5458.824605752316	708.324568764596	472.105169759728	5748.157134875351	3.938126060932168	3832.2912571188	151.38583140261198	478.6139503717784
455.25	9104.450310656062	22.152635269532393	1118.1905755715595	219.64151454490244	477.2647362192461	7580.9795187490645	22.982363101425257	1882.9178805003571	366.21611560204866	479.55095533180406	6196.874073760685	24.405937501403493	2589.901909858839	499.3138137528201	475.7757451032756	1732.0618073715625	13.693021528661175	5458.639220486253	708.2442763598725	471.9189202198734	5748.215642672444	3.9352171311790216	3832.160642349425	151.42579157754287	478.8491881969725
457.75	9104.51131632456	22.140201298897853	1118.2107797653834	219.64934276616748	477.3331476923273	7580.512742259089	23.044657294866006	1883.2223740537715	366.3450628646217	479.5158755395296	6197.213425109923	24.342372477448603	2589.640456473799	499.2095683938957	475.8637865862152	1732.1953625153953	13.690653462366551	5458.448580868844	708.1387838315823	471.8138312590944	5748.217089524841	3.938716418223087	3832.369223186111	151.32640405200576	478.8248068005232
460.25	9104.627498762105	22.140230857998137	1118.1637210038587	219.63504003951746	477.38349463752115	7579.4741399117465	22.99632660315949	1883.8255581707012	366.60814782266607	479.9924624816089	6197.863534784469	24.34412142296872	2589.089248622614	499.0196730857133	475.8152741145955	1732.5287975988992	13.687982257332514	5458.317103913369	708.0156467021444	471.8679186362651	5748.284093967789	3.937385566615247	3832.232116784755	151.3656931664902	478.74995146081704
462.75	9104.788411374864	22.127989128570245	1118.205451562635	219.64136835560507	477.5600722939512	7579.623461362312	22.62818181080256	1883.7307390988487	366.602584134721	480.0266310153718	6197.551070836901	24.705951279113265	2589.2003437836916	499.0346929943779	475.7469699090959	1732.9043329631247	13.68960327266084	5458.253158433052	707.8799844105808	471.8218551731012	5748.244726969948	3.942619762253407	3832.146458591461	151.34278987168372	478.79868418643565
465.25	9104.550040265185	22.139668874897303	1118.116364933599	219.64883218136728	477.29356550246865	7580.253080172342	22.535670408889192	1883.4851467650717	366.47729004637995	480.0257417001569	6197.1545595192965	24.798705358031178	2589.568325091488	499.1414509885361	475.63654491601466	1733.2792135515222	13.690053060971756	5458.142863780506	707.7031469132211	471.88501008970127	5748.3095319238455	3.9494405411499818	3832.1513078716716	151.31327991699712	478.7157258831627
467.75	9104.568965769158	22.142043936408093	1118.0640908847658	219.61961861210958	477.3616170418949	7581.063261749788	22.410431859397132	1882.9495348936941	366.2537003224879	479.82680120927773	6196.427776891172	24.948587981464218	2590.1289127650643	499.3617162507343	475.7030046453295	1733.7077318087725	13.685106677015607	5458.055309002465	707.5878220143459	471.5443668536454	5748.7608876044105	3.9583039312113537	3831.2902316066684	151.66002977128372	478.3077722883406
470.25	9104.404607728799	22.130563884924445	1118.0725177458446	219.6001385615114	477.5036741799056	7581.975674284127	22.431902536252988	1882.4389600824722	366.1012522246058	479.7960561365784	6195.577722097034	24.91963304312344	2590.7091325687693	499.5638031690797	475.87457086321757	1733.9425572422488	13.685864907198795	5457.945136405314	707.486962067507	471.7009733650166	5749.070408704042	3.9593149426082217	3830.240718181823	152.1324331358848	478.18734285767636
472.75	9104.21471331534	22.119609651985808	1118.0590853365418	219.59578822727377	477.54459809633255	7582.629240786925	22.568573164473918	1881.795759908426	365.921329039907	479.7545385425116	6195.10487269361	24.75379448070937	2591.3008124061143	499.77265357465734	475.9847561052234	1733.9746910084675	13.684578541438915	5457.913830598689	707.3692047546791	471.50127969851366	5749.256461438615	3.96265511661563	3829.945085929098	152.24997102935313	478.72369510219676
