0.0	9099.418066063323	22.25731802665025	1120.6933888360566	220.22955860160326	475.83155697097334	7532.238992647228	23.328030473719508	1920.2574150551195	376.3915273644486	477.03904651828964	6142.372839484403	24.829793275532577	2633.2967253844545	509.80603074750763	472.759987078265	1711.7896954696919	13.58832167829073	5446.177791241422	743.0687074360393	467.8036244905155	5755.297940884698	4.186472360382533	3807.2857401239567	166.3907589063491	475.82727561466896
0.5	9099.421997228092	22.258331201685532	1120.6910919421798	220.2294065938423	475.8333950385754	7532.4077449149945	23.15869814291539	1920.1308298224299	376.3461764457089	477.01713420942485	6142.461993839997	24.793642028356853	2633.2235830784143	509.78418617022044	472.7605166499142	1711.775477227808	13.588479668424917	5446.243374548793	743.0170632686485	467.813070322683	5755.237542933055	4.185043530091388	3807.414369042945	166.32695733244014	475.8265987641353
5.5	9099.456632992351	22.257182956057555	1120.672985165946	220.22911739352662	475.8534014767635	7535.248902527174	23.15473587723455	1918.0151289321577	375.5907429189431	476.69354909392536	6143.686929949627	24.715282631372776	2632.24696639009	509.4787744428892	472.72786995048244	1711.6444010149974	13.589418642712632	5446.888208620728	742.4987215842864	467.9051229932538	5754.773024530298	4.1709600565488305	3808.428432575722	165.8226999710719	475.84605818620724
10.5	9099.49959497432	22.25521035869286	1120.6516142327189	220.22668240805402	475.8752866742447	7537.391181950178	23.256984730498875	1916.404870190163	375.0320782289798	476.4595355088444	6145.374665738728	24.666587100856496	2630.928909027325	509.05429488303463	472.6310797794254	1711.541368021729	13.58951274631312	5447.505259180924	741.9766563775032	467.9923875727789	5754.4512083419395	4.157880186477344	3809.1720207258	165.4484329023538	475.8900564880834
15.5	9099.552452028058	22.253261152829904	1120.625313991348	220.22222219534274	475.8991343295134	7539.103110199211	23.321639370264258	1915.1061480281103	374.59552500293125	476.2772784493698	6147.240585036772	24.643748849499136	2629.478186633967	508.5866517998395	472.50592431129576	1711.4743728840756	13.589302688010099	5448.08735306526	741.4500537634192	468.07433181281476	5754.193890888341	4.146702355608521	3809.803488155837	165.12414127586354	475.94350541975496
20.5	9099.61545576793	22.25125138269775	1120.593658437448	220.21593703016734	475.9237734685893	7540.466223868607	23.30081436396465	1914.0611697996446	374.25730217342544	476.1358370705392	6149.207612093458	24.66748017272179	2627.9512369418776	508.09653954656045	472.36288217371373	1711.446161230758	13.588910713013256	5448.631980190009	740.9186883675458	468.15076833545663	5753.971370570446	4.137150205620844	3810.382531870561	164.8199615217273	476.0000521946516
25.5	9099.685988601275	22.249507793995306	1120.557596554885	220.20835733771358	475.94824336515995	7542.077536931736	23.31268501971896	1912.83388854398	373.8563794532241	475.96027278584336	6150.962113539673	24.679267378980153	2626.5800850553833	507.6656154083987	472.2418648923159	1711.4560210271209	13.589036171612033	5449.140037801819	740.383171503433	468.22197877895917	5753.770963567319	4.130233926181085	3810.931262779983	164.5254182369701	476.0573241228592
30.5	9099.764284255476	22.24753906791069	1120.517266130078	220.19951227860952	475.9723435514469	7543.382726408233	23.361452816200913	1911.8300193224707	373.5412644018402	475.82345056513657	6152.778170650781	24.670253999275314	2625.1625472373003	507.22202075899503	472.10634744058757	1711.5008362115336	13.589084107057971	5449.6135487799065	739.8443803899576	468.2882776068422	5753.588053740589	4.123998559431649	3811.4583085939794	164.23696950250797	476.114372385595
35.5	9099.850321657697	22.245606349284685	1120.4725449013476	220.18945595370803	475.9964187790345	7544.447101687319	23.38754877445715	1911.003105093517	373.2930327403574	475.715699513918	6154.609906505269	24.671835964764007	2623.7324398654314	506.77784606139323	471.9627370907389	1711.5811529669313	13.589115893365486	5450.052155144684	739.3022322771576	468.3495915403926	5753.421026973964	4.118394977417876	3811.9666937084157	163.95319073299999	476.17085328464583
40.5	9099.943266491679	22.24368882743034	1120.423786845365	220.17838139724182	476.0207355864149	7545.389103731019	23.40774934368612	1910.2673601582517	373.0789485221447	475.62270990675427	6156.3990996981265	24.676586481248933	2622.332988966339	506.3481089796307	471.81872485084386	1711.6962598346984	13.589238884199473	5450.4565298965335	738.7570078142508	468.4060112238876	5753.26873204471	4.113478482346811	3812.457716309679	163.67371382528654	476.226606492386
45.5	9100.042391624977	22.241733359326616	1120.3713602030994	220.16644349041925	476.0454342791415	7546.198264712505	23.435387059827768	1909.630888937005	372.9012824300995	475.54701467111573	6158.143800175138	24.679142326389297	2620.9659627481496	505.93300574414513	471.67512697977173	1711.8446702310462	13.58944455523483	5450.827883736981	738.209174938833	468.457715004866	5753.130278787423	4.109056169934804	3812.9321212010163	163.3985362624537	476.28155373697444
50.5	9100.147109453868	22.239727041582086	1120.3155686777147	220.15376265854076	476.07064219879624	7546.837286668518	23.460399745497405	1909.1214163299178	372.7695091200424	475.4940563382924	6159.847691667804	24.682581252848745	2619.6289425856285	505.531277696239	471.53235174930006	1712.0249469385465	13.589706177925182	5451.167383288929	737.6591726751285	468.5048855053192	5753.00496060993	4.104954420290917	3813.3904456350797	163.1277126755707	476.3356575892662
55.5	9100.25667742021	22.237683861155073	1120.2567818031282	220.14047651904556	476.09645902228925	7547.351201283918	23.47861471944541	1908.7064836357777	372.6709514488447	475.45858092979205	6161.490456402555	24.68850909261677	2618.3372618577478	505.14790797923223	471.3941500026102	1712.2355693823654	13.590049413674578	5451.476301564355	737.1074681261434	468.54774376643843	5752.892016408681	4.101158172249961	3813.833190658455	162.86130922995127	476.3888985310397
60.5	9100.37025678378	22.23559436248144	1120.1954376115962	220.12672966956868	476.1231285026058	7547.768364365874	23.576089773138403	1908.3656008372711	372.5976301658936	475.4403249031392	6163.057413030381	25.033395508502913	2617.1021384339947	504.7863511556551	471.27416716158996	1712.474651959766	13.590493110283274	5451.7561988814805	736.5546238336192	468.5865809085778	5752.790585411404	4.0976448658610245	3814.260910661855	162.5994091234412	476.44126152770406
65.5	9100.464767488982	22.235422107457175	1120.1416493254574	220.1160647634012	476.15241892696207	7547.513360305222	23.63484878285519	1908.519087910878	372.70427799699223	475.5135245436796	6162.130916203067	25.26107659088499	2617.705732204553	505.08207180426933	471.48455074219964	1712.7229578570757	13.596391725941395	5452.025754267962	736.0076176808775	468.6250599727344	5752.685286422852	4.1055830769282124	3814.6771879136577	162.34431346908133	476.4926388274865
70.5	9100.542080932184	22.23313982725677	1120.0976201441756	220.1078745392284	476.1810051850696	7547.186294033454	23.6431272717827	1908.7305076789178	372.8265498782012	475.5953083666226	6161.084329088345	25.239244652601204	2618.4043452509654	505.40534368835046	471.69956178724	1712.943608763613	13.602388441760116	5452.310233402918	735.4759798691583	468.66698801587637	5752.570309049159	4.1108938647063065	3815.0885806451697	162.09853021812881	476.542359475116
75.5	9100.60646456883	22.230953471225114	1120.061009966431	220.10120088827304	476.2083787802455	7546.814360572863	23.651451688815108	1908.9795540275443	372.9571566400742	475.68266956185175	6160.113221255845	25.217887653124155	2619.0541288875093	505.70435128431825	471.9000267663536	1713.137604926312	13.608033786357097	5452.60871242633	734.9591431194074	468.7119239727528	5752.447214828065	4.113532824517398	3815.495316362868	161.8611307570196	476.59033649706964
80.5	9100.65924767859	22.228844439871942	1120.0311101551197	220.0958474428802	476.2349141096857	7546.405018809892	23.656444891152194	1909.2603610418516	373.0941703134474	475.7745480480154	6159.209667090502	25.198290614338678	2619.6604611088087	505.9815284238107	472.0875372428791	1713.3069108504603	13.613335257444074	5452.919820504385	734.4563686334916	468.75940528814294	5752.317279391699	4.114286283906449	3815.8970962202134	161.6314732518641	476.6367991117594
85.5	9100.701558960058	22.22678691249495	1120.0073058690891	220.09165652693045	476.2610235878597	7545.97808853113	23.673281672656007	1909.5580651235662	373.2323503320753	475.8688611820375	6158.361684147107	25.17378732859653	2620.231731973739	506.2403400429439	472.26391838589024	1713.4532668662646	13.618314747328983	5453.242365778499	733.9669936650441	468.8090345532972	5752.181426980618	4.113745084756202	3816.29389994056	161.40893517095057	476.6819270104615
90.5	9100.734798735451	22.22469831383561	1119.988877165831	220.08843536631045	476.28725484550114	7545.438969862243	23.701656374133947	1909.9412185406234	373.397507583545	475.97820613399864	6157.603987311299	25.142936805214234	2620.7420578220294	506.4718182864069	472.42473212046116	1713.5784808692815	13.622888167611917	5453.57502903509	733.4903131031376	468.86041207080734	5752.040616171434	4.1121087198983854	3816.6858106987484	161.19290186063003	476.72586953652075
95.5	9100.76039365344	22.222545834099765	1119.9750492910541	220.08599747194137	476.31426196015946	7544.7582883481855	23.705829142387167	1910.431216639324	373.59743438210006	476.1054378971979	6156.947601540117	25.12413005043846	2621.1828512435586	506.67338404550895	472.56891055136214	1713.684892761791	13.627014038950744	5453.916101743338	733.0254780936239	468.91309420305345	5751.895827967096	4.109601357469044	3817.072914958706	160.98272676082405	476.76878601725065
100.5	9100.778688616118	22.220383432472737	1119.9655070757058	220.08433173936322	476.3426003143857	7544.124858655457	23.692493483018776	1910.8905650835948	373.7806565116268	476.2256547232995	6156.29216185853	25.115832276185316	2621.627430045705	506.8719415541721	472.70938595515116	1713.7742044619993	13.630910115749941	5454.26454081895	732.5718985222858	468.96678130998475	5751.747245989708	4.106919131584783	3817.4556264125636	160.77779655302896	476.8108794220326
105.5	9100.789918294884	22.21812955747533	1119.960099681548	220.08343286826587	476.3722791346918	7543.563397675327	23.706458502176673	1911.3005633928296	373.9410155957244	476.33623573302464	6155.625711432729	25.091109137231385	2622.0844694354946	507.07062969186086	472.8464415143874	1713.8466072621254	13.634620668035646	5454.620361793004	732.129390320316	469.02134120994594	5751.594588541319	4.1042066686463565	3817.8348328544803	160.57755080913478	476.8522969267357
110.5	9100.795613985485	22.215737270968443	1119.9581025124457	220.08307253530782	476.402214673344	7542.870003112921	23.753223857637135	1911.8091406575236	374.13437190217576	476.4629243782758	6155.070192057852	25.042305634522556	2622.4641859908224	507.2371487518446	472.9632421615846	1713.903064559229	13.637881396231498	5454.9827755967735	731.6974577835962	469.0764753007325	5751.438409794362	4.100925467523897	3818.211093630239	160.38143057139632	476.89305969076673
115.5	9100.79803590592	22.213370574937002	1119.9583322824044	220.08290543537538	476.43051850576103	7541.921384270908	23.784424554029233	1912.5063031814386	374.39395026107667	476.6196746641677	6154.708090644143	25.001296525633844	2622.705343876762	507.3501106581241	473.05010051862723	1713.9468149982595	13.640485708334772	5455.34925913947	731.2749438637486	469.1316083687318	5751.280072670188	4.096793302048573	3818.5844810575104	160.1887279816428	476.93335715565837
120.5	9100.797985567671	22.211316790648965	1119.9601878377955	220.08282424629698	476.45611366171187	7540.895257787874	23.68817649907929	1913.2633636499986	374.67069924845873	476.78061587026656	6154.415798173966	24.936834892049966	2622.898171456459	507.4427666881448	473.12326706760246	1713.9812211785822	13.64268425604743	5455.717495032666	730.8607737631843	469.18627821105696	5751.119763018366	4.092544838392923	3818.9560472043854	159.99830777622762	476.9738203576157
125.5	9100.798158590067	22.209083964541126	1119.962462860699	220.0824694408441	476.48052234024505	7540.609824916021	23.565336283064266	1913.4842597030383	374.74248981468253	476.84240856504107	6154.452999968273	24.879168800075565	2622.851392037426	507.4465876988386	473.149711888856	1714.0096086472206	13.643955715130936	5456.084687250723	730.4536849558226	469.23990421355035	5750.957583972502	4.087092209677429	3819.3292060105264	159.8078042853079	477.0138597522398
130.5	9100.799900487344	22.207611323727328	1119.9640610779816	220.0816133292186	476.4976743034145	7540.817774356056	23.5291288722497	1913.3450011309296	374.680684939216	476.8457566091389	6154.647580468912	24.862279160123602	2622.6910035221395	507.4075828405871	473.15964602075843	1714.0380532517418	13.644790214623788	5456.446529646329	730.0518956622549	469.2916687332741	5750.807648801879	4.081777838996005	3819.6778560207804	159.6292695906064	477.0440078701313
135.5	9100.802507811786	22.20635145976836	1119.9652305378731	220.08049867181882	476.51400428862917	7541.029085697338	23.529112657527673	1913.2012882647568	374.61965213844786	476.84902018851596	6154.863029323792	24.86074617705087	2622.517062123791	507.36211000267195	473.1675396646844	1714.0689814329887	13.645538538125079	5456.801264971735	729.6548812910603	469.34148561158946	5750.6730744312	4.077302710861669	3819.9959708557776	159.46543718597448	477.07431574894184
140.5	9100.80572622122	22.205083088039334	1119.9660717177997	220.07923095002081	476.530624904416	7541.227666019364	23.527966373804684	1913.065126671052	374.5635118404364	476.8525132862176	6155.076155567642	24.860322784443415	2622.3463222021055	507.3165196976372	473.17522562407333	1714.1026445822984	13.646254721091271	5457.148684217485	729.2626357138338	469.38945450657025	5750.5472069299685	4.073549962696196	3820.2966529386763	159.30984086134995	477.10521773520696
145.5	9100.809510324554	22.203800719837798	1119.9665836652553	220.0778408285497	476.54743016823994	7541.415919098384	23.52660068427584	1912.9349985029548	374.51140698755626	476.8561085256151	6155.284948011304	24.859889132311434	2622.1800237657962	507.2715057598615	473.18287952110387	1714.1389851809283	13.646945847068181	5457.488864062287	728.8751529416772	469.43566452781016	5750.426477228629	4.07033770453088	3820.58686325717	159.15910168130972	477.1359484674712
150.5	9100.813824414283	22.202509562214747	1119.9667707407355	220.07634798899323	476.56433780581636	7541.595790827841	23.524496976909752	1912.8096854990797	374.4626358246704	476.85966445559274	6155.489598823499	24.859211333941513	2622.0178255476208	507.22714777404923	473.1904216608908	1714.1779007114392	13.647613500760126	5457.821941730905	728.4924074414075	469.48019346909933	5750.309561657666	4.067523236495355	3820.869119250629	159.0120413236699	477.16622980583037
155.5	9100.818643155339	22.201214018298295	1119.9666371428657	220.0747668559376	476.58127951160077	7541.772611992483	23.52262299559399	1912.6854668584501	374.41561173923486	476.8626158010542	6155.691463457066	24.85862192947725	2621.858561767447	507.1831935931612	473.19764916993483	1714.2192938354451	13.6482565712366	5458.148055606169	728.1143628410359	469.5231093567905	5750.195952000037	4.064998772760405	3821.1443585212746	158.86824943179687	477.1959549796131
160.5	9100.82392625041	22.199921712748385	1119.9661944960312	220.07311212775824	476.5981914118133	7541.942807188965	23.52101517500692	1912.5650864243398	374.3711873663845	476.8655299717844	6155.889007781959	24.85816474798418	2621.703219992293	507.14013364401626	473.2047561967676	1714.2630748971121	13.648880120405856	5458.467341845017	727.7409811250068	469.5644751684388	5750.0854380347755	4.062700324197347	3821.4129358679347	158.7275918900533	477.2250785897683
165.5	9100.829634663254	22.198634068642765	1119.9654582151566	220.0713969401794	476.6150331783534	7542.107312171756	23.519370403517016	1912.4479935622428	374.32899626220257	476.8683489368805	6156.08231160891	24.857698006608253	2621.5516237322945	507.09801415477335	473.2117066313411	1714.309130861809	13.64948499666235	5458.779949413772	727.3722317279704	469.6043525909487	5749.977896573207	4.060573821306142	3821.6750493467093	158.5900064209025	477.253600067371
170.5	9100.835731958216	22.197354812837794	1119.9644432148605	220.06963255100277	476.63176047079816	7542.26652636581	23.517736330378455	1912.3340105422124	374.2888333827213	476.8710920947861	6156.271271561	24.857246893606515	2621.403750995298	507.0569151396271	473.2185088876501	1714.3573517612062	13.650072339778575	5459.086022469372	727.0080849670485	469.6427996061485	5749.873240444195	4.058581522213533	3821.930839133476	158.45545160932426	477.28151209129976
175.5	9100.842182831339	22.196086699192563	1119.9631652069854	220.06782903751855	476.64833655010096	7542.420891178429	23.516109843510748	1912.2229149513448	374.2504945152168	476.87376121756654	6156.455895389078	24.85680410342597	2621.259514715573	507.01687512810463	473.22516035928936	1714.4076275476225	13.65064292354008	5459.385702500863	726.6485128160645	469.67987142021644	5749.771404068327	4.056695856783848	3822.180412095483	158.32389733712833	477.30881553738743
180.5	9100.848953572046	22.194832227679598	1119.9616400495865	220.06599533645416	476.66472948321604	7542.570765781395	23.514495883311263	1912.1145317137402	374.21380866127413	476.87636126424644	6156.63620323462	24.8563711824726	2621.1188326944884	506.9779194873577	473.2316621573842	1714.4598502436559	13.651197423080058	5459.67912714116	726.2934881382592	469.7156205676798	5749.672330010147	4.054897011753628	3822.4238661166496	158.19531382465692	477.3355133914734
185.5	9100.856012096547	22.19359351331867	1119.9598836085502	220.06413937623324	476.68091204401617	7542.716472454374	23.512898250064815	1912.0087017241221	374.1786242207244	476.87889490037566	6156.8122426052205	24.85594791850997	2620.9816143480807	506.94005827323866	473.2380153954744	1714.5139142410449	13.651736403933297	5459.96643026187	725.9429843593779	469.75009715476386	5749.575964724572	4.053170630510333	3822.661296627166	158.06966944340533	477.3616104450828
190.5	9100.863328009798	22.192372366821395	1119.9579115712368	220.06226817070794	476.69686109629407	7542.85828104666	23.511320289631122	1911.9052945522917	374.1448119765257	476.88136560478216	6156.984075049137	24.85553438204399	2620.847768604189	506.90329127629747	473.24422224510096	1714.5697167838437	13.652260368021961	5460.247741937683	725.596975113615	469.78334902836997	5749.482256428132	4.0515063045855	3822.892799463548	157.9469300135791	477.38711259086165
195.5	9100.87087264249	22.19117031126438	1119.9557393150349	220.0603879063343	476.71255717569284	7542.996427742036	23.509764671322888	1911.8041960121366	374.11225889925595	476.8837759949492	6157.151776368295	24.855130391983096	2620.7172021349393	506.86760923332974	473.25028511630785	1714.6271582065074	13.652769762392351	5460.523188536906	725.2554339833822	469.8154219324337	5749.391154139776	4.049896428929266	3823.1184718079176	157.82705887302924	477.41202659141663
200.5	9100.878619052322	22.189988621694866	1119.953381800931	220.05850402220435	476.72798405340916	7543.131114101426	23.50823336037898	1911.7053099164757	374.08086747722814	476.8861287018497	6157.315431044673	24.85473590590175	2620.58982209557	506.83299635478846	473.25620683917043	1714.6861421351216	13.653264997765065	5460.792892807494	724.9183342835287	469.8463596392368	5749.302607206978	4.048335413064373	3823.3384124309628	157.71001713678586	477.4363598524444
205.5	9100.886542001603	22.188828349529256	1119.950853497897	220.05662128454358	476.7431283754672	7543.262517328005	23.506728414667243	1911.6085515241605	374.0505521209954	476.8884256739161	6157.475129873964	24.854350701435777	2620.465536717716	506.79943182253714	473.26199047348365	1714.7465755791109	13.653746457159869	5461.056974005044	724.5856489046382	469.8762040691178	5749.216565077289	4.046819103402673	3823.55272164031	157.59576400438465	477.46012030300784
210.5	9100.894617926424	22.187690348819757	1119.9481683229624	220.0547438534465	476.75797932056514	7543.390787593578	23.5052513633009	1911.513850290965	374.02123919282184	476.89066907899434	6157.630968213216	24.85397469953616	2620.3442556296363	506.7668909755848	473.2676391677646	1714.8083689780458	13.654214501610113	5461.3155480218775	724.2573501938379	469.9049953953974	5749.132977206661	4.045344369498914	3823.7615011035036	157.48425705259808	477.4833162821891
215.5	9100.902824876728	22.186575300354473	1119.9453396055346	220.05287534660258	476.772528305508	7543.516056640571	23.50380327170176	1911.4211443082493	373.9928640632737	476.8928606554415	6157.78304269022	24.853607731901516	2620.2258914624563	506.7353467740889	473.273156270117	1714.8714361967682	13.654669477947792	5461.568727530162	723.9334098727735	469.93277214034754	5749.0517930302585	4.043908816483046	3823.9648536277527	157.37545249834267	477.50595646570326
220.5	9100.911142459468	22.185483730442556	1119.9423800621084	220.0510188954733	476.78676871146763	7543.638439057006	23.50238497842681	1911.3303799775695	373.9653702498694	476.8950019790189	6157.931451090729	24.853249554216706	2620.1103592493346	506.704770315957	473.2785451007994	1714.9356944753051	13.655111719357995	5461.816622131937	723.6137989849867	469.9595712622653	5748.972961984998	4.042510567572594	3824.162882915675	157.26930543710745	477.52804979275464
225.5	9100.91955177119	22.184416030959373	1119.9393017825341	220.0491771970289	476.800695644372	7543.758035726581	23.500997401402426	1911.241510025064	373.9387080327	476.8970943855134	6158.07629087296	24.852900004082745	2619.9975769427715	506.67513162902856	473.28380896353514	1715.001064369181	13.655541548498524	5462.059338498231	723.2984878617484	469.9854282334781	5748.896433562241	4.0411481161865765	3824.3556933078257	157.16577005848384	477.5496054118781
230.5	9100.928035320927	22.18337247618937	1119.9361162287294	220.0473525616021	476.81430571814343	7543.874933362208	23.499641097774226	1911.1544943030246	373.9128341916158	476.8991393385162	6158.217657834808	24.852558794405613	2619.8874659133594	506.6464003479306	473.2889511695043	1715.0674696612941	13.655959280043062	5462.296980512826	722.9874461086821	470.0103771131218	5748.8221573689525	4.039820220821788	3824.5433895358797	157.0647998389778	477.5706326344521
235.5	9100.936576960388	22.182353236059505	1119.9328342373074	220.0455469547702	476.8275968664382	7543.989209110455	23.49831617744579	1911.0692968385613	373.88771041831683	476.9011380958173	6158.355646526811	24.852225783322684	2619.779950242273	506.6185458682851	473.293974876723	1715.1348372603366	13.656365219245604	5462.529649409364	722.6806426057564	470.034450613613	5748.750083195359	4.03852582306146	3824.726076497278	156.9663477097771	477.59114089751995
240.5	9100.945161796228	22.181358392599485	1119.9294660338935	220.0437620376733	476.8405681662275	7544.100932685729	23.497022942273162	1910.9858846217207	373.8633024526462	476.90309168268624	6158.490348020939	24.85190065874195	2619.6749580272926	506.59153814667025	473.29888330244046	1715.2030970936803	13.656759666706096	5462.757443904673	722.3780455189493	470.05768016302426	5748.680161081098	4.037264002912997	3824.9038590326472	156.8703662132455	477.6111397246775
245.5	9100.953776124243	22.180387947613287	1119.9260212453134	220.0419992002745	476.85321969135146	7544.210165164756	23.495761438243527	1910.904228786106	373.8395801599805	476.9050012436945	6158.621851922077	24.851583287783434	2619.572419621878	506.5653473383177	473.3036794142601	1715.2721819856197	13.657142913655663	5462.980460326746	722.0796223210311	470.08009596285416	5748.612341388958	4.036033928135123	3825.076841722635	156.77680764296932	477.6306386988541
250.5	9100.962407339193	22.179441838036144	1119.9225089229728	220.0402595950085	476.86555237521304	7544.316962524241	23.494531575598874	1910.8243022966396	373.81651635284925	476.906867752065	6158.750243347218	24.851273381545095	2619.472269624233	506.5399447291647	473.30836628596063	1715.3420275468068	13.657515248379818	5463.198792732683	721.7853398175539	470.10172704245343	5748.546574861288	4.03483484177338	3825.2451287035506	156.68562416762023	477.64964743581044
255.5	9100.971043873116	22.17851994008529	1119.9189375612973	220.0385441631488	476.8775678920518	7544.421375534486	23.493333153974582	1910.7460802539952	373.79408663468627	476.90869217287485	6158.875605718621	24.850970622087996	2619.3744446290984	506.5153021019675	473.3129467121563	1715.4125720428442	13.657876950023125	5463.412533027068	721.4951641806385	470.1226013105489	5748.482812681949	4.033666027704786	3825.408823504348	156.59676794225373	477.6681755614654
260.5	9100.979675121578	22.177622081888988	1119.9153151200317	220.0368536604665	476.8892685495132	7544.523451421852	23.492165991439357	1910.6695388827634	373.7722687867176	476.91047537432115	6158.998019044192	24.85067481585378	2619.2788843309827	506.4913922733402	473.31742343734334	1715.4837562955604	13.65822829239308	5463.621771055402	721.2090609793436	470.1427456016585	5748.421006532766	4.032526807120246	3825.568028889303	156.5101912088388	477.6862326895821
265.5	9100.988291373422	22.176748048841777	1119.911649050208	220.03518868029562	476.9006571961737	7544.6232334283295	23.491029569890205	1910.5946560261016	373.75104274687703	476.91221828119944	6159.117560180883	24.850385750262276	2619.185531198488	506.4681890852526	473.3217991212522	1715.55552356268	13.658569543467165	5463.826594706256	720.9269952185276	470.16218572245026	5748.361108640547	4.031416527497456	3825.722846722362	156.42584638741428	477.70382840550707
270.5	9100.996883745218	22.175897590426445	1119.9079463193398	220.0335496737714	476.9117371389828	7544.720763997356	23.489923798453074	1910.5214089743438	373.7303896247754	476.91392156598107	6159.234302875592	24.85010309755035	2619.0943303356094	506.4456674396643	473.3260763429289	1715.627819425363	13.658900965518356	5464.027090003439	720.6489313779641	470.1809464953418	5748.303071817354	4.0303345563671735	3825.8733778500664	156.34368615497453	477.72097225017086
275.5	9101.005444127064	22.175070425374262	1119.9042134333808	220.03193696666827	476.9225161592264	7544.8160803957	23.488848036162125	1910.4497777883432	373.71029278252166	476.9155832557535	6159.348318639264	24.84982668803818	2619.00522874807	506.4238031016953	473.33025462772713	1715.7005916861776	13.659222813354734	5464.22334118517	720.3748334498234	470.19905179882517	5748.246849504041	4.0292802731756785	3826.0197219909273	156.263663517948	477.7376737042106
280.5	9101.013963063213	22.174263433830685	1119.9004577194519	220.0303515646826	476.93303792505867	7544.909222986028	23.487827254425408	1910.3797394851215	373.6907353993298	476.9171769674281	6159.4596770732005	24.84958256527837	2618.918175130771	506.4025725355308	473.3343080910688	1715.7737902927447	13.659535347423086	5464.415430770802	720.1046649727837	470.2165241852509	5748.192395793985	4.028253095504888	3826.1619776361126	156.1857318758097	477.7539421750239
285.5	9101.022430307328	22.173473610235742	1119.896686409146	220.02879483257328	476.94334005381774	7545.000062010344	23.486870785171813	1910.311394671349	373.67174705634545	476.91870514825246	6159.5682691515285	24.8493859667718	2618.833250069957	506.38199937445813	473.33823651135333	1715.847366013354	13.659839226119942	5464.603440854228	719.8383895258135	470.2333848285928	5748.139664436583	4.0272532887535855	3826.3002421283886	156.1098452669813	477.76978699416856
290.5	9101.030837406364	22.172700979197863	1119.8929053609397	220.02726750633607	476.9534197043281	7545.088501444044	23.485945929137124	1910.2448192348782	373.65334816989974	476.92019490171117	6159.673990391358	24.849207387252534	2618.750531309528	506.3621059414675	473.3420655568089	1715.921267836805	13.660135072481014	5464.787454838446	719.5759713946896	470.24965429233424	5748.088608278776	4.026280844030883	3826.43461262211	156.0359582865886	477.785217556963
295.5	9101.039177189181	22.171945539323186	1119.889120016122	220.0257699900444	476.9632747584663	7545.174649786126	23.48503993050367	1910.1799393545552	373.6355042092273	476.9216455552953	6159.7769274280145	24.849031799242304	2618.669956156999	506.34286422799033	473.3457957661037	1715.9954445390258	13.660423065775914	5464.967555941408	719.3173750067041	470.2653526357666	5748.039180674897	4.025334714606712	3826.5651855373385	155.96402597992218	477.8002429354583
300.5	9101.047443300395	22.171207417976138	1119.885335378371	220.02430249234195	476.9729038496947	7545.258589821105	23.484154189600744	1910.1166989077972	373.61818856649006	476.9230588709342	6159.877153919284	24.848861233619818	2618.591471385843	506.32425005270784	473.3494300272604	1716.0698473652271	13.66070341020895	5465.143825411411	719.0625642605655	470.2804991667994	5747.991336413391	4.024414067868047	3826.6920549407064	155.89400420980658	477.814871841355
305.5	9101.055630011415	22.170486661994644	1119.881556139508	220.02286509188053	476.98230629309705	7545.340403118944	23.483289306614935	1910.0550418306866	373.60137571417476	476.924435546901	6159.974745347976	24.848695267587768	2618.515022313351	506.30623915110607	473.3529708497911	1716.1444296779248	13.660976299474427	5465.316342759597	718.8115026435308	470.29511251299994	5747.945031583686	4.023518145166671	3826.8153126861007	155.82584966725955	477.8291130059658
310.5	9101.063732208286	22.169783275844765	1119.8777866617986	220.02145775051773	476.99148201666645	7545.4201560935035	23.48244535993103	1909.9949224029253	373.5850448793603	476.92577721845976	6160.069775329923	24.84853375667681	2618.440555473852	506.2888081677805	473.3564208541872	1716.2191469588438	13.661241924440938	5465.485185748439	718.5641532503254	470.3092106467195	5747.900223367971	4.022646259074649	3826.935048804861	155.7595196888516	477.84297506795934
315.5	9101.071745360994	22.169097219630167	1119.8740309836467	220.02008032999814	477.0004314980092	7545.49791344437	23.48162189279222	1909.9362955792208	373.56917628569903	476.9270848210218	6160.162316877375	24.84837655418052	2618.3680176649023	506.2719343235584	473.35978250679426	1716.2939567380786	13.661500469294909	5465.650430430029	718.3204788193743	470.3228109136077	5747.856869980606	4.021797766476714	3827.051351598264	155.69497223134488	477.85646656928566
320.5	9101.079665481788	22.168428417115766	1119.870292828963	220.01873260786007	477.0091557070669	7545.573735159178	23.48081931122815	1909.8791192548763	373.55375189892607	476.92835914135753	6160.252440732682	24.848223562629304	2618.2973571611656	506.2555958474428	473.3630582971893	1716.36881853895	13.661752115326642	5465.812151177474	718.0804417654969	470.3359300571628	5747.814930640159	4.020972065543841	3827.164307656523	155.63216587819463	477.8695959343303
325.5	9101.087489089754	22.16777675756408	1119.8665756184735	220.01741429075554	477.01765605288904	7545.647673065587	23.480037493965067	1909.8233568649698	373.5387562871275	476.9296013379425	6160.340215848132	24.848074576738753	2618.228523356342	506.2397718368015	473.36625062664524	1716.443693801034	13.661997039359003	5465.9704207296145	717.8440042173838	470.3485842429403	5747.774365554816	4.020168582651252	3827.2740018574905	155.57105985758716	477.8823714679852
330.5	9101.095213178467	22.16714210005779	1119.862882480248	220.01612502568088	477.02593433488073	7545.719777000946	23.479275858181516	1909.7689729621231	373.52417488323795	476.9308122216116	6160.425709472721	24.847929525641916	2618.161466700307	506.2244422175514	473.36936176910183	1716.51854581227	13.662235413158152	5466.125310229411	717.6111280521233	470.3607890796645	5747.735135907871	4.0193867652031665	3827.3805173706473	155.5116140545399	477.89480135080464
335.5	9101.102835172918	22.16652427821763	1119.8592162661473	220.0148644117117	477.0339926986006	7545.7900952866485	23.478534742716917	1909.7159329187848	373.5099938167852	476.93199231110714	6160.508986052955	24.847788339419136	2618.096139515698	506.20958801272394	473.372394001266	1716.5933396369828	13.662467406124119	5466.276889267976	717.381774931124	470.37255963997825	5747.6972038423755	4.018626083395038	3827.4839356523003	155.4537890274747	477.90689363208804
340.5	9101.110352895585	22.165923101715826	1119.8555795669167	220.01363200915551	477.04183359469505	7545.858668515892	23.4778140793227	1909.6642075066657	373.4962015535873	476.9331426862001	6160.590107821953	24.847650862487097	2618.0324955742076	506.1951911646474	473.375349512103	1716.6680420339615	13.662693183814168	5466.425225933829	717.1559063373483	470.38391048065404	5747.6605324471975	4.017886022989703	3827.5843364457037	155.39754602283577	477.918656228356
345.5	9101.11776453576	22.165338359598902	1119.8519747259231	220.01242734719574	477.0494597414073	7545.925536253909	23.477113055124512	1909.6137680641764	373.4827870338612	476.934264157114	6160.669134928935	24.84751697674334	2617.9704900127217	506.18123447829066	473.37823037770164	1716.742621384147	13.662912907343761	5466.570386855677	716.9334836092215	470.3948556606585	5747.625085739822	4.017166082009847	3827.68179779216	155.34284698169927	477.93009692242623
350.5	9101.125068615554	22.164769823573938	1119.8484038548984	220.01124993135699	477.0568740905851	7545.990738990226	23.47643171431398	1909.5645850965943	373.46973912449266	476.9353571040461	6160.74612517967	24.847386596303142	2617.910079539362	506.167701664959	473.38103860366334	1716.8170476210382	13.663126734465116	5466.712437244718	716.7144679733625	470.4054087583885	5747.590828650511	4.016465771862204	3827.7763960365232	155.28965454845746	477.9412233581398
355.5	9101.132263959216	22.164217249980872	1119.8448688493477	220.01009924979667	477.0640797964291	7546.054311438207	23.47576985634864	1909.5166331863718	373.457048412858	476.93642237531554	6160.821134109075	24.847259642472814	2617.8512223941375	506.1545773002796	473.38377612434647	1716.8912921597107	13.663334819579465	5466.851440937835	716.498820576734	470.4155828885395	5747.5577270076465	4.015784615981559	3827.8682058328313	155.23793207933366	477.9520430396294
360.5	9101.139349664421	22.163680381938704	1119.8413714035903	220.00897477866326	477.07108018695186	7546.1162881984765	23.47512701860169	1909.4698868972114	373.4447056421542	476.93746058166573	6160.894214998944	24.84713601046675	2617.7938783500954	506.14184679744454	473.38644480293607	1716.9653278263604	13.663537313600656	5466.987460440793	716.2865025178933	470.4253907184246	5747.525747517454	4.0151221485764195	3827.957300162373	155.1876436441829	477.9625633323544
365.5	9101.146325076426	22.16315895139131	1119.8379130248047	220.00787598655612	477.0778787379506	7546.176702661452	23.47450301772949	1909.4243215879999	373.4327019970254	476.9384722901461	6160.965419113636	24.847015640589067	2617.7380085550453	506.12949632271784	473.3890464178821	1717.039128792804	13.66373436382857	5467.120556968207	716.0774748759819	470.43484448328996	5747.494857746738	4.014477913763409	3828.0437503487724	155.13875402865787	477.9727914598672
370.5	9101.153189761124	22.16265268124664	1119.8344950476976	220.0068023387872	477.08447904947553	7546.235585971296	23.473897274557274	1909.3799141853774	373.4210293684693	476.9394581709426	6161.03479543361	24.846898389256896	2617.6835757414747	506.1175128455488	473.39158270848657	1717.1126705130757	13.663926114709772	5467.250790483038	715.8716987386072	470.44395600138137	5747.465026104674	4.013851466776306	3828.127626073479	155.0912287357777	477.9827345042996
375.5	9101.159943488059	22.162161285995463	1119.8311186454807	220.00575329977477	477.09088482401523	7546.292970546869	23.473309934680632	1909.3366406294738	373.4096793880534	476.94041859047695	6161.102391642402	24.846784203154453	2617.6305435137515	506.1058838585401	473.39405526256877	1717.185929663825	13.664112705959411	5467.378219731944	715.6691352272518	470.4527366878292	5747.436221827432	4.013242369348289	3828.2089953956774	155.04503398414434	477.9923994063662
380.5	9101.166586203482	22.1616844751139	1119.8277848440491	220.0047283367737	477.09709984738066	7546.348883129082	23.47273991232681	1909.294480953907	373.3986453010349	476.94135449398834	6161.168252889822	24.8466730584197	2617.5788772697456	506.0945976872662	473.39646569777426	1717.258884092631	13.664294275446196	5467.502902278212	715.4697455208286	470.461197568318	5747.408414959454	4.012650196252533	3828.287924769104	155.00013670680758	478.00179296459214
385.5	9101.173118012088	22.161221952449715	1119.8244945343868	220.00372692200915	477.1031279706534	7546.403357574767	23.472187239858066	1909.2534099693319	373.38791848887564	476.9422658029093	6161.232422783021	24.84656486927265	2617.5285434850475	506.08364321004746	473.3988155390014	1717.3315127531366	13.664470957346143	5467.624894542326	715.273490881372	470.46934929350056	5747.381576333109	4.012074530186722	3828.364479068283	154.95650454715673	478.0109218375105
390.5	9101.17953915957	22.160773418737875	1119.8212484829417	220.00274853450637	477.1089730942612	7546.456419864591	23.471651969085865	1909.213408188096	373.3774925363577	476.9431533754382	6161.294943182745	24.84645947756617	2617.4795098729815	506.0730098971114	473.4011062720673	1717.4037956594916	13.664642883129796	5467.744251829998	715.0803326740103	470.47720215144653	5747.355677554561	4.011514963984052	3828.438721604993	154.91410585655186	478.01979254090844
395.5	9101.185850024309	22.16033857121245	1119.8180473390191	220.0017926604546	477.11463915320996	7546.508096497966	23.47113316986881	1909.174455730456	373.36736092991254	476.9440178870718	6161.355855115281	24.846356927116194	2617.431744721176	506.06268755780235	473.4033392321998	1717.4757138394584	13.664810179135742	5467.861028359379	714.8902323860216	470.48476608641516	5747.33069098958	4.010971095022775	3828.510714154082	154.87290968701487	478.02841285446107
400.5	9101.192051071968	22.159917107457538	1119.8148916702462	220.00085878984413	477.12013010635985	7546.558416697897	23.47063060226101	1909.136530712098	373.35751646443873	476.94485959601155	6161.41519679447	24.846257012876567	2617.3852183576655	506.05266684849806	473.4055158768275	1717.5472492421839	13.664972971452242	5467.975277396627	714.7031515914142	470.4920508601903	5747.306576612422	4.010442498528771	3828.580543180563	154.83287270651587	478.0367991282707
405.5	9101.198142815081	22.159508721058238	1119.811782020438	219.99994639717676	477.1254499261314	7546.607406605169	23.470143902541974	1909.0996134768207	373.34795281493	476.9456790929919	6161.473006926985	24.84615981249645	2617.3399007268436	506.0429383876008	473.40763737815996	1717.6183845551116	13.665131378468	5468.087051575036	714.5190518153723	470.4990659264282	5747.283292225531	4.009928700917598	3828.648299363709	154.79394945738238	478.04495758623716
410.5	9101.204125805272	22.1591131088163	1119.8087188938468	219.9990549553607	477.1306025884246	7546.655093368427	23.46967270781432	1909.0636836255276	373.3386634157874	476.9464767733958	6161.529320780075	24.846065223008083	2617.2957642886827	506.0334937849954	473.40970514639037	1717.689103229457	13.665285519612393	5468.196402797717	714.3378946118037	470.5058203687441	5747.260805812861	4.009429250051171	3828.714052930102	154.7561046641173	478.05289138719365
415.5	9101.210000675504	22.158729964863607	1119.8057027128832	219.99818394885054	477.135592060827	7546.701502840973	23.46921657742032	1909.0287216947977	373.32964208388654	476.94725314393884	6161.584174098606	24.845973191814156	2617.2527811447458	506.02432459554586	473.4117203288036	1717.7593895234818	13.665435507264355	5468.303382051571	714.1596416966363	470.512322931278	5747.23909231661	4.0089437175873215	3828.7778601580285	154.7193099689899	478.0606049460559
420.5	9101.215768136348	22.15835898746148	1119.8027338079983	219.99733288133243	477.14042229431266	7546.746661557323	23.468775313245644	1908.9947077186753	373.32088247924753	476.94800857622477	6161.637600366224	24.845883522187766	2617.2109250572144	506.0154230356544	473.41368418202353	1717.8292285297798	13.665581453221272	5468.408039321772	713.9842550092864	470.51858204381756	5747.218129447034	4.008471713666932	3828.8397717560056	154.68353974119836	478.0681030837437
425.5	9101.221428986457	22.15799987442574	1119.7998124151848	219.996501274709	477.14509721438634	7546.790593913077	23.468348391280145	1908.9616232850617	373.31237886767946	476.948743666376	6161.689633741127	24.845796360820955	2617.1701692934216	506.00678119984315	473.4155977062719	1717.8986061513087	13.665723462530735	5468.510423582139	713.8116967407774	470.52460583805475	5747.197896177742	4.008012866700042	3828.8998358821696	154.64876957259057	478.07539071878847
430.5	9101.226984080584	22.157652330025588	1119.7969386908221	219.9956886723679	477.14962071520614	7546.833326129908	23.46793546507454	1908.9294486476942	373.30412504279525	476.9494587294159	6161.740304843125	24.84571154930595	2617.13048972971	505.9983921669241	473.41746220030154	1717.9675090796577	13.665861643088018	5468.610582810303	713.6419293486911	470.53040216164476	5747.1783721895845	4.0075668400283355	3828.9580992239403	154.61497574353825	478.08247275350425
435.5	9101.232434343578	22.15731605732438	1119.794112713219	219.9948946346378	477.15399665180854	7546.874882811892	23.467536199273436	1908.8981652326086	373.2961152618865	476.9501542499298	6161.789645742991	24.845628997888106	2617.0918611854477	505.99024867382235	473.4192786186563	1718.0359247444965	13.66599609496845	5468.708564017532	713.4749155698025	470.535978590404	5747.15953767807	4.007133301423689	3829.0146073956794	154.58213503187991	478.0893540357222
440.5	9101.237780751564	22.15699076622697	1119.7913344914716	219.99411873928491	477.1582288358073	7546.915288869616	23.467150177034075	1908.8677542393452	373.2883437197105	476.95083062772267	6161.837686367511	24.845548806080043	2617.0542600680888	505.9823440628048	473.42104806340745	1718.103841309912	13.666126918494871	5468.804413256697	713.3106184212228	470.54134243702464	5747.141373277701	4.006711939798928	3829.069405075896	154.55022464492646	478.0960393407436
445.5	9101.243024321588	22.15667616939684	1119.7886039760037	219.99336058096526	477.16232103024333	7546.954569006805	23.466777132523042	1908.838197013477	373.28080468797816	476.95148825259247	6161.884455649153	24.845470756266394	2617.0176635320963	505.97467197035775	473.4227716266766	1718.1712476243906	13.66625421196796	5468.898175660175	713.1490012120317	470.54650076362043	5747.123860030175	4.006302455770724	3829.122536060193	154.51922220063665	478.10253336586266
450.5	9101.248166118823	22.15637198250628	1119.7859210589374	219.99261976786815	477.1662769449886	7546.992747014262	23.466416586542937	1908.8094755628147	373.27349270411634	476.9521275876769	6161.929983013508	24.845394853787276	2616.982048385004	505.96722593122587	473.42445021478983	1718.2381332010812	13.666378068493195	5468.98989545384	712.9900275453972	470.55146038980286	5747.106979380084	4.00590455307162	3829.17404328066	154.4891057193968	478.108840727705
455.5	9101.253207239313	22.156077927730685	1119.7832855833242	219.99189592260086	477.17010023404913	7547.029847696976	23.466068489730883	1908.7815711528895	373.26640204764107	476.95274893390126	6161.9742960291005	24.845321129939396	2616.947392817587	505.959999996128	473.42608486417356	1718.304488201666	13.666498581367707	5469.079615974119	712.8336613216376	470.5562279016964	5747.090713164954	4.0055179500349976	3829.2239688130603	154.45985362216757	478.11496596125454
460.5	9101.258148806368	22.155793730653937	1119.7806973493564	219.9911886810157	477.17379449201513	7547.065892781858	23.465732259230084	1908.7544672913202	373.25952784681755	476.95335294236264	6162.017421720588	24.845249331398016	2616.9136754401256	505.95298838003526	473.42767656471227	1718.3703033962238	13.666615841253059	5469.167379698296	712.6798667463448	470.56080966245605	5747.075043608613	4.005142370910267	3829.272353887426	154.43144473029236	478.120913519539
465.5	9101.26299197976	22.155519120674423	1119.7781561127008	219.99049768912917	477.17736325121996	7547.1009070404425	23.46540742163785	1908.7281452677228	373.25286441508285	476.9539398244367	6162.05938782741	24.845179570710805	2616.880874355928	505.9461851278758	473.4292261128451	1718.435570151713	13.66672993346496	5469.253228252645	712.5286083300243	470.56521181861683	5747.059953330376	4.004777539860023	3829.3192388839107	154.40385826717377	478.1266877702934
470.5	9101.267737931928	22.155253835118685	1119.7756615955657	219.9898226055474	477.1808099807007	7547.134914123985	23.46509391899399	1908.7025871819976	373.24640638671616	476.9545099078619	6162.100219526584	24.84511188600588	2616.8489695738203	505.93958497718813	473.4307345493694	1718.5002804163726	13.666840945631742	5469.337202430703	712.3798508915107	470.5694403090303	5747.045425329889	4.004423198080444	3829.3646633432904	154.37707385480988	478.1322930020715
475.5	9101.272387852012	22.154997613858875	1119.7732134899638	219.98916309948254	477.184138083549	7547.167936024595	23.464791368982144	1908.6777763429438	373.24014885584654	476.95506368710244	6162.139942145702	24.84504605918931	2616.8179410140406	505.9331826372636	473.4322027938837	1718.5644266748284	13.666948961612103	5469.419342225257	712.2335595666239	470.57350087484656	5747.031442983369	4.004079087719509	3829.4086659780464	154.35107151374498	478.13773341934575
480.5	9101.2769429512	22.154750202089623	1119.7708114560598	219.98851884863774	477.1873508955709	7547.1999956079135	23.464499352363642	1908.6536954245091	373.2340866867095	476.95560149702436	6162.178581176095	24.844982099003026	2616.7877684969394	505.9269727853771	473.43363165934926	1718.6280019451222	13.66705406150962	5469.499686831766	712.0896998058823	470.57739906476553	5747.0179900485755	4.003744952938161	3829.45128467295	154.32583166106517	478.1430131440793
485.5	9101.28140445117	22.154511351521073	1119.7684551282955	219.98788954011448	477.19045168483296	7547.231115555925	23.464217737966944	1908.6303272333964	373.2282148023952	476.9561236602041	6162.216160812644	24.84491997498897	2616.7584328177536	505.92095045040327	473.43502204605426	1718.690999764344	13.667156325132849	5469.578274663014	711.9482373764555	470.5811402423704	5747.005050657277	4.003420547705661	3829.492556492771	154.30133510759217	478.14813621695066
490.5	9101.285773585834	22.15428081802507	1119.7661441174214	219.9872748691872	477.1934436504623	7547.261316974209	23.463946083530836	1908.6076557269243	373.2225285588196	476.95663065296617	6162.252705167501	24.844859609045013	2616.7299148541924	505.91511068975734	473.4363747822457	1718.7534141621895	13.667255829318357	5469.6551433690975	711.8091383661698	470.58472959371994	5746.992609312674	4.003105628750812	3829.5325176908773	154.27756305617228	478.15310659673685
495.5	9101.290051599484	22.154058363215132	1119.7638780121245	219.98667453869277	477.19632992231396	7547.290622376401	23.46368418734004	1908.585663838879	373.2170229336719	476.9571227268883	6162.288237857222	24.84480102276904	2616.702195869801	505.90944869723955	473.4376906855597	1718.815239649904	13.667352648924926	5469.730329847935	711.6723691838304	470.5881721333609	5746.980650886367	4.002799958093426	3829.571203716814	154.25449709800844	478.1579281616642
500.5	9101.294239740442	22.153843754393066	1119.7616563832464	219.98608825928602	477.1991135608538	7547.319052360547	23.463431694417903	1908.5643359005378	373.21169342825704	476.9576003346729	6162.322781594484	24.844744162420056	2616.6752578148894	505.90395990879733	473.4389706181783	1718.8764712007892	13.667446857881947	5469.80387026244	711.5378965620315	470.591472711361	5746.969160611141	4.0025033049495775	3829.6086492265927	154.23211920933312	478.16260471023253
505.5	9101.298339263602	22.153636763410987	1119.7594787845117	219.9855157482944	477.2017975568159	7547.346628616147	23.463188359582897	1908.543655451725	373.20653524864014	476.9580637405399	6162.35635905322	24.844688926438852	2616.6490826901454	505.89863977224644	473.44021537204156	1718.9371042305454	13.667538527285988	5469.875800055919	711.4056875592487	470.59463601958885	5746.958124075471	4.0022154409875865	3829.6448880980665	154.2104117451864	478.1671399624861
510.5	9101.302351430599	22.15343716771983	1119.7573447529503	219.9849567290663	477.2043848314516	7547.373371462434	23.462953977595998	1908.5236070334877	373.20154397409686	476.95851334203195	6162.388992633857	24.844635310675162	2616.6236527185492	505.89348380866085	473.4414257085687	1718.9971345900406	13.667627726059756	5469.946153959557	711.2757095588458	470.59766659658106	5746.947527229093	4.001936142208771	3829.679953423609	154.18935744261228	478.171537554425
515.5	9101.30627750499	22.15324475038365	1119.755253811952	219.9844109312135	477.20687823702093	7547.399301018662	23.462728001219432	1908.5041753385667	373.19671523574607	476.95894950428567	6162.420703993319	24.84458327948654	2616.5989506909978	505.88848773534653	473.4426024181272	1719.0565585501067	13.667714521964358	5470.0149660063025	711.1479302706149	470.60056883351785	5746.937356370135	4.001665190988469	3829.7138775334183	154.16893941016232	478.17580105095453
520.5	9101.310118752885	22.153059299280486	1119.7532054723572	219.98387808996748	477.20928055699284	7547.424438988699	23.46251050168237	1908.4853439074016	373.1920442353574	476.95937235080777	6162.451514610031	24.84453284113551	2616.574959551303	505.8836473145154	473.4437462499389	1719.1153727843493	13.667798980569385	5470.082269545152	711.0223177322247	470.6033469798079	5746.9275981391675	4.0014023733154875	3829.74669200965	154.1491411221287	478.1799339375794
525.5	9101.3138764379	22.152880608103658	1119.751199235149	219.98335794648048	477.21159450688947	7547.448803341664	23.462301181806367	1908.4670990067002	373.1875271855782	476.95978243697675	6162.481445078732	24.844483878768973	2616.551662914413	505.8789585389733	473.444858004632	1719.1735743563706	13.667881166820893	5470.148097253722	710.8988403100046	470.60600514849983	5746.918239514787	4.001147482196899	3829.7784276920747	154.12994641656056	478.1839396239924
530.5	9101.317551828795	22.15270847438683	1119.749234589662	219.98285024619543	477.2138227345044	7547.4724139095215	23.46209959556865	1908.4494255557042	373.183159785574	476.9601800184312	6162.510516500323	24.844436385110175	2616.5290440434096	505.8744172640661	473.44593835116893	1719.2311607048896	13.667961141838633	5470.212481149333	710.7774666991912	470.6085473207707	5746.909267813511	4.000900310183952	3829.8091146879856	154.1113394909361	478.1878214441799
535.5	9101.32114619045	22.15254270236018	1119.7473110169167	219.98235473989564	477.21596782126625	7547.4952903433705	23.461905703617276	1908.432308609451	373.1789377810894	476.9605653348639	6162.538748790162	24.844390403443718	2616.5070870941613	505.87001965357706	473.4469880574639	1719.2881296392356	13.668038966961014	5470.275452596894	710.6581659228342	470.61097735034923	5746.900670680345	4.000660658992969	3829.838782384905	154.09330489548717	478.19158265956565
540.5	9101.324660782944	22.15238310044389	1119.7454279919411	219.98187118350899	477.21803228280686	7547.517450495747	23.461719172495794	1908.4157345408355	373.1748573995164	476.9609388033625	6162.566161486559	24.84434563297165	2616.4857765211486	505.86576196430724	473.44800787090475	1719.3444793147987	13.668114701917437	5470.337042328577	710.5409073351478	470.613298969382	5746.892436079697	4.000428334247542	3829.8674594678423	154.07582752733583	478.1952264588763
545.5	9101.328096878993	22.152229480422406	1119.7435849766346	219.98139933502267	477.22001856940625	7547.538913371762	23.4615399197869	1908.399688891545	373.1709145475757	476.96130064551954	6162.59277563543	24.844302334419694	2616.4650956888627	505.8616400489754	473.4489982910927	1719.4002082346806	13.668188400660888	5470.397280441567	710.425660616498	470.6155157900669	5746.884552306702	4.000203136827036	3829.89517391829	154.05889262857033	478.19875595566805
550.5	9101.331455730862	22.152081663438107	1119.741781432387	219.98093895949265	477.22192906855497	7547.559695754869	23.461367404126015	1908.3841588307935	373.16710572649646	476.96165131109234	6162.618608600161	24.844260469819233	2616.445030690796	505.85765072637236	473.4499602431668	1719.455315241612	13.66826012294047	5470.456196413913	710.3123957751704	470.6176313106429	5746.877007961353	3.999984889212826	3829.9219530342634	154.04248577767592	478.202174197437
555.5	9101.334738590858	22.151939470448816	1119.7400168162467	219.98048982544063	477.22376610419855	7547.579817432065	23.461201620578738	1908.3691293464933	373.1634266149405	476.9619908170064	6162.643679624297	24.844219733012103	2616.425566259917	505.85379030725824	473.4508943336794	1719.509799472912	13.66832992209295	5470.513819133426	710.20108315414	470.6196489214997	5746.869791947662	3.99977340524164	3829.9478234492763	154.02659288538203	478.2054841598715
560.5	9101.337946716574	22.15180272899569	1119.738290575536	219.9800517037179	477.2255319385138	7547.599294471798	23.461042516608014	1908.3545881420794	373.1598738942814	476.96231961734657	6162.6680080253855	24.84418035863974	2616.406687093017	505.8500550752636	473.451801119515	1719.5636603883584	13.66839784916012	5470.570176880736	710.0916934201665	470.62157190460937	5746.862893478105	3.9995685021040885	3829.972811135464	154.01120018687607	478.2086887506204
565.5	9101.341081348566	22.151671273045878	1119.7366021581502	219.9796243710026	477.22722877383273	7547.618143379354	23.460889482843914	1908.3405226163977	373.156444112963	476.9626380419411	6162.691610718186	24.84414225228991	2616.3883796739738	505.8464419395727	473.4526814095147	1719.6168977478433	13.668463958144946	5470.625297352259	709.9841975681284	470.6234034397723	5746.856302056171	3.99937001121748	3829.99694141642	153.99629423884704	478.2117908097235
570.5	9101.344143726788	22.151544937882736	1119.7349510083443	219.9792076068654	477.22885875253695	7547.636382707139	23.46074280927158	1908.3269186832563	373.1531332562058	476.9629461248309	6162.714506011164	24.844105261066105	2616.370629482751	505.84294742861863	473.45353576822964	1719.6695115839161	13.668528297918467	5470.679207678264	709.8785669235314	470.62514660878225	5746.850007475642	3.99917775854745	3830.020238983521	153.98186191397468	478.2147931114312
575.5	9101.347135088261	22.151423565119874	1119.733336565536	219.9788011939352	477.230423958945	7547.6540259104195	23.460602010512776	1908.3137659811491	373.1499386804965	476.96324449929347	6162.736711546915	24.844069471551606	2616.3534225072963	505.8395682369926	473.45436480173476	1719.7215022165049	13.668590916700344	5470.731934416603	709.7747731355195	470.6268043963749	5746.843999816473	3.9989915763876964	3830.0427279065134	153.96789039204828	478.21769836538476
580.5	9101.350056659732	22.151307000653297	1119.7317582687895	219.97840491899686	477.23192642057086	7547.6710908278865	23.460466752065233	1908.301050968235	373.14685653773506	476.9635331746156	6162.758244108048	24.844034823994374	2616.336745387743	505.83630127463425	473.4551691670398	1719.7728702314096	13.668651862403651	5470.7835035718945	709.6727881796542	470.6283796949897	5746.838269436714	3.998811303207085	3830.0644316423504	153.954367158262	478.2205092158008
585.5	9101.35290966224	22.151195093927353	1119.7302155555617	219.97801857203618	477.23336810904414	7547.687593341818	23.460336949334305	1908.2887615327068	373.1438835044406	476.96381237328916	6162.77912064415	24.844001193138105	2616.320584661709	505.83314339388227	473.45594944578903	1719.823616468472	13.668711180772002	5470.83394060577	709.5725843572287	470.629875307807	5746.832806966657	3.9986367790536206	3830.0853730518315	153.9412799955591	478.22322824626997
590.5	9101.355695315175	22.15108769850213	1119.728707859655	219.97764194548654	477.2347509413289	7547.7035492908235	23.460213178765205	1908.2768856039138	373.14101625777016	476.9640822930036	6162.799358253387	24.843968848956735	2616.3049267757924	505.83009139572596	473.45670615706183	1719.873742022206	13.668768915291771	5470.883270438677	709.4741342912617	470.63129395039414	5746.827603305986	3.998467845813331	3830.105574412161	153.92861697697657	478.225857978366
595.5	9101.35841481221	22.150984674459757	1119.727234621514	219.97727483786488	477.2360767818135	7547.718968573699	23.460094089833042	1908.2654154584654	373.13825306524177	476.9643438118528	6162.818971124458	24.843937463824986	2616.2897603361735	505.82714283664046	473.45744013664677	1719.9232482208934	13.668825113657006	5470.931517472859	709.3774109305036	470.63263825638063	5746.822649607039	3.9983043610356557	3830.1250574247465	153.91636646513635	478.2284008719158
600.5	9101.361069356764	22.150885880327632	1119.7257952764146	219.97691704795497	477.23734744152074	7547.733872262737	23.459979913058874	1908.2543352416735	373.1355891496838	476.96459633017713	6162.837976969717	24.843907043147983	2616.275071377538	505.8242943259367	473.45815169968296	1719.9721366055437	13.668879813830506	5470.9787056018195	709.2823875484727	470.6339107788802	5746.817937283202	3.9981461655913493	3830.143843233876	153.9045171036615	478.2308593291556
605.5	9101.363660135474	22.150791184641847	1119.724389260694	219.97656837895775	477.2385646816099	7547.748271905156	23.45987085426968	1908.2436360387987	373.13302231672617	476.96484045250486	6162.856390439969	24.843877621564832	2616.2608482045957	505.82154326890475	473.45884152905086	1720.0204089621218	13.668933059141553	5471.024858197862	709.1890377336739	470.6351139907029	5746.813457995996	3.9979931204569583	3830.1619524322887	153.893057809165	478.23323569383547
610.5	9101.366188331136	22.150700455320223	1119.723016011019	219.97622863649832	477.2397302130989	7547.762181334152	23.459766508982085	1908.2333072888166	373.1305497295726	476.9650764183302	6162.874227425539	24.843849267787178	2616.247078228693	505.8188867286131	473.45951008432274	1720.0680672784758	13.668984888049444	5471.069998141282	709.0973353960658	470.6362502895379	5746.809203652509	3.9978450806474513	3830.179405076459	153.8819777693133	478.23553225268677
615.5	9101.368655106297	22.150613567329433	1119.7216749689512	219.9758976308646	477.24084569907416	7547.775614161635	23.459666671007284	1908.223338602891	373.1281685977162	476.96530445484365	6162.8915016061555	24.843821763615342	2616.2337505064647	505.8163223368751	473.4601580611217	1720.1151137478307	13.66903534212573	5471.114147825543	709.0072547640959	470.63732200023526	5746.80516639211	3.99770191438685	3830.196220697239	153.87126643649682	478.2377512368332
620.5	9101.371061627015	22.150530395155158	1119.7203655736425	219.97557517326513	477.2419127545372	7547.7885841199295	23.459571197719278	1908.2137195147047	373.1258760846727	476.96552472804774	6162.908229008439	24.843795159124582	2616.22085238708	505.8138470890466	473.46078579720984	1720.1615507508138	13.669084456024652	5471.1573291671875	708.9187703836745	470.63833137648237	5746.801338591755	3.997563479405778	3830.212418313828	153.8609135218263	478.2398948227143
625.5	9101.373409041476	22.150450821182496	1119.7190872676033	219.97526107910411	477.2429329491216	7547.801104344254	23.459480208445335	1908.20444000301	373.1236695030401	476.96573744406527	6162.924423113365	24.843769483389494	2616.208373109717	505.81145863864407	473.46139392004153	1720.207380870849	13.669132268367088	5471.19956360377	708.831857112357	470.6392806020088	5746.79771285423	3.997429649224546	3830.2280164392187	153.85090898975443	478.24196513276087
630.5	9101.375698488935	22.15037472807125	1119.7178394964462	219.97495516656446	477.24390780721586	7547.813185941373	23.45939294128977	1908.195491538549	373.12154669857716	476.9659430059239	6162.940098167476	24.8437447505349	2616.196301369427	505.8091544198587	473.46198290346337	1720.2526068596449	13.669178814306818	5471.240872118436	708.7464901238725	470.6401717949073	5746.79428200274	3.9973002941019997	3830.2430330974776	153.84124305391867	478.2439642377604
635.5	9101.377931091505	22.150302003782798	1119.716621710763	219.97465725763496	477.2448388096241	7547.824845089422	23.459309921765925	1908.1868619044408	373.1195041299156	476.9661411392704	6162.955267191446	24.843720732115823	2616.1846267822016	505.8069321735253	473.46255332814064	1720.297231639016	13.669224130183279	5471.28127524434	708.6626449047625	470.6410070092306	5746.791039071966	3.9971752924327	3830.257485834146	153.83190617093283	478.2458941567828
640.5	9101.380107972907	22.150232536903804	1119.7154333595201	219.9743671752125	477.24572739393864	7547.836089981046	23.45923087689863	1908.1785447117275	373.11754040977314	476.9663325557433	6162.969944936389	24.843697707622415	2616.173337708354	505.8047891670519	473.4631055129765	1720.3412582955998	13.669268246989823	5471.320793067153	708.5802972503852	470.6417882355377	5746.787977313719	3.9970545156466266	3830.2713917259243	153.82288903477527	478.24775685859294
645.5	9101.382230226025	22.150166223743415	1119.714273901797	219.974084748096	477.24657495718844	7547.846933815104	23.45915540515018	1908.1705299423659	373.1156527701903	476.9665172613877	6162.984142456049	24.84367539649462	2616.1624252457127	505.80272362869306	473.4636402002258	1720.3846900760875	13.669311202033402	5471.359445239348	708.4994232652681	470.64251740464726	5746.785090175306	3.9969378550609025	3830.2847673911865	153.81418257269573	478.24955426292996
650.5	9101.384298949397	22.15010295740395	1119.7131427955483	219.9738098051656	477.2473828547122	7547.8573884062835	23.45908363808258	1908.1628085928521	373.11383880899604	476.9666954165688	6162.99787446126	24.843653807350126	2616.1518778212276	505.80073280113083	473.4641576064823	1720.427530359792	13.669353023164064	5471.397250993812	708.4199993634115	470.64319638909967	5746.782371310082	3.9968251843910925	3830.297629004195	153.8057779402541	478.25128824109817
655.5	9101.386315222015	22.150042639925463	1119.7120395031689	219.97354217927352	477.24815240335954	7547.8674642043625	23.459015178133328	1908.1553726662369	373.11209647877854	476.96686730435994	6163.011152633857	24.843632985581554	2616.141686105597	505.7988147126306	473.46465830635026	1720.4697826904317	13.669393743384255	5471.434229131726	708.3420022584603	470.64382700260927	5746.779814565292	3.996716395632694	3830.309992299369	153.79766651403634	478.2529606176215
660.5	9101.388280113852	22.149985172374848	1119.7109634913795	219.97328170568684	477.2488848812361	7547.877173896861	23.45895019815643	1908.1482125443445	373.1104231116926	476.9670328877315	6163.023989797964	24.8436129276827	2616.131839947793	505.79696707093234	473.4651426732212	1720.5114507365713	13.669433391743736	5471.470398050108	708.265408969283	470.6444110043988	5746.7774139783105	3.9966113757132242	3830.321872586413	153.7898398894775	478.2545731707957
665.5	9101.39019467717	22.149930461113527	1119.7099142326792	219.97302822320992	477.2495815294349	7547.886526435291	23.458888481007	1908.1413213409803	373.10881704000263	476.9671925704784	6163.036397347343	24.843593593893853	2616.1223302659573	505.79518794472267	473.46561122660864	1720.552538300056	13.669471999062946	5471.505775741979	708.1901968148869	470.6449500999727	5746.775163768745	3.9965100205362	3830.33328475848	153.78228987489032	478.25612763392985
670.5	9101.39205995446	22.149878413237055	1119.7088912038953	219.97278157294042	477.25024355239935	7547.895533178345	23.45882997346113	1908.134690429229	373.1072759254225	476.9673464049474	6163.048387360492	24.843574926431362	2616.113147491927	505.7934752037414	473.46606434571135	1720.5930492973732	13.66950959312561	5471.540379810538	708.1163434148235	470.64544594336616	5746.773058336161	3.9964122231415087	3830.3442433041782	153.77500848735514	478.2576256961409
675.5	9101.393876974655	22.149828939914123	1119.70789388641	219.97254159877747	477.250872119368	7547.9042032825355	23.45877442541394	1908.12831279646	373.1057980134949	476.96749468905364	6163.05997120214	24.843556946719637	2616.104282599123	505.79182688915137	473.46650246361384	1720.6329877656863	13.66954620194081	5471.574227469579	708.043826684228	470.64590013767497	5746.77109225515	3.9963178819373244	3830.3547623154627	153.7679879470832	478.25906900349145
680.5	9101.395646752686	22.14978195435427	1119.7069217673204	219.9723081475005	477.25146836520634	7547.912547800697	23.458721831598734	1908.1221800587962	373.10438102049784	476.9676374396688	6163.071160050181	24.843539610762093	2616.0957267154263	505.7902410734811	473.46692599109514	1720.672357849159	13.669581852561647	5471.607335556268	707.9726248336437	470.6463142372895	5746.769260269638	3.996226897354352	3830.3648554982983	153.7612206735896	478.2604591598736
685.5	9101.397370290653	22.149737372389737	1119.7059743387736	219.9720810684988	477.25203339128944	7547.920575606606	23.458672019424874	1908.1162854286356	373.10302324125485	476.96777491832825	6163.081964906356	24.843522902247646	2616.0874711148563	505.78871585804393	473.46733532136386	1720.711163795734	13.66961657117239	5471.639720536673	707.902716366042	470.64668974899365	5746.767557289167	3.996139172105266	3830.3745361818173	153.75469928082921	478.2617977280053
690.5	9101.399048577268	22.14969511235271	1119.705051098299	219.97186021383007	477.2525682664696	7547.928296936976	23.45862498828333	1908.1106211356612	373.1017225860723	476.967907175288	6163.09239650417	24.843506821758158	2616.0795072848955	505.7872493974835	473.46773083993224	1720.749409951497	13.669650383236888	5471.671398513199	707.8340800745983	470.6470281333581	5746.7659783843055	3.9960546114458544	3830.383817327446	153.74841657282005	478.26308623029956
695.5	9101.400682586336	22.149655095130264	1119.7041515495603	219.97164543841868	477.25307402802633	7547.935720164366	23.45858055697277	1908.1051807769504	373.10047745765894	476.96803446537746	6163.102465169898	24.843491354246083	2616.071827028713	505.7858399363479	473.46811294511616	1720.787100754176	13.669683313887903	5471.702385232881	707.7666950407853	470.6473308062686	5746.764518781288	3.9959731238723064	3830.3927115382708	153.7423655393651	478.2643261498784
700.5	9101.40227327771	22.149617243681877	1119.703275202263	219.9714365998438	477.25355168242464	7547.942854963806	23.458538776716306	1908.0999570107062	373.0992858906988	476.96815684352487	6163.112181094529	24.843476422822164	2616.0644222649717	505.7844857371413	473.4684820088885	1720.8242407255048	13.66971538729658	5471.732696095888	707.7005406325711	470.64759914039973	5746.763173858021	3.9958946194933262	3830.4012310679946	153.7365393520461	478.2655189312271
705.5	9101.403821600228	22.149581483115828	1119.7024215707627	219.97123355785203	477.2540022061379	7547.9497088784265	23.45849925386087	1908.0949440581448	373.0981464843237	476.96827459848583	6163.121554525448	24.843462073075955	2616.0572848860365	505.78318503026236	473.46883835873024	1720.8608344702575	13.669746626296812	5471.762346158997	707.635596500706	470.64783446575495	5746.761939141918	3.99581900936601	3830.40938782934	153.73093135933152	478.26666598143794
710.5	9101.405328485595	22.14954774148312	1119.701590176502	219.97103617530155	477.2544265467122	7547.956292472889	23.45846235882343	1908.0901339468808	373.09705700526746	476.9683876087922	6163.130594914842	24.843448322054865	2616.0504073847646	505.781936238639	473.46918238661743	1720.8968866703442	13.669777054338038	5471.791350144486	707.5718425770716	470.6480380713498	5746.7608103028015	3.9957462098153953	3830.4171934023007	153.72553508297983	478.26776867076126
715.5	9101.406794849423	22.14951594845099	1119.7007805483358	219.97084431793735	477.25482562341654	7547.962611010415	23.45842772874172	1908.0855225768282	373.09601664480596	476.9684963985587	6163.139311516583	24.84343503282012	2616.04378241537	505.7807378198134	473.4695144694328	1720.932402073016	13.669806694159295	5471.819722451433	707.5092590739696	470.64821120718904	5746.759783147852	3.9956761387841784	3830.424659044435	153.7203442141539	478.26882833387657
720.5	9101.40822159949	22.149486035025287	1119.6999922189577	219.970657853026	477.2552003277285	7547.96867436965	23.458395108669105	1908.0811024976426	373.0950233244797	476.9686008546837	6163.147714209082	24.84342228239744	2616.037402187005	505.77958804937026	473.46983486299666	1720.9673854911885	13.669835565820685	5471.847477157123	707.4478264796921	470.6483550840416	5746.7588536230005	3.995608711825103	3830.431795697642	153.71535260885358	478.2698462699642
725.5	9101.409609623108	22.149457936214258	1119.6992247292665	219.9704766513744	477.25555152482553	7547.974490719368	23.458364710053047	1908.0768675075456	373.0940754225795	476.9687010701288	6163.155811428492	24.8434100150098	2616.031259984837	505.7784855665072	473.4701439780729	1721.0018418036664	13.669863691697435	5471.8746280232235	707.3875255558294	470.64847087500686	5746.758017803691	3.9955438536212924	3830.438613994938	153.71055428439348	478.2708237442759
730.5	9101.410959798175	22.149431586776863	1119.698477625432	219.97030058556513	477.25588005355917	7547.98006687615	23.458336386114205	1908.0728123994636	373.09317167020686	476.96879727534053	6163.163612527847	24.84339824319543	2616.0253484339637	505.7774287508521	473.470442067069	1721.0357759399656	13.669891091032099	5471.901188506946	707.328337336621	470.648559716957	5746.7572718948995	3.9954814846417404	3830.4451242705595	153.70594341582122	478.2717619886169
735.5	9101.412272984573	22.149406925309016	1119.6977504609915	219.97012953122334	477.2561867278182	7547.985410515892	23.45831006675083	1908.068931349908	373.0923105509437	476.9688895599901	6163.1711256712415	24.84338694909291	2616.0196610477133	505.7764162798651	473.4707295024485	1721.069192885794	13.669917784590869	5471.927171762874	707.2702431246694	470.6486227111019	5746.756612224406	3.9954215324841416	3830.4513365659936	153.7015143316579	478.27266220216677
740.5	9101.413550029612	22.14938389081913	1119.6970427959895	219.9699633661792	477.2564723367538	7547.9905284956585	23.45828564076091	1908.0652191398137	373.0914907580635	476.96897809128876	6163.1783594505005	24.84337606887923	2616.0141910390903	505.77544670059746	473.4710065624291	1721.1020976687978	13.66994379117838	5471.95259065472	707.213224490541	470.64866092464746	5746.756035240708	3.995363923130326	3830.4572606389124	153.6972615109622	478.2735255521902
745.5	9101.414791767837	22.149362424816086	1119.6963541961113	219.96980197043607	477.2567376456721	7547.9954281286755	23.458262883083098	1908.0616702257953	373.0907108483442	476.96906294400884	6163.185322174764	24.843365732292703	2616.008931842203	505.7745186185832	473.4712735327843	1721.13449536347	13.669969129209901	5471.977457755531	707.1572632679333	470.6486753908237	5746.755537510659	3.995308585134613	3830.4629059690965	153.6931795789219	478.274353174863
750.5	9101.41599901169	22.149342471284356	1119.6956842370132	219.96964522764114	477.2569833969812	7548.000117277007	23.45824197863879	1908.0582786692612	373.0899692201741	476.96914410350996	6163.192021041763	24.843355727811954	2616.00387772304	505.77363091566906	473.47153080473885	1721.166391079097	13.66999381869523	5472.001785361375	707.1023415540011	470.648667111323	5746.755115710051	3.9952554534726663	3830.4682817668872	153.68926330444734	478.2751461760565
755.5	9101.417172571144	22.149323973409555	1119.6950324969378	219.96949302194426	477.25721030998244	7548.004601418792	23.458222926316083	1908.055040275946	373.0892649067834	476.96922183704413	6163.198465024641	24.843346129952565	2615.999021654154	505.77278198842333	473.4717785069601	1721.1977899573828	13.670017874775167	5472.025585491851	707.0484417047566	470.64863705577187	5746.754766630464	3.995204454811254	3830.4733969801173	153.68550759570087	478.27590563187755
760.5	9101.418313235421	22.1493068794152	1119.6943985621135	219.9693452408979	477.25741908266025	7548.008886593863	23.458205407161874	1908.0519504535146	373.08859677317935	476.9692963029558	6163.204660981577	24.843336984036682	2615.99435817531	505.77197077778396	473.47201701403617	1721.2286971831497	13.670041316191487	5472.0488698903455	706.9955463303021	470.6485861622936	5746.754487169014	3.9951555277895525	3830.4782602983973	153.68190749633573	478.2766325897037
765.5	9101.419421779758	22.14929113669103	1119.6937820266255	219.9692017743949	477.2576103914839	7548.012980048257	23.45818946790101	1908.049003736489	373.08796334650145	476.9693674846359	6163.2106164021925	24.84332821442397	2615.9898813756395	505.7711960404035	473.47224658023157	1721.2591179577216	13.670064159423019	5472.0716500437875	706.9436382976478	470.6485153402672	5746.754274325278	3.995108607952654	3830.4828801633403	153.67845818401267	478.27732806853874
770.5	9101.420498965774	22.149276695188473	1119.6931824908047	219.96906251447766	477.25778489223836	7548.0168873622115	23.45817494566546	1908.0461958785106	373.0873635958493	476.96943555303505	6163.216338458847	24.843319866938216	2615.985585589821	505.7704566011038	473.47246747541783	1721.2890575081437	13.670086420823061	5472.0939371798495	706.8927007248415	470.6484254699136	5746.754125199779	3.995063633510679	3830.487264773411	153.67515496584505	478.27799305988094
775.5	9101.421545538427	22.149263506384266	1119.6925995629963	219.9689273558682	477.257943220711	7548.020615517314	23.458162022484906	1908.043521618191	373.0867960992348	476.96950047930665	6163.221833905469	24.843311756299997	2615.9814654727	505.76975137935426	473.4726799867692	1721.3185210789704	13.67010811682688	5472.1157422764045	706.8427169798547	470.648317403769	5746.754036988944	3.995020545399658	3830.491422090908	153.67199327586204	478.27862852830896
780.5	9101.422562239091	22.149251521923105	1119.6920328541228	219.9687961939056	477.25808599279003	7548.02416872058	23.458150529099328	1908.0409777227787	373.08626017592593	476.96956256639686	6163.227110636559	24.843304075396063	2615.9775148507815	505.7690789787122	473.472884229506	1721.347513935859	13.670129260489672	5472.137076059311	706.7936706750871	470.64819196591765	5746.7540069899605	3.9949792797352037	3830.495359847087	153.6689686707993	478.27923541218337
785.5	9101.423549783422	22.149240697972733	1119.6914819857122	219.96866892803885	477.2582138060801	7548.027553287947	23.458140223600367	1908.0385594318063	373.085754559355	476.96962181385976	6163.232174084308	24.84329678863133	2615.9737293730445	505.76843863882783	473.4730806093645	1721.3760413640814	13.670149869389716	5472.157949011752	706.7455456662211	470.648049954014	5746.754032586887	3.9949397859072904	3830.4990855477317	153.6660768279804	478.2798146244061
790.5	9101.424508876857	22.149230988710926	1119.6909465862157	219.96854545931643	477.2583272392177	7548.030775432234	23.458131357199793	1908.036262062348	373.0852780036927	476.969678225202	6163.237031147667	24.84328976378775	2615.9701036225074	505.767829194767	473.4732693059816	1721.4041086441746	13.670169957194219	5472.178371390447	706.6983260538539	470.64789214125926	5746.754111252354	3.994902005813521	3830.5026064826598	153.6633135434935	478.2803670527072
795.5	9101.42544021413	22.149222351414824	1119.6904262887413	219.96842569039367	477.25842685299676	7548.033839070391	23.458123557303523	1908.034082611318	373.0848298744977	476.96973206615627	6163.241688324189	24.843283077784683	2615.966632487163	505.76724957416974	473.4734505300123	1721.431721072603	13.670189537641102	5472.198353215095	706.651996174828	470.6477192747559	5746.754240547843	3.994865884587792	3830.5059297279927	153.66067472709713	478.28089356055057
800.5	9101.42634447395	22.149214744675795	1119.6899207340903	219.96830952648676	477.2585131909748	7548.036751420332	23.458117178574536	1908.032015675677	373.08440863166817	476.9697831662032	6163.246151583293	24.843276710560172	2615.9633112543256	505.7666988296096	473.4736245302813	1721.4588839508597	13.670208624882987	5472.217904279936	706.6065406021152	470.64753207732747	5746.754418117646	3.9948313707071774	3830.5090621527224	153.65815640051716	478.2813949876687
805.5	9101.427222322056	22.149208127941463	1119.6894295697505	219.96819687481755	477.25858677969006	7548.039514747195	23.4581118537321	1908.0300594668372	373.0840140687495	476.9698319659184	6163.250426924706	24.84327062256337	2615.9601351994106	505.7661759913218	473.473791525832	1721.4856025804283	13.670227232275476	5472.237034159704	706.5619441425781	470.6473312483265	5746.754641687205	3.994798412937769	3830.5120104246384	153.65575469478358	478.28187215060206
810.5	9101.428074412532	22.149202461904622	1119.6889524491485	219.96808764438225	477.2586481292057	7548.042136154755	23.458107510443007	1908.0282086786533	373.0836446535945	476.9698782556512	6163.254520327765	24.84326484162758	2615.9570996227376	505.7656800810652	473.473951709385	1721.5118822623763	13.67024537237413	5472.255752212743	706.5181918337083	470.647117463933	5746.754909061515	3.994766960581775	3830.5147810154867	153.6534658471484	478.2823258432869
815.5	9101.428901383782	22.1491977090664	1119.6884890331269	219.96798174659887	477.2586977337829	7548.044619977731	23.458104382647424	1908.0264600226076	373.0832996008883	476.9699221783322	6163.258437234623	24.84325931864575	2615.954200230193	505.7652102482295	473.47410532117965	1721.5377282955787	13.670263058420518	5472.2740675862	706.4752689411388	470.6468913780237	5746.755218120821	3.9947369667442856	3830.517380205932	153.65128619867528	478.2827568376558
820.5	9101.429703864591	22.1491938321329	1119.6880389879634	219.96787909434306	477.2587360719825	7548.046969973091	23.458102166475527	1908.024810639331	373.0829782693271	476.96996391837496	6163.2621835021	24.843254105197257	2615.9514324317715	505.76476551941073	473.4742525215514	1721.5631459718215	13.670280301938071	5472.2919892210075	706.4331609561806	470.6466536226975	5746.755566820913	3.994708382605654	3830.519814091108	153.6492121916156	478.2831658841165
825.5	9101.430482466372	22.149190796238756	1119.6876019879126	219.967779603134	477.25876360752596	7548.049191789321	23.458100969752415	1908.0232562957979	373.0826794952143	476.9700034031103	6163.2657640242205	24.84324912244021	2615.948792355271	505.76434516215994	473.4743935700118	1721.5881405759164	13.670297115914572	5472.309525856675	706.3918535932752	470.6464048091322	5746.755953187066	3.9946811648862433	3830.5220885852486	153.64724036694687	478.28355371216236
830.5	9101.431237792804	22.149188566041428	1119.687177712137	219.9676831896308	477.2587807892054	7548.051288782616	23.45810070291897	1908.0217944328522	373.082402728723	476.97004083747703	6163.269184555511	24.84324443938757	2615.9462755047734	505.763948203186	473.47452859222784	1721.6127173792129	13.670313510826999	5472.326686036434	706.3513327876724	470.6461455280069	5746.756375316146	3.9946552663670816	3830.524209427215	153.64536736191175	478.283921030792
835.5	9101.431970429088	22.149187109179053	1119.6867658480123	219.9675897732868	477.2587880519392	7548.053265753771	23.45810123608578	1908.020421444837	373.08214701745766	476.9700762164446	6163.272449529009	24.84323994858833	2615.943878365167	505.7635740058035	473.4746578600575	1721.6368816432325	13.670329499378711	5472.343478110295	706.3115846922805	470.6458763502135	5746.756831369621	3.9946306471155664	3830.526182184341	153.64358990751322	478.2842685291574
840.5	9101.432680955471	22.14918639204598	1119.6863660868878	219.96749927425063	477.2587858163923	7548.0551271220365	23.458102705406105	1908.0191340062822	373.08191150589096	476.97010957455586	6163.27556471036	24.843235713095257	2615.941596450004	505.76322156797113	473.4747814496956	1721.6606386110075	13.670345090785343	5472.35991024067	706.2725956756362	470.6455978271987	5746.75731957749	3.994607260892324	3830.52801225809	153.6419048262062	478.28459687690594
845.5	9101.43336993411	22.14918638463979	1119.6859781277467	219.96741161541092	477.2587744902703	7548.056876123604	23.45810506936367	1908.0179296589358	373.08169564999577	476.9701410801726	6163.278534268146	24.84323168093594	2615.9394264553675	505.76289029808896	473.47489962465045	1721.6839935164824	13.670360297164734	5472.3759904020035	706.2343523175103	470.6453104912532	5746.7578382310685	3.9945850704449426	3830.529704886678	153.64030902920425	478.2849067248847
850.5	9101.434037920493	22.14918705547257	1119.6856016744082	219.96732672062862	477.25875446784914	7548.058516478777	23.45810795621933	1908.0168055980646	373.08149876369083	476.97017081158066	6163.281363485665	24.843227935681945	2615.937364265707	505.7625792973766	473.47501247939067	1721.70695156917	13.67037512749496	5472.391726391342	706.1968414088652	470.6450148566627	5746.758385684928	3.994564032742215	3830.531265151596	153.63879951494866	478.28519870538975
855.5	9101.43468545025	22.149188376541773	1119.6852364393255	219.96724451672847	477.25872613116724	7548.060053854804	23.458111734429867	1908.0157576007705	373.0813196278084	476.9701985939944	6163.284056078219	24.843224358283177	2615.9354069273836	505.7622880690437	473.47512029173566	1721.7295179610737	13.67038959377598	5472.407125829695	706.1600499481985	470.6447114202171	5746.758960349125	3.9945441136666253	3830.5326979805955	153.63737336663493	478.28547343280263
860.5	9101.435313055736	22.149190317916027	1119.6848821384676	219.9671649309446	477.2586898494566	7548.061489822141	23.458116300191474	1908.0147844325513	373.08115812720916	476.9702247632698	6163.286617367393	24.843220983077593	2615.9335503128973	505.76201567977665	473.47522310970436	1721.7516978565463	13.670403703930212	5472.422196167815	706.1239651397387	470.64440066156004	5746.759560694708	3.994525271059264	3830.5340081531617	153.636027750182	478.28573150386546
865.5	9101.43592125321	22.149192853325715	1119.684538494486	219.96708789289679	477.25864598040243	7548.062828548509	23.458121415722086	1908.0138829745113	373.08101342971264	476.9702492939702	6163.289051128831	24.84321785154549	2615.931791438346	505.76176159451376	473.47532116373816	1721.7734964050644	13.670417468585383	5472.436944683359	706.0885743882982	470.6440830430141	5746.7601852472935	3.99450747128156	3830.535200302362	153.63475991132452	478.28597349838213
870.5	9101.436510547186	22.149195955656477	1119.684205236894	219.9670133339565	477.25859486990544	7548.064074011573	23.458127214635205	1908.0130502467603	373.0808847499138	476.9702721804667	6163.2913615862235	24.843214849769563	2615.9301269987504	505.76152514713806	473.47541460139485	1721.7949187228808	13.670430896960879	5472.451378495007	706.0538653007184	470.6437590114922	5746.760832585124	3.994490678557862	3830.5362789213286	153.63356717496538	478.2861999794142
875.5	9101.43708143543	22.14919959887687	1119.6838820988853	219.96694118638652	477.2585368525125	7548.065229032131	23.45813367326533	1908.012284115702	373.0807716088442	476.97029355009823	6163.293553231115	24.843212075662386	2615.928553498528	505.7613055902058	473.4755035211246	1721.8159699034452	13.670443997173347	5472.465504557095	706.0198256798724	470.6434289974653	5746.761501341382	3.9944748564724084	3830.537248365412	153.63244694183558	478.286411493828
880.5	9101.437634399254	22.149203758887815	1119.683568821238	219.9668713849279	477.2584722520913	7548.066296841307	23.4581406532933	1908.0115821535505	373.0806734073042	476.97031345860717	6163.295629474975	24.843209495141632	2615.927068243372	505.7611024510073	473.47558814177427	1721.836655013779	13.67045677917364	5472.479329666929	705.9864435235464	470.6430934162743	5746.76219019739	3.9944599744473375	3830.5381128560903	153.63139668725543	478.28660857273616
885.5	9101.43816991147	22.149208410881254	1119.6832651501027	219.9668038655061	477.2584013816145	7548.0672810566275	23.458148238735173	1908.010941653163	373.0805894349125	476.97033190268377	6163.297594423036	24.843207027792037	2615.9256680359867	505.7609150620105	473.47566856956325	1721.85697908495	13.670469250923595	5472.492860472137	705.95370702343	470.6427526689189	5746.7628978835855	3.9944459984479033	3830.5388764860772	153.6304139595446	478.2867917317657
890.5	9101.438688436918	22.14921353161001	1119.6829708355544	219.96673856513925	477.2583245437584	7548.068184153443	23.458156283509137	1908.0103607427905	373.0805192840917	476.9703490092108	6163.299452060529	24.843204759857244	2615.9243497730695	505.7607427776586	473.47574491346575	1721.8769471231444	13.670481420172862	5472.506103465733	705.9216045593985	470.64240714119234	5746.7636231799825	3.994432895854983	3830.539543220978	153.62949637703053	478.2869614716003
895.5	9101.43919042607	22.149219099025203	1119.6826856345936	219.96667542300008	477.2582420313484	7548.069009940677	23.45816493390823	1908.009836581894	373.0804621785328	476.9703647241315	6163.301205673801	24.843202684035955	2615.9231108718463	505.7605851267363	473.47581735468805	1721.8965641029777	13.670493295755568	5472.519064994628	705.8901246990027	470.6420572050803	5746.764364910725	3.9944206379519622	3830.540116903427	153.62864162711426	478.2871182783361
900.5	9101.439676319149	22.149225091029006	1119.68240931004	219.96661437970923	477.25815412734335	7548.069760105213	23.458174029721516	1908.009367879179	373.08041791073293	476.9703792514055	6163.302858781704	24.843200743524683	2615.9219485850126	505.76044156606514	473.47588602560853	1721.9158349608574	13.67050488554135	5472.531751265875	705.8592561961367	470.64170321953225	5746.765121943559	3.994409194840759	3830.540601257466	153.62784746476314	478.28726262374386
905.5	9101.440146548	22.14923148641484	1119.6821416292107	219.96655537701852	477.2580611051702	7548.07043835093	23.458183460752828	1908.008951877757	373.0803857179207	476.97039251780706	6163.304414960521	24.84319890412845	2615.9208601287064	505.7603115276215	473.4759510325568	1721.9347645995654	13.670516196774507	5472.544168345715	705.8289879870036	470.6413455301232	5746.765893190205	3.99439853668734	3830.540999890807	153.6271117102232	478.2873949656802
910.5	9101.440601536593	22.14923826476685	1119.6818823635112	219.9664983577945	477.25796322909343	7548.071047718945	23.45819342712661	1908.008586303264	373.08036501376847	476.97040453327037	6163.30587780962	24.84319723603805	2615.9198427076217	505.76019442779426	473.47601246698633	1721.9533578907742	13.670527236334527	5472.556322160191	705.7993091867047	470.6409844690501	5746.766677605398	3.9943886344204063	3830.5413162984414	153.62643224656006	478.28751574891845
915.5	9101.44104169572	22.14924540689023	1119.681631290678	219.9664432668615	477.25786075463833	7548.071589930061	23.4582038478549	1908.0082698472188	373.0803555626357	476.97041546209664	6163.307250234213	24.843195753857316	2615.918894042388	505.7600898572825	473.4760704952256	1721.9716196711913	13.670538012183522	5472.568218501473	705.7702090880506	470.6406203561936	5746.767474182865	3.9943794627137867	3830.541553864998	153.62580701915678	478.2876254045887
920.5	9101.441467425548	22.14925289352708	1119.6813881944202	219.96639005053711	477.2577539285489	7548.072067689185	23.4582144748642	1908.0080004885403	373.08035685360295	476.9704253224699	6163.308535255713	24.84319437055287	2615.918011774008	505.7599973663179	473.4761252481926	1721.9895547341605	13.670548531544426	5472.57986303551	705.7416771609617	470.64025350011747	5746.768281953886	3.9943709953920425	3830.5417158691603	153.6252340345321	478.28772435119663
925.5	9101.441879120082	22.149260705973823	1119.6811528620337	219.966338655916	477.2576429890522	7548.072484640986	23.458225586296468	1908.0077755209445	373.08036811751174	476.97043401166263	6163.3097362592	24.84319310318728	2615.917193281308	505.75991639978406	473.4761767965069	1722.0071678358115	13.670558800539506	5472.591261299315	705.7137030479165	470.6398841973978	5746.769099989	3.994363205114891	3830.5418054861047	153.62471135765045	478.28781299473957
930.5	9101.442277163032	22.149268826866905	1119.6809250857025	219.9662890315873	477.25752816636543	7548.072841685596	23.458237032335724	1908.0075942404605	373.08038932384875	476.97044176553476	6163.310856107933	24.84319197078887	2615.9164363314267	505.7598465322457	473.4762252667463	1722.0244636978546	13.670568826064956	5472.602418702328	705.6862765609916	470.63951273290405	5746.769927395419	3.9943560677415673	3830.5418257895367	153.6242371104411	478.28789172906335
935.5	9101.442661929015	22.14927723888332	1119.6807046626438	219.96624112743447	477.25740968271447	7548.073142035083	23.45824878262141	1908.0074542629827	373.0804198067346	476.9704485081025	6163.311897705881	24.843190962167355	2615.91573866645	505.7597873188166	473.4762707621797	1722.0414470003118	13.67057861446426	5472.6133405334385	705.659387681157	470.6391393807118	5746.7707633161135	3.9943495588702453	3830.5417797540567	153.62380947156169	478.2879609358386
940.5	9101.443033783147	22.149285925585826	1119.6804913949368	219.96619489466607	477.2572877526789	7548.073387551422	23.458260838589464	1908.0073541885936	373.080459262681	476.9704543314647	6163.3128637819445	24.84319004952028	2615.9150981621697	505.7597383522157	473.47631339627395	1722.058122383162	13.670588172169673	5472.624031962375	705.6330265554166	470.63876440429243	5746.771606926377	3.994343655435064	3830.541670262017	153.62342667251824	478.2880209867458
945.5	9101.443393083586	22.149294870745276	1119.6802850886231	219.96615028543474	477.2571625832669	7548.073580636638	23.458273158033144	1908.007292226673	373.08050723540435	476.9704592449547	6163.3137572446585	24.843189265202636	2615.9145125666305	505.7596991695478	473.4763532456504	1722.0744944456344	13.670597504832088	5472.634498041906	705.6071834942942	470.6383880566103	5746.772457435836	3.9943383336846505	3830.541500102494	153.6230869979923	478.28807224020295
