0.0	9099.418066063323	22.25731802665025	1120.6933888360566	220.22955860160326	475.83155697097334	7532.238992647228	23.328030473719508	1920.2574150551195	376.3915273644486	477.03904651828964	6142.372839484403	24.829793275532577	2633.2967253844545	509.80603074750763	472.759987078265	1711.7896954696919	13.58832167829073	5446.177791241422	743.0687074360393	467.8036244905155	5755.297940884698	4.186472360382533	3807.2857401239567	166.3907589063491	475.82727561466896
0.25	9099.448757048749	22.257547681974597	1120.66980458523	220.23498453564903	475.8212094158132	7532.270981610529	23.125356436977928	1920.1891300218333	376.37543549684	477.0727957067692	6142.462893998708	24.74703437979537	2633.238330312119	509.7902441972746	472.8139547847142	1711.7754768759019	13.587524258322343	5446.212380546958	743.0550621539555	467.8084804116715	5755.223448206471	4.18636378015699	3807.3305761076326	166.34643142918273	475.87246609105165
2.75	9099.575510511519	22.24872698662173	1120.7091075525263	220.26380160514893	475.97709726783467	7534.184729205965	22.71201025500326	1918.7076654806688	375.83244845781877	476.9351927634004	6143.463869032817	24.501097270744285	2632.422421002176	509.5172539856348	472.84364941160754	1711.9220227381495	13.587195445487922	5446.467739489146	742.8203243122878	467.80719581166545	5755.170641627755	4.1767717488742075	3807.7824750007244	166.15093855841977	475.81602063384224
5.25	9099.593064806837	22.250693189257877	1120.6812076037927	220.26502048890964	475.9139668169656	7536.278885967449	22.863492484846276	1917.0979113556057	375.2276481191442	476.6642088185054	6144.667046497041	24.39969520147551	2631.3543778039707	509.1717558297633	472.70109597902854	1712.1242561940016	13.584715293665003	5446.7490603489405	742.5766673912935	467.82902962115793	5754.796246909566	4.155919787790512	3808.3176161312126	165.9180443376074	475.91937078412985
7.75	9099.707433866926	22.25828966823653	1120.7358324520335	220.2971081909681	475.80332252930884	7537.910047029802	23.038531924162516	1915.7821340115747	374.8182676608191	476.40971041419743	6145.958569794158	24.3277362071918	2630.15267738521	508.79471919545944	472.65570794614547	1712.0942911197317	13.58759830712869	5447.077806698713	742.3520226596313	468.0509527486167	5754.7161017635335	4.145500765971398	3808.8195748878456	165.68042654883877	475.74788886574544
10.25	9099.758928198826	22.249689738733853	1120.7425915328492	220.34703210001067	475.8956331914771	7539.302579233918	23.21317927730959	1914.8049669119173	374.49800463726154	476.10955791738036	6147.772659122656	24.229185570358492	2628.76560793061	508.3239936747325	472.58609733885555	1712.033632826775	13.589363862525664	5447.338267424022	742.1011180654469	468.31086435973765	5754.575258913279	4.1386113215427285	3808.947443325454	165.68000725033082	475.77010388795634
12.75	9099.785823658945	22.26013834706858	1120.6526737644529	220.28595044106936	475.78750431227144	7539.923125694935	23.219591776445736	1914.30528786709	374.3254955794228	476.0922476960849	6149.974532868283	24.22738598220669	2627.2114467393158	507.8100982298073	472.3401603628573	1712.1909189771627	13.58626194746453	5447.631339544007	741.8371515430406	468.37031445452	5754.719336508795	4.123741098915472	3809.1743612477244	165.5222354805905	475.773164726617
15.25	9100.012137588154	22.255554698465932	1120.6706811364759	220.31480770527196	475.9286662698483	7541.5153667674285	22.928984286759217	1913.0649143649805	373.9163039888133	475.905052542222	6151.374755771528	24.454440567876404	2626.1425085657697	507.50085881376015	472.24321582677555	1712.1645517509482	13.581835483481347	5447.899346473466	741.511487766746	468.411236536126	5754.670056285527	4.125505398281428	3809.1993899720455	165.49877773229366	475.7584276173626
17.75	9100.042035158587	22.25352795181262	1120.664727008522	220.28662845776861	475.8272427293716	7542.64491406916	23.042792034491313	1912.0600134039528	373.5930367124193	475.91400875532815	6152.8813211429615	24.42043627651553	2624.912555962804	507.103422310237	471.96564726951084	1712.233114708677	13.577330920187407	5448.118471874145	741.1878183339571	468.64882658820846	5754.561613569841	4.1255061403608115	3809.25843005849	165.4455359036595	475.83526550899023
20.25	9100.124407221767	22.25506831553141	1120.5671320470117	220.2774979800594	475.8471551928795	7544.437187535776	22.970002950084037	1910.7461170541592	373.1646748713024	475.8561684343059	6154.449800730834	24.489116623185442	2623.83893920704	506.81872167001217	472.0144818620505	1712.2103928895324	13.575845414315355	5448.392245563422	740.8962740015195	468.58378341429756	5754.548969327671	4.126849732227996	3809.6106604061265	165.27769951747524	475.99521719416384
22.75	9100.349491873158	22.26230600559374	1120.4938658512212	220.26557758272313	475.76310952281415	7545.344489900446	23.28677428211747	1910.1062844119476	372.983062327923	475.75684124055874	6156.030257190484	24.410028256083343	2622.7160730177807	506.4822319466899	471.75618462616177	1712.336023320169	13.578530656396898	5448.6177872908465	740.6499899392936	468.44364966163414	5754.127970826243	4.117214102461458	3810.0670487179477	165.00956467772806	476.1250452182185
25.25	9100.582654802616	22.264345245988228	1120.4685255393615	220.29835701135585	475.7403990718929	7546.245785717059	23.265505240088835	1909.6043150484102	372.836062272782	475.70961019380917	6157.484584887611	24.436115175477525	2621.480405375091	506.0954858499218	471.4840326171652	1712.5296851637256	13.580906249628987	5448.779754978381	740.3908795744037	468.72330938782864	5753.948748254761	4.118855918540158	3810.4567764617295	164.7746446410752	475.9774328381422
27.75	9100.62762012302	22.269026025182765	1120.444333413837	220.28935333847426	475.62327304707395	7546.83261148063	23.350747277221558	1909.192506925238	372.74027454928296	475.73635580555873	6158.954217531458	24.44240387096566	2620.3293943090716	505.72883209285834	471.2237156028864	1712.665376185175	13.575077035017477	5448.957825181675	740.1206864473393	468.758938773489	5754.012516975107	4.116135211539641	3810.692631333637	164.62316278958937	476.10918521817916
30.25	9100.526223626772	22.265321277344142	1120.4547401927925	220.3003198715997	475.68012842296196	7547.297554143809	23.37706399101442	1908.759772632613	372.65959898991406	475.7234487005593	6160.389930491671	24.447785557861966	2619.252116143929	505.37727071708605	471.069297212951	1712.6779798000637	13.571394623728166	5449.205019848603	739.826112005654	468.7146725521308	5754.12676436664	4.110183178276548	3810.8344949573816	164.51056700121327	475.9657164918943
32.75	9100.518817677792	22.27891645398267	1120.4967281474355	220.26222247009207	475.5967964637188	7547.61127218699	23.43510948314232	1908.525958507348	372.61749760570694	475.74438947776116	6161.902959272417	24.457470687042104	2618.1559317833544	505.04400975919344	470.9184302874829	1712.8241376231213	13.586088537559794	5449.297351820592	739.5167453341286	468.6147125254603	5754.165901474761	4.099035946420457	3810.9871281978662	164.44825748821336	476.0466081465998
35.25	9100.620178505827	22.276543117720898	1120.4798840881288	220.26920408241378	475.5124710917441	7548.010605714681	23.535740483466853	1908.2779272821563	372.6080688338093	475.68281124573116	6163.232189177747	24.87279749354249	2617.146213010911	504.7202111483798	470.7548704372032	1712.6107166241761	13.58404344923419	5449.45043644387	739.231507010636	468.418236135989	5754.096625404967	4.0990145004804885	3811.1355624220996	164.31738367993103	476.10965327834856
37.75	9100.577542780931	22.285201910751073	1120.416631207392	220.24540689293812	475.5726802424783	7547.970085787776	23.70298782920795	1908.4188890485475	372.70136644816273	475.89047439390913	6161.964435353147	25.788904263622147	2617.8103445520087	505.04026306220493	470.92569844738057	1712.9404059608573	13.590596857973589	5449.585368667027	738.9664464529205	468.4980573218722	5754.18627556513	4.116335935062072	3811.295104280841	164.16075806057486	476.0702620504907
40.25	9100.698209966185	22.277774936562395	1120.3525976659032	220.22890168005398	475.6007646234495	7547.453941863309	23.7218608283048	1908.6923933934995	372.8537450675242	475.8493128330803	6160.318739788289	25.79763608040146	2618.9994609145056	505.5075124323195	471.1706943001761	1713.2310311059373	13.599581825040309	5449.762279455232	738.6536210047686	468.531162242261	5754.111627777707	4.125758862951485	3811.387276066123	164.03934881566528	476.2131698480569
42.75	9100.667322760866	22.284177922931036	1120.3454799192698	220.22767536810713	475.4866690434567	7547.077586753674	23.771388780382686	1908.9104828402833	372.9784158496063	475.88610071427894	6158.853696524419	25.756534088996084	2620.184799099168	505.98609222173303	471.6533175756575	1713.3513800754306	13.592600160885286	5449.955292634114	738.3981403124326	468.57910877525353	5753.882536337745	4.137138402438147	3811.807734272099	163.8160682236921	476.2265886273766
45.25	9100.771836941885	22.2789545744292	1120.3404139510014	220.24315637510745	475.69793435033984	7546.416597737217	23.8655371316761	1909.405224460879	373.1855981555656	476.03166187198946	6157.268210768207	25.7010647362701	2621.2357971774913	506.37979746204314	471.8875924396643	1713.1960242144178	13.607550972534511	5450.185771537584	738.1235930049617	468.4901604482542	5753.8978634003315	4.141503240170455	3812.302265424155	163.5821985821322	476.3522496975965
47.75	9101.014105328744	22.267607536428816	1120.3578901132416	220.24472604052124	475.7960561563797	7545.646247381233	23.95885897035869	1909.9724415949374	373.4270486827345	476.01791953761153	6155.761146432093	25.63694972875862	2622.3507403424583	506.82846627995445	472.2863120243518	1713.3176777384888	13.613508805243745	5450.315756772642	737.886066588003	468.49102511889856	5753.70321418053	4.141349929275371	3812.6909960248777	163.34021267644744	476.3668627435408
50.25	9100.861221606527	22.26674422933575	1120.2988043107744	220.18821456248628	475.73538939304376	7544.264750951937	24.223984853119696	1910.9582593520697	373.80787759637127	476.25063959092347	6154.812631654091	25.48590139099729	2623.2154254270877	507.15488667053404	472.5904246322453	1713.286636537561	13.617053600557036	5450.581331259483	737.638638031707	468.5245297266173	5753.477954547041	4.134746415908536	3813.2650541340363	163.04717092775755	476.47016619299677
52.75	9100.895512023284	22.27307640298041	1120.3663168019716	220.17408023069535	475.6891308141096	7542.792064788516	24.18554904234144	1912.1524176207406	374.283043776614	476.4299142714667	6153.878749064229	25.49094293173326	2623.9102060466075	507.47965224752	472.7090092908547	1713.264458832424	13.623563318446102	5450.824590299074	737.3633604223392	468.5641968720439	5753.206789183685	4.143152353417942	3813.8293467748667	162.74809262155185	476.59291102907787
55.25	9100.711301320542	22.247509019451105	1120.4004363516517	220.17245236711008	476.14426829378345	7541.5917653973	23.556834367270127	1912.903119536058	374.5593462058166	476.42207127212106	6152.600209557038	25.167777807236753	2624.9757891167696	507.852893101941	473.020056158745	1713.3442091475706	13.629580531228605	5450.975479690048	737.136502280514	468.60864350893604	5753.0300448663975	4.1443150537410585	3814.4448960172917	162.4382273898946	476.58404689471234
57.75	9100.523371109593	22.221932278507072	1120.3971716084086	220.17915248426692	476.28623131059544	7542.995123121666	22.722401793601133	1911.8403608354554	374.1684893890598	476.35130525264117	6153.942902700052	24.069100822566334	2623.991731178408	507.5331733911636	472.84215007165756	1713.3906262134817	13.625158495641427	5451.138258123263	736.8803425890335	469.0138796252066	5752.7111370513985	4.130649633993924	3815.282357660356	162.00162060936944	476.9263822993411
60.25	9100.396104896356	22.2208353841358	1120.4151592762967	220.13378583615255	476.27135808142526	7545.091506102585	22.723715066127138	1910.3297274642798	373.6389334763099	475.9377816739295	6155.917584382433	24.044933832548914	2622.3715005361637	506.98731414742383	472.62377791100124	1713.311324648107	13.624422077237732	5451.374699065923	736.6540629472372	468.86956361975507	5752.125899447898	4.1082572724090385	3816.0696203221537	161.56452233097238	476.888506918132
62.75	9100.426932569602	22.220658371797754	1120.4438257896174	220.11885756138088	476.26496887078764	7547.2746074456645	23.09532038308192	1908.8642704042413	373.0940286935755	475.6371526828075	6158.085735421291	24.091205135121204	2620.7070172008584	506.4045831071111	472.16804896317444	1713.4152944682946	13.627880501198238	5451.618050394152	736.4448079970441	469.1101351372204	5751.780054170487	4.09808579533334	3816.6746121150586	161.25005122952123	476.8402306003298
65.25	9100.434386278946	22.223561616259556	1120.3481471679056	220.16102924287014	476.28642909973274	7547.0933669128	23.694008235144572	1908.9830203431036	373.15263475020413	475.628537735889	6160.227631524823	24.28408685493341	2619.1145461412293	505.88228096687055	471.9673745801879	1713.4561351879427	13.619710065515221	5451.855671533043	736.1722354073903	469.15269126179874	5751.773236355409	4.090007649887959	3816.985111777644	161.0879099991846	476.8133182691103
67.75	9100.536540678804	22.223777670149893	1120.3172306407284	220.14891394281537	476.3942412571967	7547.253102487508	23.36450106379094	1908.7359271026492	373.0791383510043	475.60986047070776	6161.319168644192	24.603967051861126	2618.2295231543817	505.60372914772177	471.80883852599106	1713.5255627738327	13.620720383494415	5452.042251403247	735.9582149393228	469.2358705165263	5751.602364101533	4.07804364363477	3817.113989860823	160.98939480531405	476.8523994122716
70.25	9100.655359512724	22.207495176636737	1120.3086672267762	220.1570785082586	476.5851714615862	7547.585196685777	23.445080676653994	1908.4200786406418	373.0059223959932	475.5238504671245	6162.323016504485	24.61408927607165	2617.5988167616974	505.38389086687533	471.5684254632501	1713.7091771867545	13.611562074828084	5452.177520253605	735.7054561227674	469.282980144656	5751.58746324842	4.076303658284056	3817.379310579261	160.89917270362162	476.71688954602047
72.75	9100.775403674146	22.200380143280764	1120.229351276455	220.14260747090174	476.5863603905441	7548.036454814497	23.53917126517216	1908.1304269897967	372.9012037148216	475.54321809625196	6163.138520374418	24.858371357806433	2616.8213075845924	505.1744599251221	471.4591592702724	1713.7344705790842	13.612258365033837	5452.367251058118	735.4419679908775	469.1235033619326	5751.681927255753	4.080187100263299	3817.3265935247377	160.89528251535287	476.72079281988056
75.25	9100.833391163616	22.204457600665954	1120.1833099444018	220.1739861612013	476.55505181777204	7547.973678032869	23.71463686506922	1908.3159015728602	372.97631935390734	475.68679803897993	6162.6622575341435	25.39347192025261	2617.186071832951	505.29434137773904	471.4398393663424	1713.819969197184	13.617616366498346	5452.528284086271	735.1534250542504	469.3464802264537	5751.676907150282	4.086784806031434	3817.412122821758	160.8624090283187	476.77884258352225
77.75	9100.576468441537	22.21717076095977	1120.068422554815	220.15242431868714	476.47615861397145	7547.652850897491	23.677627998163047	1908.546725660319	373.0866867961178	475.664940682269	6161.729362800838	25.440032805779925	2617.696301244479	505.51799171655847	471.3119386177278	1713.8833232546212	13.621888544436306	5452.652940718306	734.8853625880084	469.25373766070584	5751.8173601323815	4.091319266745459	3817.29584153526	160.85137972142465	476.7317572890953
80.25	9100.658873673568	22.211089437444986	1120.0492157396793	220.162429221601	476.4803487988574	7547.581864147849	23.674450194826882	1908.6521739865084	373.157684267845	475.71422533572564	6160.800773435957	25.42330675655905	2618.4058352786465	505.77050404277594	471.64420886685224	1713.859030382568	13.620051799523957	5452.826119423705	734.6522498579934	469.31620510859165	5751.785617208878	4.097608162893889	3817.3578207288965	160.79079943058883	476.79251021426205
82.75	9100.673041917897	22.20079880134243	1119.9997559897965	220.19155659005014	476.57046759599973	7547.178345634938	23.70594722174403	1908.993389794454	373.28568565759133	475.91406291170483	6159.877610550504	25.405530488887397	2618.9874690157094	506.02603775994925	471.61476202716443	1713.9715471058948	13.628211616604625	5452.923482752147	734.3827651921099	469.1900596206031	5751.723805910934	4.102124507646642	3817.570663237783	160.6661505365954	476.9307560921685
85.25	9100.553224158042	22.20906912034557	1120.0115318335206	220.17641236340228	476.406472099004	7546.832092541234	23.615584089574792	1909.1492871042592	373.3585119154735	475.87806885933014	6158.832763783952	25.427798102151073	2619.56139302973	506.24879135628726	471.846326873031	1713.854815402513	13.623361493543506	5453.0883109892875	734.0993514154165	469.1759594728809	5751.445796720766	4.101981823299046	3817.9969227418037	160.4431867083905	476.8856722569981
87.75	9100.632474017928	22.214262090953316	1119.9904150442055	220.19946638022338	476.4148704032373	7546.514753110327	23.664975633711812	1909.3153696551092	373.4506588247392	475.93247103419225	6157.937954787248	25.409038781078163	2620.124095059883	506.49178359040366	471.8203437182074	1713.8073505340633	13.62478099236317	5453.1971801887985	733.8379418353517	469.26008219305675	5751.39160836542	4.105487482013933	3818.2804967457705	160.3431105906761	476.90478154068325
90.25	9100.73428045715	22.21604119052915	1120.0007330011297	220.16720114123507	476.44140638293885	7546.07577297593	23.65293426480279	1909.5186277967614	373.5014431963229	476.00187597774266	6157.096567583809	25.401964313496915	2620.7133731685767	506.71856489580796	472.06525818718393	1713.7060123271497	13.63560853923532	5453.431566634776	733.6029515656757	469.28166450176826	5751.197555843831	4.107839082752131	3818.511732048095	160.23953965093423	476.8568640048176
92.75	9100.777683419059	22.208199665608063	1119.9406911295744	220.18438556412815	476.6128084131072	7545.499194728804	23.658175564328904	1909.726905984426	373.5714447707063	476.04184407640855	6156.416765805825	25.3909018302191	2621.243768038835	506.92450887540105	472.10323743920975	1713.7102397386727	13.635106262223912	5453.622574265889	733.384963952676	469.24551175242345	5751.181198671342	4.103222866778178	3818.6960935314173	160.12831338225752	477.1114017987649
95.25	9100.667028182133	22.20232938612075	1120.0353990680057	220.2176395493652	476.72363252732697	7545.315145476696	23.64095692034721	1909.8126969157229	373.6118615345542	476.17899850044284	6155.591533724822	25.38289546283577	2621.896425649702	507.1017169351726	472.2434359692728	1713.7188376204665	13.639030954133615	5453.860886837349	733.1415017579789	469.26472012559327	5751.047105213527	4.101534260127571	3819.156457635186	159.89711016761453	477.1050945203438
97.75	9100.758657397519	22.2037235899856	1120.0856026138572	220.22026447519912	476.63236974221394	7544.977155017083	23.714087018875208	1910.0441140105008	373.72201013796763	476.0892030384641	6154.905937717817	25.361853846604987	2622.379159494553	507.31131867123923	472.27476152954404	1713.9817440752538	13.653247489644905	5453.987891532777	732.8973692850664	469.49511555522304	5750.845141525327	4.105908113734008	3819.614397625997	159.70188522605088	477.1621863379683
100.25	9100.720547007899	22.204606941365395	1120.1126898830344	220.20236646320544	476.6141227334006	7544.7642151849	23.753399964362437	1910.3426192692693	373.8186374552763	476.2151700679176	6154.166139690207	25.328280376208333	2622.9199077128887	507.5039685992959	472.45078777859857	1713.9308981709023	13.665767909600175	5454.1354913598025	732.6705909961923	469.67480599348664	5750.64216264231	4.102581916977643	3820.1421593835703	159.5026792592235	477.09298564054393
102.75	9100.729352273433	22.196436170291637	1120.2588429844038	220.23722873998852	476.73847749090373	7544.1484813398865	23.84013405554711	1910.7927524444679	374.01204597569307	476.2429326952075	6153.425721842917	25.284393011211943	2623.345540638098	507.65490509014967	472.4960997941844	1714.0565311903492	13.670828690201084	5454.356520732119	732.4412873873546	469.84295942360416	5750.8148523587015	4.10079008699844	3820.2323578460455	159.44764336425504	477.02602337177433
105.25	9100.684335738888	22.187410736254627	1120.2671928861187	220.2430040229379	476.75932827240973	7543.299130793905	23.75297541264102	1911.2305003222157	374.1699006703891	476.16317764579554	6152.827227414599	24.909587068818848	2623.747557978396	507.8264563153683	472.86933046350254	1714.0462521307877	13.669029043202993	5454.56733683692	732.2200896025731	469.9610102421002	5750.770160792738	4.101044971246446	3820.2304474037333	159.39712834820642	477.0779501936905
107.75	9100.725957979892	22.182421637819658	1120.2443005629918	220.23635820149102	476.9171665523734	7543.275219169993	23.382045784815126	1911.3512597126576	374.16371055068925	476.2730497604719	6154.012040396593	24.173175629554066	2622.545924840019	507.4473504636822	472.7271058214251	1713.9887604486396	13.661875442126657	5454.785530903544	732.0024305760292	470.1442962612416	5750.445172021759	4.0953169254300406	3821.0213180547084	158.9790710927132	477.7656110724821
110.25	9100.745695345322	22.184953141336216	1120.1976919671908	220.27656974173408	476.78051195268694	7544.308504218684	23.084277958996758	1910.5602471965194	373.9006932121298	476.18794130663116	6155.5960143183875	24.337079989486885	2621.452629736588	507.07153623268493	472.7654353794179	1714.196801430836	13.657019843058576	5455.030487016242	731.7374326105662	470.02388058716076	5749.754124638854	4.08955149126767	3822.177968480452	158.38640642552724	477.5553874277425
112.75	9100.721562785937	22.185182663376256	1120.1920535389436	220.2785772765806	476.7409575642614	7545.253010446211	23.2149036083722	1909.8492091858839	373.62875320322775	476.15857582942	6156.919453441664	24.292316284119178	2620.361182928949	506.6823528017017	472.63932741337356	1714.0681112454538	13.651601698984914	5455.271714569897	731.5035023205651	470.1061188664963	5749.454843316801	4.084352209174461	3822.844816389387	158.0020816253582	477.5893910886681
115.25	9100.86089859774	22.18544181505644	1120.2076338563409	220.29406651163973	476.77391536329424	7546.101653330926	23.25231730180985	1909.349071344135	373.43741945209774	476.00981142111067	6158.606727006668	24.28315512132876	2619.19351105669	506.2918802599477	472.60996702715005	1713.9250297123353	13.651834321361974	5455.482931478254	731.2999391493101	469.9057498250796	5749.376873135152	4.066837620201953	3823.331399436558	157.73878157984814	477.4558903928321
117.75	9100.905566776792	22.186933108726848	1120.1964909675805	220.27241691281242	476.78105513588804	7546.855932224608	23.28979629311346	1908.7602552308103	373.2917486514886	475.8657898202879	6160.2154285829265	24.290922148296403	2618.0115606103946	505.93033323939324	472.26953499622624	1713.796937132469	13.653972502916687	5455.723824713394	731.0238280014823	469.8046645090149	5749.25037844627	4.0560243869995745	3823.49649868731	157.6307912197252	477.4806881925726
120.25	9100.819385016988	22.185795734099774	1120.2554680876847	220.27213777584882	476.6927272772409	7547.430710243755	23.36192558164946	1908.2539879946992	373.1691065044346	475.9030366922896	6161.81967500812	24.441888854484375	2616.9616528576075	505.53689913482566	472.1447918058009	1713.7556449979147	13.654012501646207	5455.973899061737	730.8076102575119	469.9070692964362	5749.233879887033	4.0494470513368155	3823.7215296961776	157.51842671562332	477.5017962147305
122.75	9100.64217447115	22.197943892765455	1120.167392416145	220.26073026306076	476.5566729755477	7547.644942961456	23.479179635372162	1908.094793261506	373.1043886898184	475.9052464226698	6162.318636059007	24.78398387234984	2616.5416413454504	505.3658052951622	472.1738920049475	1713.6406785998429	13.65646632289717	5456.074897641569	730.5738979090564	469.8523606902891	5749.066925972148	4.049704675524219	3823.923489271647	157.44468211895426	477.61031607451844
125.25	9100.52510532401	22.190107258190704	1120.1527826382255	220.26100424407076	476.7135789349543	7547.823806283102	23.51304965448582	1908.00560317459	373.1079634101555	475.9784936120934	6162.720410720131	24.80938890141755	2616.346632214791	505.2908532207897	472.20587411649063	1713.7582113317123	13.650541833096746	5456.339851667701	730.3173180142721	469.9050379843778	5748.588881644118	4.049591024407924	3824.494005396148	157.18288619604388	477.7658918261906
127.75	9100.484417568177	22.18807380173469	1120.0499769553464	220.20024817584329	476.788879303552	7547.602477745197	23.527181181099525	1907.9986218077536	373.1365415593593	476.1335160279199	6163.145668821331	24.94832624273736	2616.1698732477635	505.19258337380626	472.15286143765195	1713.8614476244609	13.650709326363222	5456.491061420239	730.0686527463641	469.9933399491628	5748.288356642093	4.044971454550984	3825.1079602397485	156.8421138319884	477.8854591355481
130.25	9100.681321344033	22.183972916204816	1120.0967127620042	220.16317074552146	476.82106727140615	7547.664305272917	23.4835871213213	1907.960162277171	373.081521015463	476.1793694739077	6162.955498938123	25.14117173907984	2616.4037852601355	505.2615896604409	472.02811385458534	1714.2129931975671	13.64335047801494	5456.662903292639	729.824660246745	470.0327372457089	5748.199136608441	4.049642784410516	3825.583527477285	156.58917156415134	477.76506662068675
132.75	9100.817152372476	22.187066443822317	1120.1832344240242	220.113883119369	476.7443336374931	7547.5406466637705	23.53015319519264	1907.9299202399625	373.0838576853731	476.34521144069913	6162.54599852238	25.145135415509618	2616.7159124318573	505.3864297976806	472.03498648267396	1714.1673918126628	13.645295434839085	5456.69415946895	729.5684561651967	469.8273096876898	5748.200756533738	4.046958243778658	3825.6978090304056	156.510553364436	477.7688965007397
135.25	9100.981170414361	22.185146528215476	1120.1536152424858	220.10730842815897	476.8649116607569	7547.557398361082	23.49240481588326	1907.9465797492342	373.07908414118685	476.4588051228924	6162.273644456401	25.156232127352418	2616.950079812586	505.5397240845432	472.01026939297407	1714.1780223073854	13.647536683959126	5456.84743387161	729.3518181268191	469.98251958012924	5748.142852811017	4.039859202427439	3826.054611132799	156.3447085767993	477.8786949875362
137.75	9101.02557700116	22.1813324253125	1120.0975202052086	220.07273483648677	476.8521952680962	7547.51102527862	23.45679897395939	1907.8443714440846	373.0369074865693	476.63561587261484	6161.67314239547	25.16233897216748	2617.1608160652545	505.69767012345307	471.94655020180994	1714.2305980881229	13.650115279634226	5456.980535348981	729.1272648915425	469.89265172378254	5748.069988643407	4.038119825063198	3826.489406104224	156.1379388858215	477.83979835023524
140.25	9100.899156208941	22.175691208439922	1120.0426894347702	220.0625063259853	476.97076017985637	7547.692401874319	23.527021223405143	1907.8140565212932	373.0064095043941	476.38691766820307	6161.240192903497	25.13405708246482	2617.4127050838747	505.80416228424906	472.2575827146692	1714.4275202146932	13.649423343985676	5457.156727578888	728.8625810169136	469.7584214562207	5748.087583589967	4.039739798185249	3826.7498440632066	155.98109316736753	477.8631104047008
142.75	9100.984022092121	22.1731505810789	1119.9459500464984	220.0790702405402	476.9711134467735	7547.388967868189	23.646130001151185	1907.9937843309285	373.0692572799408	476.33513346715336	6160.9151749610555	25.114035976835034	2617.6310044714037	505.9392534118956	472.47826436836584	1714.6682423181098	13.655196070919622	5457.292703802271	728.639355937325	469.870645980372	5747.928958940158	4.037411056203309	3827.0628688846136	155.81022390373684	477.9154271178436
145.25	9100.9258637052	22.177507067968445	1119.9411740968874	220.08430083198087	476.8907818799372	7547.162222392534	23.5437275789973	1908.236531093662	373.16197264754175	476.5407048140838	6160.463994021472	25.12897196462099	2617.8382223791077	506.0135004861784	472.53657750178456	1714.7760248764318	13.651345528088106	5457.43574357159	728.4287931325335	469.8167060450705	5747.787347912422	4.03484547256444	3827.3245469882913	155.65187063050652	477.8613178222953
147.75	9100.964697722808	22.16812645258605	1119.985553552385	220.1080821830346	477.0360855721595	7547.3879109059	23.44381019624471	1908.1710885175546	373.1477724853024	476.55897309886365	6160.16248807565	25.15626311687774	2618.112242290182	506.12940532826036	472.5345947610779	1714.7993169505626	13.657694113885	5457.6007753441445	728.2200012451361	469.84312765558514	5747.842470319084	4.03437985152298	3827.370341276674	155.62410025352978	477.90109568208237
150.25	9101.040958435087	22.163827774118804	1119.9915780469548	220.11134681496267	477.0649540722125	7547.352570014064	23.445027361928638	1908.1820083981147	373.17187771336296	476.8493440813426	6159.851721266084	25.155867139348743	2618.4191227174106	506.2518929711893	472.4803828816041	1714.8248608631807	13.664427296462136	5457.824287453579	728.0384373951207	470.1103951856628	5748.084857730471	4.0321338972837815	3827.158503169187	155.71730672726775	477.63500256241474
152.75	9101.08301560426	22.156885135283357	1119.967175994264	220.11669728392724	477.1868971252994	7547.757657571773	23.390043159121497	1907.8979433845686	373.10774430023395	476.88692645773364	6159.559154515584	25.172535598071452	2618.7325439164956	506.39143703930085	472.5426738273079	1714.7611837498007	13.658822632356978	5457.938953521613	727.8169208534863	470.0510238259184	5748.096757740013	4.038426040252399	3826.723231904779	155.90712455824095	477.6379767663715
155.25	9101.070848356867	22.146900545631375	1119.9440631189896	220.12393711214057	477.2067737934488	7547.633738894223	23.489078864437744	1907.9113939580566	373.08018757546864	477.0006554391541	6159.18287821726	25.182941245651925	2618.9782043338455	506.53141544334113	472.50826848184346	1714.806982556366	13.66480321248689	5458.064593736835	727.6595561523843	470.2551572482066	5748.358366154478	4.041896337487574	3826.398349646957	156.0545627508137	477.6212385656066
157.75	9101.063004777197	22.144985483223554	1119.9123504575196	220.1095896731706	477.38365512353806	7547.703156834601	23.41299163018442	1907.824894435305	373.03776031973143	476.88254168736756	6158.858890630903	25.176569675176637	2619.2668921003897	506.63495053036087	472.73355692180786	1714.720433543151	13.665034461345076	5458.212532225608	727.4624081918971	470.0412240967152	5748.750982597859	4.041843275532057	3826.1113487890257	156.20379234833268	477.66109876612876
160.25	9101.0625913227	22.13524280114285	1119.9175815789724	220.12769688075437	477.5434347987069	7547.758716486932	23.447722098944688	1907.8331744016748	373.0622444266143	477.0451262384142	6158.610051066677	25.14945822196199	2619.5905942698514	506.766039791074	472.9443005858155	1714.7805103879236	13.66876208392082	5458.361309251817	727.308503293798	470.03410090414815	5748.631388593419	4.039689233681749	3826.2208393017186	156.14900625330054	477.6538118927165
162.75	9101.006527893853	22.11915349614486	1119.930050163877	220.13769927183728	477.73636599392256	7548.080210744084	23.289026402065932	1907.7721480033554	373.02791683987783	477.10290405410075	6158.09251101456	25.133427288178915	2619.840221047801	506.8788982689638	473.0986720663192	1714.8318026775485	13.677603848724834	5458.589002149667	727.1438025255708	470.1554542212614	5748.664903059717	4.039118755220142	3826.2367671808283	156.16966374545206	477.71067516184814
165.25	9101.097323446415	22.11722238588757	1119.8823714990208	220.14449611956826	477.67349942740566	7548.67866225944	23.19031490729435	1907.3254504111542	372.867750762161	476.9969481180789	6157.832871394025	24.96829495450217	2620.0760717371772	507.00860762507887	473.3511916385824	1714.8912151534958	13.680779840634477	5458.758318435067	726.9561163251069	470.28446736689847	5748.794029092277	4.038292041686302	3826.2125104116108	156.17285945443166	477.8160498708737
167.75	9101.097218511464	22.12233446974843	1119.865487126183	220.11822331128838	477.61958266187673	7549.030183224884	23.174990726280818	1907.109296874012	372.77926962495036	477.0781515275961	6158.462909965463	24.58186252480684	2619.7536545133844	506.88977324403777	473.48555826643513	1714.7454954120026	13.674894815228472	5458.912900773905	726.7545306792055	470.30292583237235	5748.803477039555	4.033815948819274	3826.3728188138916	156.04665514898645	477.82029677730634
170.25	9101.112170432863	22.11684970520378	1119.8625643559517	220.12345887882316	477.68785942110003	7550.172537697166	23.313879196543457	1906.1791535793682	372.44508540969093	476.7730290494071	6159.445126696767	24.54882321484046	2618.9424185533408	506.5972330655239	473.36721081399094	1714.845320455158	13.67571046329769	5459.048478442435	726.5460702626397	470.2209426258581	5748.781282863906	4.022521102208581	3826.5621417878388	155.9543829773173	477.9136952305612
172.75	9100.953125549488	22.11448864864952	1119.8940638040228	220.12200394011023	477.63115106184074	7549.097936795212	23.873599100451685	1907.153205198521	372.79971286502706	477.1375925988053	6159.753013339516	24.89852254858345	2618.635413162831	506.47950174593484	473.1337322303732	1714.754932293246	13.67529543960543	5459.198385729466	726.3657270189989	470.25209993228526	5748.536620836835	4.025321714437644	3826.7619402148393	155.83293465914252	477.7532483532548
175.25	9100.927612941397	22.12168033350259	1119.915773160325	220.1104974877129	477.60120459474274	7549.2670494746035	23.2666554940905	1907.0748618836965	372.7359641629324	477.10541868043657	6160.053683558778	24.94497692012205	2618.476784360587	506.41842920759564	473.10664646687866	1714.846047718055	13.67367759679773	5459.322732265432	726.1303261761476	470.2960322479256	5748.587940744938	4.021329979142432	3826.591203859802	155.90127802651068	477.7551713922254
177.75	9101.089707623149	22.12892934318493	1119.9924686810434	220.09492823518195	477.5069278175929	7549.211715142642	23.59009969087615	1907.1639945499267	372.77056474161964	476.91910852000467	6159.78971953208	25.094712036579597	2618.572707808577	506.4529340809311	473.06080340026233	1714.6674722453852	13.667365017926745	5459.472805865038	725.8748029636791	470.10351487156504	5748.65366925841	4.027012374699255	3826.496399506721	155.98292667840985	477.7542854083334
180.25	9101.194737304482	22.132441129852637	1119.9670102953357	220.10392967457872	477.4003280398467	7548.628767280156	23.55084058827778	1907.6403949466742	372.91015300585894	477.03976345710316	6159.331298874838	25.107541355759768	2618.8517346760727	506.56805474629357	473.11308317861784	1714.7238908008385	13.664327999434601	5459.657327659789	725.666398623737	470.01876388591444	5748.5065451492355	4.032241302489811	3826.660772283089	155.91605237990993	477.88512785149453
182.75	9101.224185575575	22.146307529028487	1119.9880842949092	220.110165348609	477.2847555141772	7548.771835209177	23.34756439206557	1907.494943217512	372.8692158656219	476.9215102854158	6159.127976169126	25.09247916049019	2619.0922746575097	506.6908155309208	473.0987936008684	1714.7145290508847	13.664859708425546	5459.8273200992935	725.4615659090085	470.1727985192527	5748.395165662534	4.037480599987084	3826.8687810487177	155.78966031226383	477.76496747149986
185.25	9101.007665997364	22.15776908833758	1119.9818668237194	220.07016315879576	477.1071873414318	7548.519225490169	23.45872954439374	1907.5238578118704	372.9322928741413	477.00731175832334	6158.546091623597	25.051772670946395	2619.295134025979	506.79127118305377	473.33041728498506	1714.732301042199	13.663308944055924	5459.992363217335	725.2470640981925	470.2412135057019	5748.308320898867	4.037245878427594	3826.9097724928047	155.73152366261007	477.9376092962344
187.75	9100.953422058372	22.167108562682827	1120.0772739776394	220.059106259337	477.0900161737037	7548.724060134661	23.425561831312134	1907.3770085654944	372.8598564094761	476.9430362947683	6158.659705725994	24.809207607064195	2619.2709770636206	506.7227882972361	473.34598192033263	1714.6780450737492	13.663680028453092	5460.118265318388	725.0481754462149	470.37548522465204	5747.95746264719	4.043876397274978	3827.297639639827	155.5488404242429	478.10704364207896
190.25	9100.930982532012	22.17144257080517	1120.0386843740132	220.06791769513018	476.9528866317707	7548.413226484133	23.720260238844013	1907.7203850524795	372.9760909749165	476.7764825217171	6158.957050353503	24.729219870729963	2618.97375676791	506.59952242311795	473.05630108042004	1714.7609741789022	13.661531120234534	5460.289800553844	724.8610089725835	470.4025745353714	5747.81227281221	4.039679097373607	3827.8446971632875	155.24187231583363	478.1666339529172
192.75	9100.802308809461	22.1746081085064	1120.0213871249714	220.10623616971412	476.90857349688935	7547.851677264874	23.688056260422876	1908.2335391730458	373.13864979454956	476.76865537048644	6159.446807011474	24.735118826126826	2618.605236423927	506.4989185767912	473.1295900211796	1714.8550886823123	13.6652585823338	5460.440440281184	724.6740054138248	470.3639328182838	5747.658229115619	4.036371332170976	3828.275827883596	155.02915405035498	478.198611418205
195.25	9100.759212960167	22.182249668740617	1120.041529495996	220.12199468758504	476.87843568645286	7547.557483017469	23.523800632899317	1908.4750708438366	373.2472508388133	476.9166872172492	6160.0532629546915	24.76833263040911	2618.350948537345	506.394743233842	473.05656401157717	1714.8053158568448	13.657268605524377	5460.61373243437	724.5157893790571	470.2913089190044	5747.235354508841	4.029298798411411	3828.781595896111	154.80627778538548	478.26196137962603
197.75	9100.796536252	22.17984797503216	1120.0742982639006	220.10171996575806	476.92083436126006	7547.657064899022	23.36926888388166	1908.378701749041	373.1922412765873	476.84257814530355	6160.443479845802	24.81077347254302	2618.1045074037247	506.33407790952725	473.11960637828554	1714.7875482169775	13.656096206959191	5460.77514551528	724.3131689526683	470.18884807525717	5747.006972100218	4.022728235655133	3829.01777886513	154.64929363700466	478.1740440337932
200.25	9100.879988452964	22.18715112862066	1120.1257237129678	220.11042205539928	476.81572796076404	7547.828645365314	23.40166177617554	1908.2640661124653	373.1350638239187	476.96019157343864	6160.71851568851	24.79571959633267	2617.869085359051	506.28094315925534	473.2573720904233	1714.7633451449738	13.662891839874368	5460.959301477876	724.1129596568425	470.2955704437306	5746.829276691974	4.02424485231448	3829.4510133227163	154.4006355072658	478.43998300330884
202.75	9100.822467821234	22.18579878370329	1120.1286067710973	220.07938154659118	476.7575918960195	7546.648557006469	24.223742745868993	1909.1895281434895	373.49511087980574	477.2249494593285	6160.751985594849	24.820666930737833	2617.725197653667	506.25397154800925	473.4158576169825	1714.720411649326	13.658513457571273	5461.110258237411	723.9073773000692	470.4771177503511	5746.564264674134	4.025458522482815	3830.03249677148	154.12655544631667	478.35989608411774
205.25	9100.92050977228	22.16998799096244	1120.197880128362	220.0614654108758	477.0533793697879	7544.7566269033405	24.208534042474565	1910.5667487107	374.0115395802652	477.6744520263435	6160.704114002226	24.625273328881647	2617.7591581385077	506.27106670839197	473.4049806876588	1714.6743096350085	13.662334621883293	5461.274835051804	723.6995899432122	470.31261147456433	5746.622536754096	4.015804362048938	3830.206026679229	154.02983726282497	478.3365000915305
207.75	9100.879604540389	22.15914163386668	1120.1647948177717	220.08145841762197	477.0036261546848	7542.977407427686	24.19154921870927	1911.9632328989337	374.4882371843889	477.9111848072014	6162.108116193152	24.02324777899018	2616.7241654994646	505.9086872690037	473.42594767933963	1714.7569086279543	13.658646994133468	5461.427095481593	723.4944550407452	470.2444070057397	5746.330456167748	4.0059184715335885	3830.4039435204054	153.90963051068871	478.36778410873603
210.25	9101.10392748719	22.167907556379635	1120.1574292352007	220.05012838345942	477.0243106283286	7541.253487273345	24.174265149955943	1913.3016952142837	374.95874224359375	477.9580086961109	6164.044063629449	24.0064942855986	2615.4888909817664	505.41515487419275	473.1955850297397	1714.9499248528064	13.648916949196567	5461.50714587626	723.3154213496799	470.40503014890623	5745.984636906129	3.9994330388278163	3830.76200750614	153.72595785616974	478.33880592119226
212.75	9101.11678352943	22.160055057356335	1120.1451458228348	220.0438130931876	477.03113495777	7539.511261375766	24.199758306254413	1914.5238022001654	375.3824594285325	477.67922150222455	6165.792112722517	24.136339602790876	2614.276339286935	505.0185260409092	473.18270297931645	1715.1068444882055	13.648603360515281	5461.632508045313	723.1085637567991	470.62333793656535	5746.092184835701	3.989398638957011	3830.6026844024286	153.84646452070982	477.95672323632556
215.25	9101.094221045369	22.163732548748065	1120.1135179546757	220.02281519532224	477.02855181771616	7537.636256293596	24.215912317510657	1915.696580318688	375.7949811858994	477.5744639325137	6166.569686922368	24.423190281122658	2613.699764059521	504.8687235921837	473.1758056276102	1715.1189328012558	13.646007073981478	5461.670995221008	722.9036503928794	470.6691937491027	5746.501854878317	3.985061184728088	3829.891229653659	154.15054907771776	477.8809852829568
217.75	9101.132651334414	22.17244873027805	1120.0489321017299	219.93295494935555	477.0379090553093	7536.023657175461	24.21026311817455	1916.8998729076702	376.2022152941663	477.6871711218132	6167.228286253182	24.593819884061904	2613.264023773521	504.78973136271196	473.0480348242919	1715.184863634477	13.64227792203677	5461.670917613135	722.6838631974191	470.67755666666835	5746.540063741681	3.9864392906255763	3830.009535549006	154.10347225308217	478.57334931977664
220.25	9101.221727136404	22.168368216328535	1120.0415195631977	219.93134290450476	476.96887168781257	7534.559919738252	24.216465449517518	1917.9412512174863	376.58810350719835	477.6835904422851	6166.759874596615	24.941217893774514	2613.591490789862	504.922103205216	473.1976683497257	1715.2833179960444	13.64117460047604	5461.715228887672	722.4707263821211	470.89816000117406	5746.167359440893	3.9938934718920955	3830.727390056275	153.7623268799525	478.47769042048577
222.75	9101.2049336554	22.159631789038926	1120.0580865385323	219.90155885903945	477.1728853446696	7533.111124358955	24.22257031715311	1918.968410363114	376.9603776800535	477.686969823158	6166.003555071612	24.93606551669303	2614.2324910951047	505.13144688739914	473.32327881895645	1715.396964037922	13.637718703278129	5461.87280856659	722.2404942229151	470.84817778964333	5746.046239599899	3.9945706888499637	3830.663733217315	153.7938102832307	477.9612005162836
225.25	9101.144481031975	22.16118652744084	1120.0362409767044	219.9328000742076	477.09259174938126	7531.80562026677	24.215137357548613	1920.0944809557197	377.3486967252007	477.7795542275963	6165.241127541613	24.93381909616437	2614.8686475246113	505.35506358944525	473.34210447030983	1715.5550129890476	13.645530020733181	5461.88294912134	722.033911725434	470.9626282445621	5746.422065388896	3.9944038075854866	3830.269215528287	154.01842343692712	478.009538366674
227.75	9101.13066445183	22.168786991574102	1119.9699017728854	219.91115262355163	476.93338158755097	7530.529813446998	24.226251125439404	1921.1185509522018	377.69027208352634	477.5546900166142	6164.5222594685765	24.942090387441034	2615.4811293959397	505.5998003872312	473.3293194803748	1715.6288028041831	13.644130934997204	5461.945259901165	721.8436853660484	470.91585313013036	5746.665415732491	3.994201018571291	3830.117313825588	154.07506678412742	478.214537350762
230.25	9100.982810978687	22.171496679142155	1119.9055879519024	219.9546317166477	476.9905794820207	7529.465940456482	24.23089668778489	1922.098403930962	378.0172968478157	477.62556741018784	6163.618564895034	24.93250639623353	2616.096540459642	505.82961947019004	473.47032325079925	1715.7760282078038	13.638273632328511	5462.041554204032	721.6732652399755	470.9272257382732	5746.618075507303	3.9943798823007604	3829.9566197357717	154.0770256131819	478.2355896686889
232.75	9101.131223636625	22.163692414610416	1119.893037297414	219.95478955435738	477.0421514270175	7528.280880239108	24.244977342373986	1923.0745703735088	378.3161449982654	477.37187146414567	6162.668095906878	24.656807133420706	2616.753527097057	506.045727538045	473.4953219548291	1715.9563198606731	13.637723280058998	5462.1619838583665	721.4806781975118	470.99059574543656	5746.488803523357	3.9967943401271473	3830.053928982459	154.06389011377988	478.3080205001431
235.25	9101.142426877406	22.163079854028872	1119.7981677770201	219.95013035520412	477.0343981867257	7527.068260019872	24.25406451324347	1923.9892524807706	378.64087527256487	477.2355456284167	6163.369688660071	24.014787356331155	2616.3446654674876	505.8546283598439	473.4370364364349	1716.1671516690003	13.63633480983436	5462.355044896734	721.312405350494	470.73433136360126	5746.0669661283955	3.9878652735918787	3830.4143993393122	153.87944905463422	478.26278219486517
237.75	9101.173636718466	22.156794808726765	1119.7808027625836	219.95190901825814	477.16318764969304	7525.814942566436	24.27768701588029	1924.7650779297749	378.9354872750392	477.05810525826524	6164.543048728681	23.997163762250278	2615.5362046665186	505.5621705068695	473.44005600755094	1716.1886176832209	13.633484641632359	5462.451133146925	721.1789241255965	470.81258213005196	5746.088055575999	3.979934298160775	3830.5219641686067	153.82241176821242	478.32713054222756
240.25	9101.253465872529	22.144882585165025	1119.7662619065957	219.94584189012292	477.21878294616994	7524.535668099992	24.293524128905506	1925.5840137938114	379.2296894317776	476.97070752462804	6165.565421350152	24.09975382370291	2614.7273603827066	505.2804729360474	473.0642241097187	1716.320330771314	13.624795758566755	5462.6374604995835	721.0155568955889	470.88848141445175	5745.957637599642	3.979427100410914	3830.664043588863	153.7328733671684	478.3083193063374
242.75	9101.13527208195	22.1550512249589	1119.6837121320386	219.93959034583145	477.1605200659569	7523.4958548926925	24.270111859597407	1926.4325141215284	379.5166247101621	477.2783713580548	6166.007447119598	24.39598066132048	2614.3849229582383	505.18329570835965	473.1058201984186	1716.3949247672704	13.613567990273893	5462.772441653141	720.8381457488088	470.9800346438297	5745.8393183282515	3.9749399709623345	3830.7256715390718	153.67826375576286	478.2840877394062
245.25	9101.126331128013	22.145107214441317	1119.8038749931832	219.92175072544225	477.2836014209792	7522.3070619068685	24.278058540142485	1927.2124298044275	379.7679762402245	477.1463380672069	6165.892378773	24.482275451781465	2614.630087985897	505.2527755799823	473.1382774971904	1716.4238157850257	13.615208640240505	5462.814161587666	720.6806313515407	470.9172289595182	5745.89352636817	3.9685740754096015	3830.5719536011425	153.79234989447548	478.0798600899764
247.75	9101.188989555969	22.150588251337595	1119.7485837918914	219.93639909529907	477.1721864381715	7521.093807894168	24.279359817612487	1928.0884253670117	380.0207206209297	477.0223108661655	6165.925047978781	24.290037811590413	2614.5299124789294	505.2394194787212	473.1682464059198	1716.3932678644646	13.616938667294924	5462.853321766142	720.4969438015677	470.96978256491803	5746.060372908822	3.9663668613711534	3830.243308450448	153.9572347542105	478.1381679921294
250.25	9101.222395063343	22.157736390707495	1119.7182809904566	219.96678706411808	477.073990627576	7520.123044141398	24.30255056318173	1928.7550405630016	380.2269490766791	476.82944785822724	6165.986986306145	24.295037492529573	2614.3843257120284	505.1787100199796	473.1626601202126	1716.496909845893	13.614572219385176	5462.930959989486	720.2840255647711	470.7855335500791	5746.038829838028	3.966853213037891	3830.1487240298065	153.984530689657	478.34013851604936
252.75	9101.16632133683	22.16377985409962	1119.7156164957767	219.98057407037706	477.06125722486263	7519.358516797621	24.289052976090012	1929.5335931271156	380.494103293298	477.073427755817	6166.100919280255	24.59238534818847	2614.2389537768845	505.12120832786997	472.8034923856681	1716.5963270540474	13.608755866632615	5462.939418389065	720.1323689368959	470.8616574236824	5745.837956727999	3.9667227749469207	3830.380092347058	153.86957643359045	478.42029467068534
255.25	9101.299746206045	22.167220968462374	1119.7097769215188	219.96977962032133	476.9904425506397	7518.607133794975	24.296430771280754	1930.1971016698278	380.67354324073915	477.02569402337133	6164.70006187996	24.894743862762382	2615.4669890028754	505.51976624832974	473.2224696160006	1716.6026481792926	13.617875032261276	5462.946289838687	719.9366800609263	470.6997709688467	5745.821123146478	3.977586813728677	3830.351269981604	153.85267938179584	478.05418050460383
257.75	9101.21564122474	22.159037167753237	1119.6024871868296	219.99571824022965	476.99507358074055	7517.789372093537	24.27415494236812	1930.9508053129537	380.8706773914538	477.3811551295362	6164.633655224893	24.251552666533684	2615.351786975022	505.46866904464105	472.9365070895402	1716.6781751231408	13.613394063542854	5463.063232737228	719.7934691799062	470.6700878266206	5746.226506255331	3.977208249116829	3829.8855282239974	154.0853563883399	478.0108375773931
260.25	9101.189646045803	22.161638047259697	1119.5857960385931	219.9663420239227	477.12507686163417	7517.021176851569	24.285556455882702	1931.553140664471	381.0386960806797	477.1377650864891	6164.426680398744	24.625966205490556	2615.7369949423482	505.55966805768054	473.0564897108439	1716.3935936550395	13.60476602469703	5463.13596730093	719.6626900161283	470.6672940132854	5745.9783155869745	3.969827842645585	3830.247155924938	153.9204329976043	478.5216273706817
262.75	9101.29229855852	22.145361827450742	1119.6493448377805	219.9160863430377	477.29184648210355	7516.211366912787	24.302097105263847	1932.1876865875288	381.2187064300046	476.8705917625469	6163.7885715593975	24.57916788524186	2616.083312937228	505.64458849345976	472.8921052432927	1716.569558176287	13.602614825914651	5463.195978954008	719.5167805712364	470.56282600640424	5746.14720787266	3.9701314478177454	3830.5139119153105	153.7914371259757	478.2589890095486
265.25	9101.278170351921	22.141055433959174	1119.6088160998459	219.9494297970747	477.3151667516694	7515.3449935412045	24.28545365849223	1932.8295504313787	381.3662561363154	477.12368615421605	6163.072780559144	24.665790063944694	2616.475230465107	505.7419370096909	472.6887401962097	1716.7109884801816	13.605671962277235	5463.295988520907	719.3948017323424	470.62403753799526	5746.112819350838	3.9710006676284504	3830.488048465551	153.79962500510777	478.2388886563205
267.75	9101.222051832465	22.13504681939033	1119.7194032767277	219.96359031750822	477.45007055608863	7514.493837913855	24.293197455917035	1933.4440445231473	381.5056193415292	477.0387864865059	6162.320364499808	24.639827859248378	2617.043570028298	505.91966465984535	472.94268550138605	1716.6979019391072	13.606086669219971	5463.3763780308	719.2516827011798	470.71486056486947	5746.167943285688	3.9776656663417156	3830.291273990605	153.89033939118664	478.0280914983349
270.25	9101.090296739658	22.14088995061753	1119.7303425425537	219.99244662856168	477.37527276632215	7513.701377357646	24.311729918275535	1934.0154930664473	381.66589410964764	476.8569438850629	6161.735303984262	24.409565113373215	2617.4045228635105	506.0622783228738	473.03843511888215	1716.6907436705278	13.607588331767454	5463.49243278181	719.1058077822049	470.6964361448171	5746.35537932163	3.9811432449031945	3829.7641318704063	154.11035492973224	478.0090209595117
272.75	9101.280787886471	22.136515501939495	1119.6920403524937	219.9443191151978	477.3001284134812	7512.845371883899	24.292127780062742	1934.5114455576802	381.8141144396219	477.20636384647725	6162.32036302088	24.056144277276506	2617.0858829476424	505.9849586402419	472.82132108815875	1716.5300979439364	13.604134364620037	5463.675431427205	718.9751089510289	470.5381642842148	5746.377100714282	3.9739486387521974	3829.98368483296	154.04389665175756	478.5040560715288
275.25	9101.333031092678	22.144600709502445	1119.6080047848707	219.93535435512888	477.2246593782731	7512.056926131213	24.303370926330647	1935.023126887905	381.9113103857965	477.01013741318053	6162.982643405438	24.185601176031057	2616.587530813055	505.82281450143097	472.83979576078156	1716.5779958963963	13.599745700037232	5463.795929878536	718.8371241404963	470.51053041135344	5746.020398545514	3.958099346359226	3830.667352147569	153.72619170155895	478.5350454612644
277.75	9101.554079848283	22.1618873749306	1119.5440171525656	219.94727299537504	477.06142242230925	7511.374099512383	24.287043824208766	1935.5127250169592	382.0606875013884	477.2263905674269	6162.859200355743	24.54364823018772	2616.746346856779	505.8532153478438	472.742996301767	1716.578593565997	13.593363391489877	5463.883421714231	718.6957721297224	470.5341883736298	5745.832620209216	3.9519340425349743	3830.6782605196386	153.66841104542917	478.12165448982825
280.25	9101.710084410613	22.160056655687576	1119.5521315977073	219.95209296471265	477.0992345688167	7510.62548074367	24.301575955832412	1936.002272850359	382.2198808059297	476.9381837065629	6162.460281241316	24.541850579494977	2617.0927245773805	505.98343616581997	472.8523664561613	1716.442509759888	13.593367410466705	5463.97973279705	718.548367155791	470.44859373830053	5746.028268250936	3.9561151617984023	3830.5113195083895	153.70871154760442	478.2850301638179
282.75	9101.640296023486	22.158494835349725	1119.4931886041181	219.9394267386982	477.06321462870886	7510.076692090221	24.297422106201054	1936.465565305684	382.34410140018383	477.08735325141237	6161.962997765366	24.550051583490333	2617.4571797541503	506.0953254916475	472.649435873679	1716.6147918294919	13.587630803303666	5464.12003226606	718.3598345382876	470.48589990710315	5746.033774002739	3.952536585814779	3830.5522914067055	153.66157070628415	478.3344504491142
285.25	9101.568618061588	22.15498061131661	1119.4915342722413	219.95373793765702	477.1914756799785	7509.61568585765	24.30738418269695	1937.0008393816308	382.4350140839892	476.9670701165089	6161.4886967124285	24.559582169120837	2617.907942913276	506.22701631981107	472.5310751938033	1716.6564572113878	13.587851437473926	5464.3594116696895	718.2160673234539	470.44472400279125	5745.9226944718575	3.9502739414950883	3830.7858650079206	153.55562617058217	478.4098672508341
287.75	9101.509259076429	22.16508739300027	1119.4508714670446	219.96207079356006	477.0291471254408	7508.941426106211	24.285385003574913	1937.5048087413097	382.5681386844631	477.2725868756087	6160.870288482425	24.57232490597756	2618.2196735376133	506.34510743594467	472.49061997252704	1716.6358533092314	13.58678735920964	5464.424748982327	718.090524139868	470.6160359053547	5746.165609063345	3.9597566958695776	3830.3485254540797	153.7729890620633	477.88131412473166
290.25	9101.516405121914	22.16275582128335	1119.5431005732144	219.93591659694704	477.0049135304181	7508.421833615067	24.313431752301288	1937.9918331932554	382.646946877486	476.9377563800418	6160.531952192106	24.571425471930407	2618.6520185534027	506.45724269024237	472.40975883430315	1716.4874498749934	13.586552121146159	5464.553340781949	717.9596060461897	470.5507558464881	5746.318931585963	3.967154222645376	3830.0856505501833	153.9326971737085	478.3176979241225
292.75	9101.499057214112	22.17545164785976	1119.5803374911675	219.94768751133378	476.8858981644286	7507.761363802803	24.294720892441656	1938.358346142319	382.75813295565524	477.2299208496404	6159.915287387763	24.589451651415267	2619.011545801525	506.5483229048399	472.2692689422465	1716.7351890998461	13.582889143490455	5464.727106166861	717.804561412241	470.36598681205146	5746.07002403012	3.9680592249252933	3830.4230670925986	153.78649907047946	478.29908268557114
295.25	9101.66673718587	22.172968808283375	1119.5274344273796	219.95699261096604	476.86972725312717	7507.2537035412515	24.317875583894942	1938.7853983160774	382.89524956794713	476.8265055128687	6159.386652212879	24.585711558023526	2619.401828925282	506.6468218650211	472.4186113640277	1716.5748270831616	13.57981729790963	5464.829729772452	717.6908589238493	470.4485349516842	5745.921476609555	3.965220717566523	3830.4802653839024	153.78793539433914	478.311605305049
297.75	9101.525245625484	22.182293008481707	1119.5693163076842	219.94322297659102	476.7582323979403	7506.688156117626	24.295061483475017	1939.2834818965218	382.9767670498503	477.2304771655712	6158.587061680271	24.591805778799856	2619.7392269006973	506.8004277041559	472.30921748812375	1716.7033765515062	13.580237855358893	5464.922055764277	717.5535789121589	470.51639537927446	5745.961524208973	3.9671909179948033	3830.6960753084586	153.69734246667525	478.38813719168814
300.25	9101.509921538987	22.173508175444265	1119.570926649293	219.94846636989732	476.90250039191653	7506.17482719846	24.30561419689155	1939.6641214839335	383.07500807271344	477.0008560155846	6157.88184825474	24.567007919930912	2620.1893059192153	506.94515085655627	472.69189013213025	1716.7311683622418	13.575944712329193	5465.038896216799	717.4904951540788	470.36271112505193	5746.116167128361	3.966860858310772	3830.558908173965	153.77125378797837	478.0728992395835
302.75	9101.57161871358	22.17607394586433	1119.6050924836886	219.9454278528208	476.88189563608006	7505.906807319562	24.32352773475441	1939.9908151901689	383.1329111416662	476.7272706911777	6157.443484075468	24.512027126215067	2620.673627227497	507.04914948351245	472.7679815516737	1716.9504031843276	13.581338763581591	5465.2043826997915	717.4039480126854	470.15448606532215	5746.0407450132225	3.968935193716853	3830.356155451475	153.89508988323027	478.1878387383794
305.25	9101.593445023931	22.177933720430616	1119.5729156105124	219.93359988901454	476.82187657380234	7505.436948975397	24.311760627152804	1940.3689787565188	383.24061887202777	477.020302906576	6157.116678699459	24.427045721852434	2620.944242082052	507.06873680833235	472.54309980981634	1717.1308761530022	13.580211688014415	5465.369053544133	717.2650145079825	470.20544980047737	5746.34498619895	3.9724505208616065	3830.0121500178316	154.03341709817633	478.0565243124325
307.75	9101.701509730607	22.181537467046688	1119.6431412611685	219.9495002649612	476.84518282274115	7504.969109887513	24.323709582359935	1940.6702385399587	383.27371082812283	476.7939849380201	6156.852998278919	24.423268364251953	2621.07265404118	507.0864926001423	472.6427857540884	1717.1921136901271	13.582529179867363	5465.540857486093	717.1702330382641	470.0334105879232	5746.4088843239115	3.974248562751566	3829.91387145463	154.11725933958405	478.20048278760396
310.25	9101.626658264573	22.17628453821308	1119.739577420161	219.97503878480333	476.93303463212555	7504.6704189720695	24.304494912572633	1940.9703599480827	383.4010988566056	477.09451321010545	6156.4883617479845	24.429572525872018	2621.1530438021423	507.14111886748265	472.55711577046003	1717.1759800254993	13.579421760157695	5465.716826267201	717.0637071006837	469.9023483721484	5746.1379874389895	3.9669190485587444	3830.112176064975	154.01116604428555	478.3293769660916
312.75	9101.529037232956	22.171511884926602	1119.8048075882282	219.96228957205784	476.86952778466076	7504.327204000272	24.33786915634449	1941.2013821854878	383.5031727094812	476.63467871369727	6156.189930111848	24.429139067682218	2621.3169680112387	507.13741493611815	472.5521320055018	1717.2613641671192	13.572594849087746	5465.894350039864	716.958582381458	469.8487931684312	5746.214266875995	3.9672826129277357	3830.0911386198727	153.96704842497383	478.104485511712
315.25	9101.249242430988	22.17553915874965	1119.7867721162306	219.96631982151237	476.8489218571245	7503.960600346745	24.30539311925976	1941.6615383028789	383.5712582106997	477.22894035656424	6156.180311849694	24.44532103765981	2621.554080209854	507.15108262911804	472.21619016657445	1717.224641870302	13.575784223447322	5466.1072746344225	716.822235161039	469.78332816320443	5746.426797120924	3.9700243671953817	3829.855977982959	154.08445859364866	478.1572042545802
317.75	9101.241156820388	22.17855028875802	1119.9059242913308	219.97508285359683	476.89839894659264	7503.540049117715	24.31941996640785	1942.0497380290628	383.638930831621	476.94977400916343	6155.755124013422	24.449876930999128	2621.7324159895998	507.17437895381545	472.29169264920273	1717.218018359345	13.575665581534153	5466.309918610216	716.7369423009991	470.05449406658965	5746.430796552868	3.966952504309109	3830.0169858819354	154.0175264178335	478.39459101590603
320.25	9101.249841122863	22.169171208515746	1119.9140740014816	219.98211355080534	476.96622045015687	7503.038315737363	24.297062511642668	1942.366502632046	383.7001750972758	477.2623863986291	6155.400967291396	24.45261689129295	2621.947774291194	507.21048734168966	472.2253333916785	1717.354570543142	13.572564201815064	5466.457817646253	716.6252765778635	470.02609002161284	5746.219660394441	3.967863895374575	3830.3782393907413	153.82475382171177	478.35835261318135
322.75	9101.187267030991	22.15957189507433	1119.8883016404297	219.9803035842786	477.1020790965045	7502.689415410024	24.29796792231475	1942.6808204162708	383.7534513112057	477.0094174176132	6155.160762243774	24.43811735539829	2622.1789371923273	507.23660173086125	472.4883806462969	1717.2070047692562	13.565128740189872	5466.5699584747035	716.4990889585144	470.02303340033956	5745.970535231106	3.964006938084042	3830.6711224380842	153.70648362088306	478.3460129603394
325.25	9101.123751450632	22.16065101176828	1119.9933165282173	219.9897653496506	477.018178484469	7502.40955905828	24.324624821043443	1942.9811395497227	383.82673565999795	476.809694205106	6154.956360455781	24.44915220513	2622.371516025827	507.2720450240879	472.33340840312684	1716.894126808615	13.55328285022356	5466.736908231642	716.412266137727	470.1874075053002	5746.063342977029	3.95700370008684	3830.37958496721	153.85197483331703	477.9841236580403
327.75	9101.13919999496	22.166358142986695	1120.0602633304738	219.967512045351	476.9113058222605	7501.9900856331205	24.326699181816966	1943.1856966217981	383.85519789908	476.8114012683557	6154.833212276582	24.46207080847056	2622.5544802646464	507.2525752637795	472.167751858444	1716.7952213511896	13.552357191020468	5466.891116627633	716.3144481732098	470.3229475655112	5746.294421152189	3.958396620021257	3829.9941264623762	153.96583070127002	478.11092123497593
330.25	9101.045614059947	22.168758158472688	1120.0794383092464	220.02256938068396	476.92200610232345	7501.640973251903	24.31177665499381	1943.439805605562	383.89532839956945	477.0245839657527	6154.6230688903415	24.466738202085292	2622.7847536476766	507.2884179778154	472.11489857540244	1716.9710446964818	13.553192075231953	5466.9904774585575	716.230114238709	470.21806451677804	5746.5363323399415	3.9567754383462552	3829.8315184699286	154.05305612886605	478.13930934045095
332.75	9100.802075487656	22.176613620566794	1120.0114365876768	219.9985937245625	476.8627253478586	7501.407116655216	24.336333956690925	1943.6650174239671	383.9168696512728	476.71762034439314	6154.333896036759	24.454774132962683	2622.974158347913	507.33082381818645	472.2435691605309	1716.8729639113199	13.544861504053356	5467.143708069008	716.129897210092	470.23173480370735	5746.56334080523	3.9650868370109498	3829.941536777292	154.01667031629992	478.2560987991296
335.25	9101.132731552412	22.181940088561795	1119.9722132867255	219.9954408816024	476.7625750188014	7501.20364504894	24.32153981620917	1943.8913953799154	383.98528021448965	477.0079867012721	6154.131808362643	24.47252285545452	2623.2249675884373	507.3390466174074	472.0217159555648	1716.8248385831841	13.547529749048909	5467.259675204225	716.0125657537409	470.3601343796014	5746.267576888557	3.959988766897604	3830.124078657889	153.89920219309732	478.31957321213906
337.75	9101.258889764926	22.178658212109866	1119.908089202744	220.00198756566866	476.89081968012914	7500.9800594505095	24.3437622532061	1944.1159307099197	384.0217840329205	476.6112774735514	6153.720957523655	24.449087913993925	2623.4955762958975	507.3622137666948	472.4171469453496	1716.6730695913566	13.538543839024818	5467.391732533879	715.9035901310724	470.2855333981031	5746.281469381044	3.9574204796169457	3830.242408978773	153.76940881802156	478.2377079976614
340.25	9101.20003201721	22.180948511611277	1119.9362836573416	219.96979523967914	476.8367758731931	7500.817987156031	24.32339722524468	1944.2855068581046	384.0840426807212	477.0304343720044	6153.523874806922	24.45346442930563	2623.7136604155266	507.41982828199605	472.3666614196064	1716.6575882925456	13.53251272672962	5467.550579540491	715.8302826733594	470.14497983873474	5746.309100126751	3.964417675954821	3830.2394988232386	153.75764373083734	478.21076668506623
342.75	9101.35106032915	22.178808337784723	1119.9478256168481	219.9883354209278	476.8380446346012	7500.747235521337	24.334965623220867	1944.5219110703028	384.1490231929688	476.71537089186114	6153.230396667067	24.450416187937947	2623.9438159128604	507.4949558774686	472.42667488177005	1716.589889368977	13.537908432290392	5467.714897632278	715.7206146168916	470.2809502089995	5746.546666912699	3.9635525375616973	3829.9880885750486	153.88617802335708	478.1366963559457
345.25	9101.470258825262	22.176417863720623	1119.9422736723413	219.99416602684238	476.84265270479875	7500.5157158737975	24.33716508051311	1944.7751965807265	384.1995965367234	476.8003507622509	6153.058095641879	24.44103047841611	2624.1327018489337	507.5344112843974	472.4388607594692	1716.592252396051	13.544232982984292	5467.740852159895	715.6299538751567	470.2433932657562	5746.487502863946	3.965444727481337	3829.7152892847353	154.02925004945422	478.0370846681647
347.75	9101.483449529356	22.179394008100175	1119.9151100177687	220.0096689834914	476.88394778909156	7500.1262053201835	24.308973106776733	1945.0811160724197	384.25280842343716	477.1121824308267	6152.966464480444	24.442728715792132	2624.376558202995	507.5747305524346	472.5084306411299	1716.5892042751598	13.547087675481666	5467.864844188279	715.5262286015226	470.52800330314653	5746.371936414833	3.968043046694392	3829.6235701054507	154.06268096763597	478.33932633329454
350.25	9101.621478274039	22.163044468540445	1119.9179848570222	219.99502631694253	477.06926007104465	7499.705132812199	24.318198538103665	1945.206352252286	384.2854391127277	476.9616783108681	6152.748012613681	24.43960399693329	2624.579059635553	507.62103587335037	472.42202413921984	1716.560836388852	13.541960697797784	5468.047178953432	715.4272288977364	470.6199046879814	5746.400717202276	3.9706059861164755	3829.8605419040728	153.97250584211855	478.16043339166805
352.75	9101.761853719772	22.159070312810123	1119.9383810763604	220.00539534426196	477.0643107126311	7499.505218549727	24.316878365607256	1945.4135120609562	384.3094893999715	476.9736680177396	6152.572598951913	24.453670502077166	2624.7636382162636	507.6542669081841	472.2765591138265	1716.435257948528	13.543565325174676	5468.144963668086	715.3650726021123	470.7119025276095	5746.526378014876	3.976113286882283	3829.6752768851384	154.05794060305277	478.13375986905055
355.25	9101.77078361524	22.159064931717623	1119.9389191406065	219.99135631223837	477.06753570485955	7499.719156017564	24.328462934246627	1945.6301856026364	384.34457605124203	476.82785045908986	6152.3558200543985	24.461432553571324	2625.0558491818456	507.66247231609606	472.1440394102966	1716.3878888868921	13.541626310142426	5468.310086306269	715.2646241187635	470.7615767392074	5746.336043456053	3.9781830267172498	3829.717576687547	154.04009761884566	478.18503588018905
357.75	9101.853523204603	22.163732658633712	1119.9985760304994	220.02861499914667	477.04206181053354	7499.2878882527675	24.298145923637577	1945.7727176735814	384.37344554822033	477.30642863222414	6152.391523217845	24.469403189429013	2625.299257000988	507.7048153234212	472.0007073688631	1716.289823065384	13.542623284938513	5468.364656265298	715.157125222268	470.57444975903354	5746.3505227914	3.97531111677433	3829.636239961575	154.04495387693535	478.1592863451146
360.25	9101.606294033883	22.161447548677998	1119.983349602325	220.024444484374	477.1591787956389	7499.179155806683	24.29901247586176	1945.9778992268548	384.3821059881149	477.17653033276736	6152.056777220579	24.468774687131162	2625.4166717610933	507.7646714926485	472.141822651578	1716.2987402551805	13.54535900875529	5468.479655909693	715.0475402447472	470.53670875393027	5746.289689553871	3.9796256718990457	3829.9803983465335	153.901794012437	478.4826535517316
362.75	9101.760170485353	22.172532394511567	1119.9605402319214	220.02725044750395	476.9125597616757	7499.1845572652655	24.305966166456013	1946.1621319274263	384.39847781705976	477.0690914895043	6151.682134714374	24.471162473567965	2625.7107482345314	507.78645821033365	472.04560026845127	1716.3704593501157	13.547013728208759	5468.635776223378	715.0098296308605	470.4959696497602	5746.233000001328	3.978873684184577	3830.442506085785	153.67167872105222	478.36702189917304
365.25	9101.6805250594	22.16291294913323	1120.0194464982624	220.0252808862772	477.1186217828134	7499.126540639602	24.327782534827602	1946.325170164537	384.41428330207253	476.9075230737447	6151.425691581716	24.473101641614576	2625.9570944006705	507.8176992315659	472.1506879906743	1716.2234631016006	13.542529567917223	5468.7690685042135	714.9025786835984	470.43272873355073	5746.038556519875	3.9724525487432274	3830.360449486509	153.71409589314868	478.2384382050908
367.75	9101.52193642211	22.16349575356184	1120.0331608611054	220.02067820777123	477.0072911353921	7498.940446720141	24.309373558767827	1946.4381130964819	384.4469665904111	476.985788214672	6151.268791314766	24.471907603442567	2626.1099987678454	507.8795943996408	472.1250705423999	1716.1840891435413	13.545778401844064	5469.061144716259	714.8454393611052	470.4722206092483	5745.936897801806	3.978948590191964	3830.4497881234656	153.66242892541334	478.31343230616784
370.25	9101.481688503427	22.15641403173156	1120.0985840547378	220.0140378590308	477.1664954672687	7498.823097815104	24.332313984645157	1946.5881682511563	384.46539611946446	476.7983246069629	6151.087356256751	24.49042108506462	2626.2888555514355	507.90440340790343	471.8355413799668	1716.1828877997361	13.544142224590592	5469.209161684847	714.784586372662	470.5656241982643	5745.9287707510175	3.9636203206539187	3830.453089854686	153.66832899647926	478.22117245207556
372.75	9101.363765715223	22.149385172683004	1120.1595480130777	220.02371191061403	477.21272321631625	7498.482662477297	24.315392583593177	1946.7035528668412	384.511462420575	477.1000740121754	6150.936467569218	24.499529778703902	2626.438412917532	507.95889482466043	471.73894455482883	1716.0090246970376	13.534909385065802	5469.342772420675	714.6807662081973	470.6719452391638	5745.9212719950165	3.9668139725787928	3830.2798598895215	153.77331817859584	478.1020884276271
375.25	9101.09715176888	22.157769869117214	1120.1090411966484	220.0209688822846	477.1510013448281	7498.391486368537	24.32420100327876	1946.8860417735932	384.5405146914248	476.87862538765785	6150.741521251811	24.496123173543584	2626.550098396579	508.00292680035034	471.84715701307186	1715.8735110532332	13.523190034882147	5469.602368593433	714.625758055462	470.6112820985124	5745.962651993026	3.9692137649727455	3830.1050271553963	153.90539553231636	478.20221255831643
377.75	9101.038945996865	22.16648902574048	1120.167695104036	219.99033051008396	476.8626605062116	7498.137330447383	24.30372657467257	1947.0699045163733	384.57666764401097	477.245432267185	6150.413311421929	24.50645684848128	2626.7710934600996	508.0158483709057	471.73827471411136	1716.004945132065	13.520569532636415	5469.765817475789	714.5495643263101	470.40225953129186	5745.833716509827	3.967172097638109	3830.2533609235825	153.89828875511813	478.3032034596481
380.25	9100.917201379081	22.167717773701238	1120.182539563977	219.97439290356837	476.98049830808804	7498.132926768628	24.315074143766008	1947.1710328485383	384.5823744167931	477.0004209848248	6150.113773406635	24.494008203079705	2626.957738124987	508.0354086922112	471.9197224525442	1715.9064209758697	13.510323311195384	5469.813377598141	714.4865341950889	470.4238354760327	5745.566734484535	3.9684751619187244	3830.5259063458448	153.83165332224914	478.2754440972629
382.75	9101.064938603864	22.184282343707714	1120.1343915873022	219.94945711221527	476.6811579057766	7498.043260145075	24.30922725450064	1947.2855525623445	384.6413852641885	477.20187014473464	6149.838651069232	24.48371485568706	2627.087992596664	508.0552430841266	472.0270253439059	1715.8045491699984	13.507854720006476	5469.870366529566	714.4084718896804	470.33009095049897	5745.565049122313	3.9714291098826924	3830.3758955463486	153.95116021534733	478.03978564398625
385.25	9100.9481951181	22.166449349811256	1120.134751675989	220.00160400627357	477.10364473106375	7497.976916967292	24.31737300166557	1947.4021038437797	384.6744442889288	476.94510796934856	6149.516870341658	24.47211796140767	2627.314933666645	508.0865716602447	472.2269889861357	1715.8232002356333	13.504383253589152	5470.025903009542	714.3694031579143	470.17517671665877	5745.707219494297	3.9740785749763337	3830.0224932942497	154.15974157156424	478.0428438303412
387.75	9101.014029732012	22.166356706704388	1120.1958147476637	219.97397098396345	477.08990339163194	7497.888517978086	24.308237305382047	1947.550072530503	384.7159407479608	477.21751380910223	6149.411806175867	24.46942958375656	2627.540869672573	508.11629941233747	472.11198379382563	1715.7433852226663	13.505632266018491	5470.164524968575	714.3031475807854	470.0838978197276	5745.687582860958	3.969063438225355	3830.0508971387035	154.17863042897096	478.3110767007769
390.25	9100.875950481122	22.156594972665502	1120.1417992018244	220.022714069662	477.21783172510317	7497.842082400441	24.30185018623116	1947.691093931588	384.7337207646271	477.18577695816	6149.176804358641	24.481268550564266	2627.726924218535	508.09073704875976	471.9940912287864	1715.702856760997	13.500930348357109	5470.338516652616	714.2384599823989	470.1927926646984	5745.424040897627	3.9685060859641537	3830.4120610781692	154.01704138243232	478.43183127969144
392.75	9100.881687849647	22.140374464124122	1120.1526500738419	220.01911162540526	477.33971187423657	7497.596971688453	24.305028249626265	1947.7741825371738	384.7535256235742	477.0554550668172	6148.982020216657	24.480164388853822	2627.884053130937	508.111994438477	471.9233368685239	1715.511298861807	13.496224669359288	5470.494174705702	714.1468378638635	470.1670095599206	5745.471725653259	3.9704238463147883	3830.2667321132376	154.15953390104403	477.9182952719151
395.25	9100.888912113916	22.151702606173085	1120.1255921155614	220.05395003498245	477.17197553469674	7497.5445896536685	24.329703627024465	1947.9724087291038	384.73672065898484	476.77444805362774	6148.645722670151	24.50533694749782	2628.0029390501263	508.15461438594747	471.68242438688105	1715.4304034327035	13.48910829569438	5470.614249514268	714.1124204525494	470.4189504429109	5745.494646612607	3.9678889082619127	3830.2485602713496	154.2024887228385	478.2651875414395
397.75	9100.813060098857	22.153235944051413	1120.0852356128398	220.07535224566544	477.224156531056	7497.265290732335	24.31185742161252	1948.1275760969922	384.7438211263502	477.07769495373674	6148.3237638674445	24.516883479397016	2628.1439978481503	508.20929601089574	471.61535432980617	1715.3174872370348	13.490814173673247	5470.765166719418	714.0606234966323	470.3980360766824	5745.396297940402	3.9684375457627445	3830.116731068968	154.2624637823651	478.1004654309745
