0.0	9099.418066063323	22.25731802665025	1120.6933888360566	220.22955860160326	475.83155697097334	7532.238992647228	23.328030473719508	1920.2574150551195	376.3915273644486	477.03904651828964	6142.372839484403	24.829793275532577	2633.2967253844545	509.80603074750763	472.759987078265	1711.7896954696919	13.58832167829073	5446.177791241422	743.0687074360393	467.8036244905155	5755.297940884698	4.186472360382533	3807.2857401239567	166.3907589063491	475.82727561466896
0.25	9099.448757048749	22.257547681974597	1120.66980458523	220.23498453564903	475.8212094158132	7532.270981610529	23.125356436977928	1920.1891300218333	376.37543549684	477.0727957067692	6142.462893998708	24.74703437979537	2633.238330312119	509.7902441972746	472.8139547847142	1711.7754768759019	13.587524258322343	5446.212380546958	743.0550621539555	467.8084804116715	5755.223448206471	4.18636378015699	3807.3305761076326	166.34643142918273	475.87246609105165
2.75	9099.575510511519	22.24872698662173	1120.7091075525263	220.26380160514893	475.97709726783467	7534.184729205965	22.71201025500326	1918.7076654806688	375.83244845781877	476.9351927634004	6143.463869032817	24.501097270744285	2632.422421002176	509.5172539856348	472.84364941160754	1711.9220227381495	13.587195445487922	5446.467739489146	742.8203243122878	467.80719581166545	5755.170641627755	4.1767717488742075	3807.7824750007244	166.15093855841977	475.81602063384224
5.25	9099.593064806837	22.250693189257877	1120.6812076037927	220.26502048890964	475.9139668169656	7536.278885967449	22.863492484846276	1917.0979113556057	375.2276481191442	476.6642088185054	6144.667046497041	24.39969520147551	2631.3543778039707	509.1717558297633	472.70109597902854	1712.1242561940016	13.584715293665003	5446.7490603489405	742.5766673912935	467.82902962115793	5754.796246909566	4.155919787790512	3808.3176161312126	165.9180443376074	475.91937078412985
7.75	9099.707433866926	22.25828966823653	1120.7358324520335	220.2971081909681	475.80332252930884	7537.910047029802	23.038531924162516	1915.7821340115747	374.8182676608191	476.40971041419743	6145.958569794158	24.3277362071918	2630.15267738521	508.79471919545944	472.65570794614547	1712.0942911197317	13.58759830712869	5447.077806698713	742.3520226596313	468.0509527486167	5754.7161017635335	4.145500765971398	3808.8195748878456	165.68042654883877	475.74788886574544
10.25	9099.758928198826	22.249689738733853	1120.7425915328492	220.34703210001067	475.8956331914771	7539.302579233918	23.21317927730959	1914.8049669119173	374.49800463726154	476.10955791738036	6147.772659122656	24.229185570358492	2628.76560793061	508.3239936747325	472.58609733885555	1712.033632826775	13.589363862525664	5447.338267424022	742.1011180654469	468.31086435973765	5754.575258913279	4.1386113215427285	3808.947443325454	165.68000725033082	475.77010388795634
12.75	9099.785823658945	22.26013834706858	1120.6526737644529	220.28595044106936	475.78750431227144	7539.923125694935	23.219591776445736	1914.30528786709	374.3254955794228	476.0922476960849	6149.974532868283	24.22738598220669	2627.2114467393158	507.8100982298073	472.3401603628573	1712.1909189771627	13.58626194746453	5447.631339544007	741.8371515430406	468.37031445452	5754.719336508795	4.123741098915472	3809.1743612477244	165.5222354805905	475.773164726617
15.25	9100.012137588154	22.255554698465932	1120.6706811364759	220.31480770527196	475.9286662698483	7541.5153667674285	22.928984286759217	1913.0649143649805	373.9163039888133	475.905052542222	6151.374755771528	24.454440567876404	2626.1425085657697	507.50085881376015	472.24321582677555	1712.1645517509482	13.581835483481347	5447.899346473466	741.511487766746	468.411236536126	5754.670056285527	4.125505398281428	3809.1993899720455	165.49877773229366	475.7584276173626
17.75	9100.042035158587	22.25352795181262	1120.664727008522	220.28662845776861	475.8272427293716	7542.64491406916	23.042792034491313	1912.0600134039528	373.5930367124193	475.91400875532815	6152.8813211429615	24.42043627651553	2624.912555962804	507.103422310237	471.96564726951084	1712.233114708677	13.577330920187407	5448.118471874145	741.1878183339571	468.64882658820846	5754.561613569841	4.1255061403608115	3809.25843005849	165.4455359036595	475.83526550899023
20.25	9100.124407221767	22.25506831553141	1120.5671320470117	220.2774979800594	475.8471551928795	7544.437187535776	22.970002950084037	1910.7461170541592	373.1646748713024	475.8561684343059	6154.449800730834	24.489116623185442	2623.83893920704	506.81872167001217	472.0144818620505	1712.2103928895324	13.575845414315355	5448.392245563422	740.8962740015195	468.58378341429756	5754.548969327671	4.126849732227996	3809.6106604061265	165.27769951747524	475.99521719416384
22.75	9100.349491873158	22.26230600559374	1120.4938658512212	220.26557758272313	475.76310952281415	7545.344489900446	23.28677428211747	1910.1062844119476	372.983062327923	475.75684124055874	6156.030257190484	24.410028256083343	2622.7160730177807	506.4822319466899	471.75618462616177	1712.336023320169	13.578530656396898	5448.6177872908465	740.6499899392936	468.44364966163414	5754.127970826243	4.117214102461458	3810.0670487179477	165.00956467772806	476.1250452182185
25.25	9100.582654802616	22.264345245988228	1120.4685255393615	220.29835701135585	475.7403990718929	7546.245785717059	23.265505240088835	1909.6043150484102	372.836062272782	475.70961019380917	6157.484584887611	24.436115175477525	2621.480405375091	506.0954858499218	471.4840326171652	1712.5296851637256	13.580906249628987	5448.779754978381	740.3908795744037	468.72330938782864	5753.948748254761	4.118855918540158	3810.4567764617295	164.7746446410752	475.9774328381422
27.75	9100.62762012302	22.269026025182765	1120.444333413837	220.28935333847426	475.62327304707395	7546.83261148063	23.350747277221558	1909.192506925238	372.74027454928296	475.73635580555873	6158.954217531458	24.44240387096566	2620.3293943090716	505.72883209285834	471.2237156028864	1712.665376185175	13.575077035017477	5448.957825181675	740.1206864473393	468.758938773489	5754.012516975107	4.116135211539641	3810.692631333637	164.62316278958937	476.10918521817916
30.25	9100.526223626772	22.265321277344142	1120.4547401927925	220.3003198715997	475.68012842296196	7547.297554143809	23.37706399101442	1908.759772632613	372.65959898991406	475.7234487005593	6160.389930491671	24.447785557861966	2619.252116143929	505.37727071708605	471.069297212951	1712.6779798000637	13.571394623728166	5449.205019848603	739.826112005654	468.7146725521308	5754.12676436664	4.110183178276548	3810.8344949573816	164.51056700121327	475.9657164918943
32.75	9100.518817677792	22.27891645398267	1120.4967281474355	220.26222247009207	475.5967964637188	7547.61127218699	23.43510948314232	1908.525958507348	372.61749760570694	475.74438947776116	6161.902959272417	24.457470687042104	2618.1559317833544	505.04400975919344	470.9184302874829	1712.8241376231213	13.586088537559794	5449.297351820592	739.5167453341286	468.6147125254603	5754.165901474761	4.099035946420457	3810.9871281978662	164.44825748821336	476.0466081465998
35.25	9100.620178505827	22.276543117720898	1120.4798840881288	220.26920408241378	475.5124710917441	7548.010605714681	23.535740483466853	1908.2779272821563	372.6080688338093	475.68281124573116	6163.232189177747	24.87279749354249	2617.146213010911	504.7202111483798	470.7548704372032	1712.6107166241761	13.58404344923419	5449.45043644387	739.231507010636	468.418236135989	5754.096625404967	4.0990145004804885	3811.1355624220996	164.31738367993103	476.10965327834856
37.75	9100.577542780931	22.285201910751073	1120.416631207392	220.24540689293812	475.5726802424783	7547.970085787776	23.70298782920795	1908.4188890485475	372.70136644816273	475.89047439390913	6161.964435353147	25.788904263622147	2617.8103445520087	505.04026306220493	470.92569844738057	1712.9404059608573	13.590596857973589	5449.585368667027	738.9664464529205	468.4980573218722	5754.18627556513	4.116335935062072	3811.295104280841	164.16075806057486	476.0702620504907
40.25	9100.698209966185	22.277774936562395	1120.3525976659032	220.22890168005398	475.6007646234495	7547.453941863309	23.7218608283048	1908.6923933934995	372.8537450675242	475.8493128330803	6160.318739788289	25.79763608040146	2618.9994609145056	505.5075124323195	471.1706943001761	1713.2310311059373	13.599581825040309	5449.762279455232	738.6536210047686	468.531162242261	5754.111627777707	4.125758862951485	3811.387276066123	164.03934881566528	476.2131698480569
42.75	9100.667322760866	22.284177922931036	1120.3454799192698	220.22767536810713	475.4866690434567	7547.077586753674	23.771388780382686	1908.9104828402833	372.9784158496063	475.88610071427894	6158.853696524419	25.756534088996084	2620.184799099168	505.98609222173303	471.6533175756575	1713.3513800754306	13.592600160885286	5449.955292634114	738.3981403124326	468.57910877525353	5753.882536337745	4.137138402438147	3811.807734272099	163.8160682236921	476.2265886273766
45.25	9100.771836941885	22.2789545744292	1120.3404139510014	220.24315637510745	475.69793435033984	7546.416597737217	23.8655371316761	1909.405224460879	373.1855981555656	476.03166187198946	6157.268210768207	25.7010647362701	2621.2357971774913	506.37979746204314	471.8875924396643	1713.1960242144178	13.607550972534511	5450.185771537584	738.1235930049617	468.4901604482542	5753.8978634003315	4.141503240170455	3812.302265424155	163.5821985821322	476.3522496975965
47.75	9101.014105328744	22.267607536428816	1120.3578901132416	220.24472604052124	475.7960561563797	7545.646247381233	23.95885897035869	1909.9724415949374	373.4270486827345	476.01791953761153	6155.761146432093	25.63694972875862	2622.3507403424583	506.82846627995445	472.2863120243518	1713.3176777384888	13.613508805243745	5450.315756772642	737.886066588003	468.49102511889856	5753.70321418053	4.141349929275371	3812.6909960248777	163.34021267644744	476.3668627435408
50.25	9100.861221606527	22.26674422933575	1120.2988043107744	220.18821456248628	475.73538939304376	7544.264750951937	24.223984853119696	1910.9582593520697	373.80787759637127	476.25063959092347	6154.812631654091	25.48590139099729	2623.2154254270877	507.15488667053404	472.5904246322453	1713.286636537561	13.617053600557036	5450.581331259483	737.638638031707	468.5245297266173	5753.477954547041	4.134746415908536	3813.2650541340363	163.04717092775755	476.47016619299677
52.75	9100.895512023284	22.27307640298041	1120.3663168019716	220.17408023069535	475.6891308141096	7542.792064788516	24.18554904234144	1912.1524176207406	374.283043776614	476.4299142714667	6153.878749064229	25.49094293173326	2623.9102060466075	507.47965224752	472.7090092908547	1713.264458832424	13.623563318446102	5450.824590299074	737.3633604223392	468.5641968720439	5753.206789183685	4.143152353417942	3813.8293467748667	162.74809262155185	476.59291102907787
55.25	9100.711301320542	22.247509019451105	1120.4004363516517	220.17245236711008	476.14426829378345	7541.5917653973	23.556834367270127	1912.903119536058	374.5593462058166	476.42207127212106	6152.600209557038	25.167777807236753	2624.9757891167696	507.852893101941	473.020056158745	1713.3442091475706	13.629580531228605	5450.975479690048	737.136502280514	468.60864350893604	5753.0300448663975	4.1443150537410585	3814.4448960172917	162.4382273898946	476.58404689471234
57.75	9100.523371109593	22.221932278507072	1120.3971716084086	220.17915248426692	476.28623131059544	7542.995123121666	22.722401793601133	1911.8403608354554	374.1684893890598	476.35130525264117	6153.942902700052	24.069100822566334	2623.991731178408	507.5331733911636	472.84215007165756	1713.3906262134817	13.625158495641427	5451.138258123263	736.8803425890335	469.0138796252066	5752.7111370513985	4.130649633993924	3815.282357660356	162.00162060936944	476.9263822993411
60.25	9100.396104896356	22.2208353841358	1120.4151592762967	220.13378583615255	476.27135808142526	7545.091506102585	22.723715066127138	1910.3297274642798	373.6389334763099	475.9377816739295	6155.917584382433	24.044933832548914	2622.3715005361637	506.98731414742383	472.62377791100124	1713.311324648107	13.624422077237732	5451.374699065923	736.6540629472372	468.86956361975507	5752.125899447898	4.1082572724090385	3816.0696203221537	161.56452233097238	476.888506918132
62.75	9100.426932569602	22.220658371797754	1120.4438257896174	220.11885756138088	476.26496887078764	7547.2746074456645	23.09532038308192	1908.8642704042413	373.0940286935755	475.6371526828075	6158.085735421291	24.091205135121204	2620.7070172008584	506.4045831071111	472.16804896317444	1713.4152944682946	13.627880501198238	5451.618050394152	736.4448079970441	469.1101351372204	5751.780054170487	4.09808579533334	3816.6746121150586	161.25005122952123	476.8402306003298
65.25	9100.434386278946	22.223561616259556	1120.3481471679056	220.16102924287014	476.28642909973274	7547.0933669128	23.694008235144572	1908.9830203431036	373.15263475020413	475.628537735889	6160.227631524823	24.28408685493341	2619.1145461412293	505.88228096687055	471.9673745801879	1713.4561351879427	13.619710065515221	5451.855671533043	736.1722354073903	469.15269126179874	5751.773236355409	4.090007649887959	3816.985111777644	161.0879099991846	476.8133182691103
67.75	9100.536540678804	22.223777670149893	1120.3172306407284	220.14891394281537	476.3942412571967	7547.253102487508	23.36450106379094	1908.7359271026492	373.0791383510043	475.60986047070776	6161.319168644192	24.603967051861126	2618.2295231543817	505.60372914772177	471.80883852599106	1713.5255627738327	13.620720383494415	5452.042251403247	735.9582149393228	469.2358705165263	5751.602364101533	4.07804364363477	3817.113989860823	160.98939480531405	476.8523994122716
70.25	9100.655359512724	22.207495176636737	1120.3086672267762	220.1570785082586	476.5851714615862	7547.585196685777	23.445080676653994	1908.4200786406418	373.0059223959932	475.5238504671245	6162.323016504485	24.61408927607165	2617.5988167616974	505.38389086687533	471.5684254632501	1713.7091771867545	13.611562074828084	5452.177520253605	735.7054561227674	469.282980144656	5751.58746324842	4.076303658284056	3817.379310579261	160.89917270362162	476.71688954602047
72.75	9100.775403674146	22.200380143280764	1120.229351276455	220.14260747090174	476.5863603905441	7548.036454814497	23.53917126517216	1908.1304269897967	372.9012037148216	475.54321809625196	6163.138520374418	24.858371357806433	2616.8213075845924	505.1744599251221	471.4591592702724	1713.7344705790842	13.612258365033837	5452.367251058118	735.4419679908775	469.1235033619326	5751.681927255753	4.080187100263299	3817.3265935247377	160.89528251535287	476.72079281988056
75.25	9100.833391163616	22.204457600665954	1120.1833099444018	220.1739861612013	476.55505181777204	7547.973678032869	23.71463686506922	1908.3159015728602	372.97631935390734	475.68679803897993	6162.6622575341435	25.39347192025261	2617.186071832951	505.29434137773904	471.4398393663424	1713.819969197184	13.617616366498346	5452.528284086271	735.1534250542504	469.3464802264537	5751.676907150282	4.086784806031434	3817.412122821758	160.8624090283187	476.77884258352225
77.75	9100.576468441537	22.21717076095977	1120.068422554815	220.15242431868714	476.47615861397145	7547.652850897491	23.677627998163047	1908.546725660319	373.0866867961178	475.664940682269	6161.729362800838	25.440032805779925	2617.696301244479	505.51799171655847	471.3119386177278	1713.8833232546212	13.621888544436306	5452.652940718306	734.8853625880084	469.25373766070584	5751.8173601323815	4.091319266745459	3817.29584153526	160.85137972142465	476.7317572890953
80.25	9100.658873673568	22.211089437444986	1120.0492157396793	220.162429221601	476.4803487988574	7547.581864147849	23.674450194826882	1908.6521739865084	373.157684267845	475.71422533572564	6160.800773435957	25.42330675655905	2618.4058352786465	505.77050404277594	471.64420886685224	1713.859030382568	13.620051799523957	5452.826119423705	734.6522498579934	469.31620510859165	5751.785617208878	4.097608162893889	3817.3578207288965	160.79079943058883	476.79251021426205
82.75	9100.673041917897	22.20079880134243	1119.9997559897965	220.19155659005014	476.57046759599973	7547.178345634938	23.70594722174403	1908.993389794454	373.28568565759133	475.91406291170483	6159.877610550504	25.405530488887397	2618.9874690157094	506.02603775994925	471.61476202716443	1713.9715471058948	13.628211616604625	5452.923482752147	734.3827651921099	469.1900596206031	5751.723805910934	4.102124507646642	3817.570663237783	160.6661505365954	476.9307560921685
85.25	9100.553224158042	22.20906912034557	1120.0115318335206	220.17641236340228	476.406472099004	7546.832092541234	23.615584089574792	1909.1492871042592	373.3585119154735	475.87806885933014	6158.832763783952	25.427798102151073	2619.56139302973	506.24879135628726	471.846326873031	1713.854815402513	13.623361493543506	5453.0883109892875	734.0993514154165	469.1759594728809	5751.445796720766	4.101981823299046	3817.9969227418037	160.4431867083905	476.8856722569981
87.75	9100.632474017928	22.214262090953316	1119.9904150442055	220.19946638022338	476.4148704032373	7546.514753110327	23.664975633711812	1909.3153696551092	373.4506588247392	475.93247103419225	6157.937954787248	25.409038781078163	2620.124095059883	506.49178359040366	471.8203437182074	1713.8073505340633	13.62478099236317	5453.1971801887985	733.8379418353517	469.26008219305675	5751.39160836542	4.105487482013933	3818.2804967457705	160.3431105906761	476.90478154068325
90.25	9100.73428045715	22.21604119052915	1120.0007330011297	220.16720114123507	476.44140638293885	7546.07577297593	23.65293426480279	1909.5186277967614	373.5014431963229	476.00187597774266	6157.096567583809	25.401964313496915	2620.7133731685767	506.71856489580796	472.06525818718393	1713.7060123271497	13.63560853923532	5453.431566634776	733.6029515656757	469.28166450176826	5751.197555843831	4.107839082752131	3818.511732048095	160.23953965093423	476.8568640048176
92.75	9100.777683419059	22.208199665608063	1119.9406911295744	220.18438556412815	476.6128084131072	7545.499194728804	23.658175564328904	1909.726905984426	373.5714447707063	476.04184407640855	6156.416765805825	25.3909018302191	2621.243768038835	506.92450887540105	472.10323743920975	1713.7102397386727	13.635106262223912	5453.622574265889	733.384963952676	469.24551175242345	5751.181198671342	4.103222866778178	3818.6960935314173	160.12831338225752	477.1114017987649
95.25	9100.667028182133	22.20232938612075	1120.0353990680057	220.2176395493652	476.72363252732697	7545.315145476696	23.64095692034721	1909.8126969157229	373.6118615345542	476.17899850044284	6155.591533724822	25.38289546283577	2621.896425649702	507.1017169351726	472.2434359692728	1713.7188376204665	13.639030954133615	5453.860886837349	733.1415017579789	469.26472012559327	5751.047105213527	4.101534260127571	3819.156457635186	159.89711016761453	477.1050945203438
97.75	9100.758657397519	22.2037235899856	1120.0856026138572	220.22026447519912	476.63236974221394	7544.977155017083	23.714087018875208	1910.0441140105008	373.72201013796763	476.0892030384641	6154.905937717817	25.361853846604987	2622.379159494553	507.31131867123923	472.27476152954404	1713.9817440752538	13.653247489644905	5453.987891532777	732.8973692850664	469.49511555522304	5750.845141525327	4.105908113734008	3819.614397625997	159.70188522605088	477.1621863379683
100.25	9100.720547007899	22.204606941365395	1120.1126898830344	220.20236646320544	476.6141227334006	7544.7642151849	23.753399964362437	1910.3426192692693	373.8186374552763	476.2151700679176	6154.166139690207	25.328280376208333	2622.9199077128887	507.5039685992959	472.45078777859857	1713.9308981709023	13.665767909600175	5454.1354913598025	732.6705909961923	469.67480599348664	5750.64216264231	4.102581916977643	3820.1421593835703	159.5026792592235	477.09298564054393
102.75	9100.729352273433	22.196436170291637	1120.2588429844038	220.23722873998852	476.73847749090373	7544.1484813398865	23.84013405554711	1910.7927524444679	374.01204597569307	476.2429326952075	6153.425721842917	25.284393011211943	2623.345540638098	507.65490509014967	472.4960997941844	1714.0565311903492	13.670828690201084	5454.356520732119	732.4412873873546	469.84295942360416	5750.8148523587015	4.10079008699844	3820.2323578460455	159.44764336425504	477.02602337177433
105.25	9100.684335738888	22.187410736254627	1120.2671928861187	220.2430040229379	476.75932827240973	7543.299130793905	23.75297541264102	1911.2305003222157	374.1699006703891	476.16317764579554	6152.827227414599	24.909587068818848	2623.747557978396	507.8264563153683	472.86933046350254	1714.0462521307877	13.669029043202993	5454.56733683692	732.2200896025731	469.9610102421002	5750.770160792738	4.101044971246446	3820.2304474037333	159.39712834820642	477.0779501936905
107.75	9100.725957979892	22.182421637819658	1120.2443005629918	220.23635820149102	476.9171665523734	7543.275219169993	23.382045784815126	1911.3512597126576	374.16371055068925	476.2730497604719	6154.012040396593	24.173175629554066	2622.545924840019	507.4473504636822	472.7271058214251	1713.9887604486396	13.661875442126657	5454.785530903544	732.0024305760292	470.1442962612416	5750.445172021759	4.0953169254300406	3821.0213180547084	158.9790710927132	477.7656110724821
110.25	9100.745695345322	22.184953141336216	1120.1976919671908	220.27656974173408	476.78051195268694	7544.308504218684	23.084277958996758	1910.5602471965194	373.9006932121298	476.18794130663116	6155.5960143183875	24.337079989486885	2621.452629736588	507.07153623268493	472.7654353794179	1714.196801430836	13.657019843058576	5455.030487016242	731.7374326105662	470.02388058716076	5749.754124638854	4.08955149126767	3822.177968480452	158.38640642552724	477.5553874277425
112.75	9100.721562785937	22.185182663376256	1120.1920535389436	220.2785772765806	476.7409575642614	7545.253010446211	23.2149036083722	1909.8492091858839	373.62875320322775	476.15857582942	6156.919453441664	24.292316284119178	2620.361182928949	506.6823528017017	472.63932741337356	1714.0681112454538	13.651601698984914	5455.271714569897	731.5035023205651	470.1061188664963	5749.454843316801	4.084352209174461	3822.844816389387	158.0020816253582	477.5893910886681
115.25	9100.86089859774	22.18544181505644	1120.2076338563409	220.29406651163973	476.77391536329424	7546.101653330926	23.25231730180985	1909.349071344135	373.43741945209774	476.00981142111067	6158.606727006668	24.28315512132876	2619.19351105669	506.2918802599477	472.60996702715005	1713.9250297123353	13.651834321361974	5455.482931478254	731.2999391493101	469.9057498250796	5749.376873135152	4.066837620201953	3823.331399436558	157.73878157984814	477.4558903928321
117.75	9100.905566776792	22.186933108726848	1120.1964909675805	220.27241691281242	476.78105513588804	7546.855932224608	23.28979629311346	1908.7602552308103	373.2917486514886	475.8657898202879	6160.2154285829265	24.290922148296403	2618.0115606103946	505.93033323939324	472.26953499622624	1713.796937132469	13.653972502916687	5455.723824713394	731.0238280014823	469.8046645090149	5749.25037844627	4.0560243869995745	3823.49649868731	157.6307912197252	477.4806881925726
120.25	9100.819385016988	22.185795734099774	1120.2554680876847	220.27213777584882	476.6927272772409	7547.430710243755	23.36192558164946	1908.2539879946992	373.1691065044346	475.9030366922896	6161.81967500812	24.441888854484375	2616.9616528576075	505.53689913482566	472.1447918058009	1713.7556449979147	13.654012501646207	5455.973899061737	730.8076102575119	469.9070692964362	5749.233879887033	4.0494470513368155	3823.7215296961776	157.51842671562332	477.5017962147305
122.75	9100.64217447115	22.197943892765455	1120.167392416145	220.26073026306076	476.5566729755477	7547.644942961456	23.479179635372162	1908.094793261506	373.1043886898184	475.9052464226698	6162.318636059007	24.78398387234984	2616.5416413454504	505.3658052951622	472.1738920049475	1713.6406785998429	13.65646632289717	5456.074897641569	730.5738979090564	469.8523606902891	5749.066925972148	4.049704675524219	3823.923489271647	157.44468211895426	477.61031607451844
125.25	9100.52510532401	22.190107258190704	1120.1527826382255	220.26100424407076	476.7135789349543	7547.823806283102	23.51304965448582	1908.00560317459	373.1079634101555	475.9784936120934	6162.720410720131	24.80938890141755	2616.346632214791	505.2908532207897	472.20587411649063	1713.7582113317123	13.650541833096746	5456.339851667701	730.3173180142721	469.9050379843778	5748.588881644118	4.049591024407924	3824.494005396148	157.18288619604388	477.7658918261906
127.75	9100.484417568177	22.18807380173469	1120.0499769553464	220.20024817584329	476.788879303552	7547.602477745197	23.527181181099525	1907.9986218077536	373.1365415593593	476.1335160279199	6163.145668821331	24.94832624273736	2616.1698732477635	505.19258337380626	472.15286143765195	1713.8614476244609	13.650709326363222	5456.491061420239	730.0686527463641	469.9933399491628	5748.288356642093	4.044971454550984	3825.1079602397485	156.8421138319884	477.8854591355481
130.25	9100.681321344033	22.183972916204816	1120.0967127620042	220.16317074552146	476.82106727140615	7547.664305272917	23.4835871213213	1907.960162277171	373.081521015463	476.1793694739077	6162.955498938123	25.14117173907984	2616.4037852601355	505.2615896604409	472.02811385458534	1714.2129931975671	13.64335047801494	5456.662903292639	729.824660246745	470.0327372457089	5748.199136608441	4.049642784410516	3825.583527477285	156.58917156415134	477.76506662068675
132.75	9100.817152372476	22.187066443822317	1120.1832344240242	220.113883119369	476.7443336374931	7547.5406466637705	23.53015319519264	1907.9299202399625	373.0838576853731	476.34521144069913	6162.54599852238	25.145135415509618	2616.7159124318573	505.3864297976806	472.03498648267396	1714.1673918126628	13.645295434839085	5456.69415946895	729.5684561651967	469.8273096876898	5748.200756533738	4.046958243778658	3825.6978090304056	156.510553364436	477.7688965007397
135.25	9100.981170414361	22.185146528215476	1120.1536152424858	220.10730842815897	476.8649116607569	7547.557398361082	23.49240481588326	1907.9465797492342	373.07908414118685	476.4588051228924	6162.273644456401	25.156232127352418	2616.950079812586	505.5397240845432	472.01026939297407	1714.1780223073854	13.647536683959126	5456.84743387161	729.3518181268191	469.98251958012924	5748.142852811017	4.039859202427439	3826.054611132799	156.3447085767993	477.8786949875362
137.75	9101.02557700116	22.1813324253125	1120.0975202052086	220.07273483648677	476.8521952680962	7547.51102527862	23.45679897395939	1907.8443714440846	373.0369074865693	476.63561587261484	6161.67314239547	25.16233897216748	2617.1608160652545	505.69767012345307	471.94655020180994	1714.2305980881229	13.650115279634226	5456.980535348981	729.1272648915425	469.89265172378254	5748.069988643407	4.038119825063198	3826.489406104224	156.1379388858215	477.83979835023524
140.25	9100.899156208941	22.175691208439922	1120.0426894347702	220.0625063259853	476.97076017985637	7547.692401874319	23.527021223405143	1907.8140565212932	373.0064095043941	476.38691766820307	6161.240192903497	25.13405708246482	2617.4127050838747	505.80416228424906	472.2575827146692	1714.4275202146932	13.649423343985676	5457.156727578888	728.8625810169136	469.7584214562207	5748.087583589967	4.039739798185249	3826.7498440632066	155.98109316736753	477.8631104047008
142.75	9100.984022092121	22.1731505810789	1119.9459500464984	220.0790702405402	476.9711134467735	7547.388967868189	23.646130001151185	1907.9937843309285	373.0692572799408	476.33513346715336	6160.9151749610555	25.114035976835034	2617.6310044714037	505.9392534118956	472.47826436836584	1714.6682423181098	13.655196070919622	5457.292703802271	728.639355937325	469.870645980372	5747.928958940158	4.037411056203309	3827.0628688846136	155.81022390373684	477.9154271178436
145.25	9100.9258637052	22.177507067968445	1119.9411740968874	220.08430083198087	476.8907818799372	7547.162222392534	23.5437275789973	1908.236531093662	373.16197264754175	476.5407048140838	6160.463994021472	25.12897196462099	2617.8382223791077	506.0135004861784	472.53657750178456	1714.7760248764318	13.651345528088106	5457.43574357159	728.4287931325335	469.8167060450705	5747.787347912422	4.03484547256444	3827.3245469882913	155.65187063050652	477.8613178222953
147.75	9100.964697722808	22.16812645258605	1119.985553552385	220.1080821830346	477.0360855721595	7547.3879109059	23.44381019624471	1908.1710885175546	373.1477724853024	476.55897309886365	6160.16248807565	25.15626311687774	2618.112242290182	506.12940532826036	472.5345947610779	1714.7993169505626	13.657694113885	5457.6007753441445	728.2200012451361	469.84312765558514	5747.842470319084	4.03437985152298	3827.370341276674	155.62410025352978	477.90109568208237
150.25	9101.040958435087	22.163827774118804	1119.9915780469548	220.11134681496267	477.0649540722125	7547.352570014064	23.445027361928638	1908.1820083981147	373.17187771336296	476.8493440813426	6159.851721266084	25.155867139348743	2618.4191227174106	506.2518929711893	472.4803828816041	1714.8248608631807	13.664427296462136	5457.824287453579	728.0384373951207	470.1103951856628	5748.084857730471	4.0321338972837815	3827.158503169187	155.71730672726775	477.63500256241474
152.75	9101.08301560426	22.156885135283357	1119.967175994264	220.11669728392724	477.1868971252994	7547.757657571773	23.390043159121497	1907.8979433845686	373.10774430023395	476.88692645773364	6159.559154515584	25.172535598071452	2618.7325439164956	506.39143703930085	472.5426738273079	1714.7611837498007	13.658822632356978	5457.938953521613	727.8169208534863	470.0510238259184	5748.096757740013	4.038426040252399	3826.723231904779	155.90712455824095	477.6379767663715
155.25	9101.070848356867	22.146900545631375	1119.9440631189896	220.12393711214057	477.2067737934488	7547.633738894223	23.489078864437744	1907.9113939580566	373.08018757546864	477.0006554391541	6159.18287821726	25.182941245651925	2618.9782043338455	506.53141544334113	472.50826848184346	1714.806982556366	13.66480321248689	5458.064593736835	727.6595561523843	470.2551572482066	5748.358366154478	4.041896337487574	3826.398349646957	156.0545627508137	477.6212385656066
157.75	9101.063004777197	22.144985483223554	1119.9123504575196	220.1095896731706	477.38365512353806	7547.703156834601	23.41299163018442	1907.824894435305	373.03776031973143	476.88254168736756	6158.858890630903	25.176569675176637	2619.2668921003897	506.63495053036087	472.73355692180786	1714.720433543151	13.665034461345076	5458.212532225608	727.4624081918971	470.0412240967152	5748.750982597859	4.041843275532057	3826.1113487890257	156.20379234833268	477.66109876612876
160.25	9101.0625913227	22.13524280114285	1119.9175815789724	220.12769688075437	477.5434347987069	7547.758716486932	23.447722098944688	1907.8331744016748	373.0622444266143	477.0451262384142	6158.610051066677	25.14945822196199	2619.5905942698514	506.766039791074	472.9443005858155	1714.7805103879236	13.66876208392082	5458.361309251817	727.308503293798	470.03410090414815	5748.631388593419	4.039689233681749	3826.2208393017186	156.14900625330054	477.6538118927165
162.75	9101.006527893853	22.11915349614486	1119.930050163877	220.13769927183728	477.73636599392256	7548.080210744084	23.289026402065932	1907.7721480033554	373.02791683987783	477.10290405410075	6158.09251101456	25.133427288178915	2619.840221047801	506.8788982689638	473.0986720663192	1714.8318026775485	13.677603848724834	5458.589002149667	727.1438025255708	470.1554542212614	5748.664903059717	4.039118755220142	3826.2367671808283	156.16966374545206	477.71067516184814
165.25	9101.097323446415	22.11722238588757	1119.8823714990208	220.14449611956826	477.67349942740566	7548.67866225944	23.19031490729435	1907.3254504111542	372.867750762161	476.9969481180789	6157.832871394025	24.96829495450217	2620.0760717371772	507.00860762507887	473.3511916385824	1714.8912151534958	13.680779840634477	5458.758318435067	726.9561163251069	470.28446736689847	5748.794029092277	4.038292041686302	3826.2125104116108	156.17285945443166	477.8160498708737
167.75	9101.097218511464	22.12233446974843	1119.865487126183	220.11822331128838	477.61958266187673	7549.030183224884	23.174990726280818	1907.109296874012	372.77926962495036	477.0781515275961	6158.462909965463	24.58186252480684	2619.7536545133844	506.88977324403777	473.48555826643513	1714.7454954120026	13.674894815228472	5458.912900773905	726.7545306792055	470.30292583237235	5748.803477039555	4.033815948819274	3826.3728188138916	156.04665514898645	477.82029677730634
170.25	9101.112170432863	22.11684970520378	1119.8625643559517	220.12345887882316	477.68785942110003	7550.172537697166	23.313879196543457	1906.1791535793682	372.44508540969093	476.7730290494071	6159.445126696767	24.54882321484046	2618.9424185533408	506.5972330655239	473.36721081399094	1714.845320455158	13.67571046329769	5459.048478442435	726.5460702626397	470.2209426258581	5748.781282863906	4.022521102208581	3826.5621417878388	155.9543829773173	477.9136952305612
172.75	9100.953125549488	22.11448864864952	1119.8940638040228	220.12200394011023	477.63115106184074	7549.097936795212	23.873599100451685	1907.153205198521	372.79971286502706	477.1375925988053	6159.753013339516	24.89852254858345	2618.635413162831	506.47950174593484	473.1337322303732	1714.754932293246	13.67529543960543	5459.198385729466	726.3657270189989	470.25209993228526	5748.536620836835	4.025321714437644	3826.7619402148393	155.83293465914252	477.7532483532548
175.25	9100.927612941397	22.12168033350259	1119.915773160325	220.1104974877129	477.60120459474274	7549.2670494746035	23.2666554940905	1907.0748618836965	372.7359641629324	477.10541868043657	6160.053683558778	24.94497692012205	2618.476784360587	506.41842920759564	473.10664646687866	1714.846047718055	13.67367759679773	5459.322732265432	726.1303261761476	470.2960322479256	5748.587940744938	4.021329979142432	3826.591203859802	155.90127802651068	477.7551713922254
177.75	9101.089707623149	22.12892934318493	1119.9924686810434	220.09492823518195	477.5069278175929	7549.211715142642	23.59009969087615	1907.1639945499267	372.77056474161964	476.91910852000467	6159.78971953208	25.094712036579597	2618.572707808577	506.4529340809311	473.06080340026233	1714.6674722453852	13.667365017926745	5459.472805865038	725.8748029636791	470.10351487156504	5748.65366925841	4.027012374699255	3826.496399506721	155.98292667840985	477.7542854083334
180.25	9101.194737304482	22.132441129852637	1119.9670102953357	220.10392967457872	477.4003280398467	7548.628767280156	23.55084058827778	1907.6403949466742	372.91015300585894	477.03976345710316	6159.331298874838	25.107541355759768	2618.8517346760727	506.56805474629357	473.11308317861784	1714.7238908008385	13.664327999434601	5459.657327659789	725.666398623737	470.01876388591444	5748.5065451492355	4.032241302489811	3826.660772283089	155.91605237990993	477.88512785149453
182.75	9101.224185575575	22.146307529028487	1119.9880842949092	220.110165348609	477.2847555141772	7548.771835209177	23.34756439206557	1907.494943217512	372.8692158656219	476.9215102854158	6159.127976169126	25.09247916049019	2619.0922746575097	506.6908155309208	473.0987936008684	1714.7145290508847	13.664859708425546	5459.8273200992935	725.4615659090085	470.1727985192527	5748.395165662534	4.037480599987084	3826.8687810487177	155.78966031226383	477.76496747149986
185.25	9101.007665997364	22.15776908833758	1119.9818668237194	220.07016315879576	477.1071873414318	7548.519225490169	23.45872954439374	1907.5238578118704	372.9322928741413	477.00731175832334	6158.546091623597	25.051772670946395	2619.295134025979	506.79127118305377	473.33041728498506	1714.732301042199	13.663308944055924	5459.992363217335	725.2470640981925	470.2412135057019	5748.308320898867	4.037245878427594	3826.9097724928047	155.73152366261007	477.9376092962344
187.75	9100.953422058372	22.167108562682827	1120.0772739776394	220.059106259337	477.0900161737037	7548.724060134661	23.425561831312134	1907.3770085654944	372.8598564094761	476.9430362947683	6158.659705725994	24.809207607064195	2619.2709770636206	506.7227882972361	473.34598192033263	1714.6780450737492	13.663680028453092	5460.118265318388	725.0481754462149	470.37548522465204	5747.95746264719	4.043876397274978	3827.297639639827	155.5488404242429	478.10704364207896
190.25	9100.930982532012	22.17144257080517	1120.0386843740132	220.06791769513018	476.9528866317707	7548.413226484133	23.720260238844013	1907.7203850524795	372.9760909749165	476.7764825217171	6158.957050353503	24.729219870729963	2618.97375676791	506.59952242311795	473.05630108042004	1714.7609741789022	13.661531120234534	5460.289800553844	724.8610089725835	470.4025745353714	5747.81227281221	4.039679097373607	3827.8446971632875	155.24187231583363	478.1666339529172
192.75	9100.802308809461	22.1746081085064	1120.0213871249714	220.10623616971412	476.90857349688935	7547.851677264874	23.688056260422876	1908.2335391730458	373.13864979454956	476.76865537048644	6159.446807011474	24.735118826126826	2618.605236423927	506.4989185767912	473.1295900211796	1714.8550886823123	13.6652585823338	5460.440440281184	724.6740054138248	470.3639328182838	5747.658229115619	4.036371332170976	3828.275827883596	155.02915405035498	478.198611418205
195.25	9100.759212960167	22.182249668740617	1120.041529495996	220.12199468758504	476.87843568645286	7547.557483017469	23.523800632899317	1908.4750708438366	373.2472508388133	476.9166872172492	6160.0532629546915	24.76833263040911	2618.350948537345	506.394743233842	473.05656401157717	1714.8053158568448	13.657268605524377	5460.61373243437	724.5157893790571	470.2913089190044	5747.235354508841	4.029298798411411	3828.781595896111	154.80627778538548	478.26196137962603
197.75	9100.796536252	22.17984797503216	1120.0742982639006	220.10171996575806	476.92083436126006	7547.657064899022	23.36926888388166	1908.378701749041	373.1922412765873	476.84257814530355	6160.443479845802	24.81077347254302	2618.1045074037247	506.33407790952725	473.11960637828554	1714.7875482169775	13.656096206959191	5460.77514551528	724.3131689526683	470.18884807525717	5747.006972100218	4.022728235655133	3829.01777886513	154.64929363700466	478.1740440337932
200.25	9100.879988452964	22.18715112862066	1120.1257237129678	220.11042205539928	476.81572796076404	7547.828645365314	23.40166177617554	1908.2640661124653	373.1350638239187	476.96019157343864	6160.71851568851	24.79571959633267	2617.869085359051	506.28094315925534	473.2573720904233	1714.7633451449738	13.662891839874368	5460.959301477876	724.1129596568425	470.2955704437306	5746.829276691974	4.02424485231448	3829.4510133227163	154.4006355072658	478.43998300330884
202.75	9100.82261833874	22.185692238193884	1120.128574532934	220.07936383202582	476.7575306643864	7548.123187633987	23.37884856082625	1908.1186359939566	373.09137313014594	477.00322314536714	6160.752651006721	24.518356982069122	2617.7239785976712	506.2545251957932	474.03986132806745	1714.7203157049462	13.65843027921107	5461.110275418818	723.9073888175169	470.4809533160845	5746.564344884394	4.02526871446541	3830.0325229843183	154.12654988372017	478.3599083172097
205.25	9100.93182849367	22.16685040477008	1120.1937465894862	220.0598437024371	477.0524236797602	7548.24824657548	23.382049150737085	1908.0292061331418	373.05753479524316	477.1837142106733	6162.300464775356	23.93437418242521	2616.5758802015707	505.857994529044	474.4138686822335	1714.6775686341198	13.658509545711848	5461.269694257256	723.6977426306694	470.3273140870459	5746.629391036574	4.007287484588569	3830.2055558171564	154.02904672955282	478.33659452301583
207.75	9100.904342682126	22.1584222072549	1120.1535325565758	220.0775996364573	477.0011476340391	7548.417742345626	23.382755701154366	1908.0042284766207	373.00723922652514	477.17338752731496	6164.245739635552	23.879969769827305	2615.13482213574	505.36041436041387	474.9626302142323	1714.7793903952022	13.653333197234538	5461.405861019446	723.4867032833854	470.2760034861254	5746.346449976563	3.9953545399689823	3830.400861906639	153.9064714275549	478.3683255984711
210.25	9101.139262466646	22.168289439211026	1120.140358716163	220.04469252024563	477.00350705135037	7548.569455538046	23.598286609584004	1907.9699914562812	372.9751779191181	477.14164113874546	6166.336753639236	23.841255539847268	2613.779481204535	504.83189943392074	475.22121047807985	1714.9948987097632	13.642915969102393	5461.467767622915	723.3010763041965	470.44973839584634	5746.009414790399	3.9887655778685396	3830.7561626239913	153.72014159885836	478.346431054403
212.75	9101.16449562519	22.16283675012227	1120.1212837305357	220.03630428395607	476.9781895671101	7547.267309249369	24.084581020026313	1908.8577834676423	373.2935992607517	477.1515259862515	6168.2661281986475	23.828221509577197	2612.4265246828822	504.3943819545239	475.5384598771518	1715.1756388436377	13.641789050382329	5461.573887567472	723.0871651081953	470.60419389140634	5746.092389060588	3.9782584384032758	3830.661895893242	153.803873899409	478.0140763478369
215.25	9101.157382374622	22.164377640110057	1120.0824861053875	220.01316052263945	476.99564081732234	7545.467258152871	24.09762606324395	1909.9599075841868	373.7024270877054	477.1700233565771	6169.9347138206695	23.805372829933447	2611.1808042786374	504.0227631174228	475.7489837704597	1715.214383973445	13.636654005427651	5461.590023514189	722.8736835890943	470.68389212430264	5746.4722989399415	3.969542894024472	3830.032522593936	154.06202545805021	477.92182232102635
217.75	9101.216716454961	22.171515960651416	1120.0077536767596	219.9203825078865	477.0220412226314	7543.925311167283	23.89943490991809	1911.0961788176576	374.1068562224696	477.34703980562557	6171.667915314602	23.796336128817615	2609.9376047264172	503.67670148994773	475.8282094002545	1715.3170463369358	13.629831361006598	5461.559422368993	722.6422253302903	470.7217994327647	5746.538735295287	3.965980959474868	3830.124140350476	154.02159683688586	478.5510802758318
220.25	9101.336640449872	22.164445796523445	1119.985577203392	219.9145944043142	476.9682894323306	7543.656812641299	23.507085687094712	1911.255349470405	374.18083245707436	477.31607608307	6173.166902817739	23.775776119007315	2608.796785784294	503.3100653521912	475.98712730069605	1715.4653423917164	13.623556585321662	5461.561155899246	722.4135645365501	470.98476393142784	5746.253911695804	3.9646627608187357	3830.7093776643032	153.73756909296594	478.43309900726916
222.75	9101.360710359848	22.1541968228965	1119.981650362147	219.87922104482845	477.18814097123436	7543.661026204947	23.507960587713658	1911.210307324165	374.17383734481353	477.2205484952763	6174.621616851771	23.749431371499004	2607.787766979197	502.95854321099256	476.2462212410534	1715.650902694878	13.614359146989646	5461.658111312995	722.1617472670833	471.03766145944314	5746.142589521496	3.9563928529007737	3830.6826678248635	153.73773894557448	478.0504989868137
225.25	9101.348616733201	22.15490485546349	1119.9349365713163	219.90387045918033	477.11580551427096	7543.7712676328665	23.51050189822229	1911.2889768917803	374.19583490289386	477.1540220587731	6176.042546222707	23.730185307523385	2606.791263428321	502.63166979359744	476.4547367377418	1715.9032034422391	13.616419451169726	5461.590533499471	721.9267838549276	471.19473132329165	5746.487949460561	3.9481671308318247	3830.4173497300953	153.88137544055874	478.06833856030175
227.75	9101.389789017534	22.161479597837374	1119.8398704613342	219.87489988475713	476.96735992904064	7543.860286804506	23.25831698202201	1911.3004246249398	374.1877682345273	476.8620350396759	6177.474908736082	23.721269048292907	2605.7917619604063	502.3374406480525	476.61937259327556	1716.093219305175	13.609259236680838	5461.558019934495	721.7017921190786	471.19777744076214	5746.831690430457	3.94101128637201	3830.1446261530423	153.97847926397267	478.16393728685097
230.25	9101.304875330485	22.1642699649536	1119.7420315207444	219.91003636479462	477.0190020002295	7545.726407002936	22.67733375228864	1910.117172721325	373.7510559264578	476.818818438107	6178.725551801327	23.687915986882192	2604.7902428187085	502.03022570187494	476.9158751535697	1716.3781832061043	13.597609655698689	5461.5422198044	721.490770363563	471.08652219189963	5746.7406871377125	3.9347602940376762	3830.1628579396584	153.8675939939953	478.48381152522336
232.75	9101.522034799189	22.155592714501662	1119.6928127912233	219.90119594319538	477.08484578373	7547.813117044074	22.68407364465668	1908.6720404904863	373.20322481460147	476.38771319073254	6179.974829194449	23.664970803482746	2603.794106045241	501.70019510679276	477.139779544829	1716.7168396547631	13.591237857702348	5461.535491703555	721.2504923842232	471.20405105044097	5746.530127121477	3.9310647521984534	3830.525324246214	153.69529740960206	478.4286532831
235.25	9101.597122681005	22.156553900070346	1119.5617954253398	219.88850082620985	477.0946810038303	7549.765162474336	22.691476848572307	1907.2379994577489	372.716423129082	476.25722621626664	6181.305089913416	23.637860386361535	2602.891047057869	501.3752397983841	477.4538681677574	1717.1042224056316	13.58761614402548	5461.58987440384	721.0299338467144	470.95721001988665	5746.205480462563	3.924910571824324	3830.792463253513	153.52860065407899	478.2330628147362
237.75	9101.687269031721	22.149778210174137	1119.5104872702968	219.88354340215864	477.22973809541895	7551.561319008026	22.79291515702754	1905.743468604859	372.2368108829743	476.1732290674692	6182.720437219885	23.61155302331165	2601.875224272345	501.0489164068894	477.82814685727163	1717.3057621717571	13.583511014828655	5461.544185517916	720.8445600765452	471.0580103780408	5746.467630355988	3.9216866394056633	3830.516303998507	153.63461071549833	478.1852643499521
240.25	9101.825607425057	22.137421846220725	1119.461959429978	219.87102890321486	477.2878105621004	7552.692205451694	23.027444072923497	1904.7576855679442	371.9309098674259	476.1721784931407	6184.0587636921955	23.599119936339687	2600.8036935788755	500.71486758676105	477.80893449353573	1717.6200427141378	13.573496001687502	5461.585216769195	720.6303124246633	471.20304618121423	5746.502080360057	3.9250685344584015	3830.4262675709642	153.63273237324904	478.3242651899826
242.75	9101.769614990264	22.14690047644207	1119.3439578197638	219.85774214215536	477.22165680105644	7553.653254403195	23.083220901341065	1904.0992139080624	371.7297395729974	476.40470838728834	6185.408517306711	23.581013011761243	2599.7576272543643	500.41467409805875	478.1808578834939	1717.8807761219382	13.559631320526234	5461.5708413077255	720.4012819944498	471.35862372003277	5746.401996646475	3.920629332676654	3830.5523571165204	153.51769050481786	478.38756423680644
245.25	9101.82911457691	22.135870908745044	1119.4258927717033	219.83189686917348	477.34840688012815	7554.32572657173	23.075388555190337	1903.4715640363197	371.53367977271364	476.5371891874264	6186.82367944081	23.56415958093702	2598.8362327071864	500.12174293609064	478.3037723556403	1718.1054623847597	13.557254516633988	5461.455000037167	720.1888851382356	471.297491848215	5746.45941619447	3.910953025454375	3830.500974773182	153.55122626341904	478.17079825031834
247.75	9101.961719505956	22.14132160440838	1119.3309097015433	219.83839115516406	477.2487258837356	7554.907689371629	23.05618225667582	1902.9858660711186	371.35972916923185	476.62782302797706	6188.024886136656	23.54708570963257	2597.8353703754237	499.84198562353913	478.4968951292122	1718.284666524279	13.555810154272361	5461.326401535427	719.9464667831111	471.4152658898081	5746.657819040012	3.9075809547134375	3830.2217748712023	153.66025647767444	478.2333292234635
250.25	9102.06581542366	22.147852884718052	1119.260378265453	219.8606950980549	477.15716297777817	7555.676707480413	23.064795145458802	1902.3290451622443	371.1569507147775	476.5194356951007	6189.178074512809	23.531302778074412	2596.844799722358	499.53666087998516	478.6950331634689	1718.6078947679746	13.550467685676553	5461.228818344876	719.6721101381979	471.2720404849358	5746.645452535899	3.907187080960771	3830.2243487896294	153.60688895244553	478.4898426545901
252.75	9102.081413913786	22.152560049391766	1119.2169236116918	219.86641917447454	477.1621588719195	7556.612437660409	23.06147669543782	1901.812363125058	371.0269292492126	476.58866316635755	6190.35768804894	23.52932951223039	2595.871583420169	499.2431860780292	478.6451252042398	1718.936305362505	13.5417133655758	5461.055010013931	719.4562089968289	471.3963501078916	5746.456056784031	3.906125628269068	3830.551484785802	153.41105144799303	478.537597959936
255.25	9102.301193109895	22.152468083163267	1119.1640696204943	219.845474138446	477.0926630126206	7557.48569416982	23.05436613386332	1901.234707683513	370.8313184314179	476.74839864517764	6191.77270599603	23.511157453442856	2594.9787702754857	498.948803194248	478.9827317141063	1719.1844106035553	13.5439823478678	5460.866775901793	719.1919084792297	471.08253310342855	5746.592885925647	3.9075137231546995	3830.352111614597	153.44405397826637	478.04941299918227
257.75	9102.302675362977	22.145371615830552	1119.0074340340248	219.861603152184	477.1350636141225	7558.255994672727	23.040162219209883	1900.773661378956	370.66425135411896	476.9419280386956	6192.796643234912	23.50235815537584	2594.0126062894433	498.6606485005845	479.02098122817364	1719.5269976975958	13.536458896225861	5460.770663413172	718.9743998829714	470.97622257444937	5747.005531354211	3.907223878367762	3830.0111606117985	153.57525877168501	478.2883694929749
260.25	9102.365217927278	22.14642322425471	1118.9405890804796	219.8222139096619	477.2500773831518	7559.005192341992	23.036137685547978	1900.2120453961954	370.4885207837682	476.95380707151236	6194.202279261952	23.484553612098	2593.1580683332936	498.3813589027923	479.2127266132998	1719.5170812047577	13.523602457805831	5460.624151453027	718.7664481168217	471.02069284522264	5746.8286687382415	3.8968965148988373	3830.375464681235	153.3691384280783	478.5304142713261
262.75	9102.562569795817	22.130952636079584	1118.9501160264806	219.76096982920527	477.40967433497525	7559.66197484878	23.03598923086409	1899.7187450745444	370.34012754574735	476.8016498767563	6195.2075003312875	23.489099377135005	2592.239640995573	498.0905356304157	479.1809937574126	1719.983766327937	13.517147919028364	5460.451431344219	718.5397302366619	470.8376942072663	5747.180791886215	3.8946774054394315	3830.4290612802247	153.3045151290751	478.3116226039195
265.25	9102.647283653261	22.126892242355545	1118.8532594737183	219.78296039435523	477.4244019726868	7560.23575536032	23.03116602617299	1899.2524301868716	370.1667070963431	476.85770984561833	6196.2583569610915	23.47658401230663	2591.2736182433305	497.7822958940612	479.1728198395566	1720.4311128773884	13.515585792460719	5460.305748922705	718.3335369536297	470.98855132620076	5747.291230349763	3.892479184571061	3830.274326596791	153.3329900015227	478.3047017250293
267.75	9102.693301077506	22.120193383498233	1118.905649074271	219.78558240253741	477.57342647242655	7560.757231552653	23.35024377446909	1898.8079047468987	370.00415267437285	477.04272858600393	6197.326653530528	23.46393365905863	2590.442133367865	497.5425465665724	479.44394409675147	1720.7407269492458	13.511248343714248	5460.126618660811	718.102225592731	471.14225454156707	5747.478128102989	3.8960439164971845	3829.981956921658	153.42534773660225	478.1609217233056
270.25	9102.665168393378	22.1237213346182	1118.8573491609775	219.80311820291803	477.5309749441284	7559.319745050558	24.039938503168266	1899.788959535299	370.4122394563913	477.2392971849066	6198.372355064615	23.44940258349388	2589.541726262097	497.31947550869626	479.63993093439683	1721.071700820869	13.508366118103604	5459.971499270161	717.8637425397114	470.98061294760254	5747.489456623555	3.8968021146049847	3829.980501121037	153.3346165566387	478.530721648022
272.75	9102.957192541751	22.121769192971442	1118.759598267762	219.74346769441968	477.4377030359351	7557.34946002138	24.036693619603934	1901.0399523862152	370.93274577016837	477.543783857971	6199.498473219855	23.44796814670276	2588.7671230299584	497.161096810437	479.7761113982943	1721.259065225401	13.502738082306305	5459.878925756433	717.6364397853405	470.9325049604347	5747.550367414389	3.891924883035915	3830.292591481282	153.17309508581783	478.500799192342
275.25	9103.104757774021	22.129201001242865	1118.6194164092508	219.72446175180656	477.3769328109739	7555.457960570314	24.02545600495037	1902.3045479592383	371.39367349941676	477.6979217068978	6200.368990620059	23.4272923166811	2588.059155660555	497.0046966891386	480.001473493509	1721.656856633361	13.496733256079933	5459.721597119461	717.4030224944827	470.9894565412918	5747.472187095987	3.8796457215046267	3830.586708280215	153.0019470013399	478.5992905766137
277.75	9103.425038322011	22.144646718834704	1118.497958204015	219.72587917956977	477.2097728737431	7553.735617292379	24.016764753410964	1903.5071169787611	371.88371711193906	477.7763045753513	6201.240794492804	23.420247282702952	2587.422928435114	496.83959522940887	480.14579018592957	1722.0087624917799	13.486764089639854	5459.527717653143	717.1668062857055	471.00614764243056	5747.352373683596	3.871743121084677	3830.6328906880813	152.87886745449626	478.4201261454212
280.25	9103.684501337993	22.143038486035376	1118.4463696857422	219.71923550477098	477.24167925698845	7551.967664929095	24.014976979703498	1904.7005520008674	372.37305852340955	477.76009256345867	6202.02694995526	23.40174674420442	2586.8325966083107	496.72649520815355	480.3090605801602	1722.232139502422	13.48256971582746	5459.336285779937	716.9219117444968	471.0183154066579	5747.538546251691	3.8726388020621556	3830.6601326380037	152.77374223960186	478.54257825693367
282.75	9103.718044184212	22.140600370157927	1118.3278470707403	219.69530624818262	477.21822388794317	7550.459062464977	24.021531949103014	1905.8301450497618	372.8060699602174	477.72258799476515	6202.6252644715605	23.39715011814303	2586.3256853799658	496.6195479337236	480.3110822166764	1722.772836446833	13.472648151317658	5459.181976401833	716.6335174033424	471.1215399897632	5747.673227238621	3.8662145477061616	3830.6208114913275	152.71750780544903	478.45519087475384
285.25	9103.750933244459	22.136990539119413	1118.2656294885965	219.6982493878927	477.343238274847	7549.0613742178575	23.81959256695243	1907.0197914479243	373.1951311996765	477.8390680303226	6203.17481173942	23.404409031259434	2585.957794536005	496.55179744334464	480.2372488614822	1723.1915740720801	13.468679000867485	5459.119115975156	716.3886176486163	471.16413436620627	5747.745464910979	3.8614893433361077	3830.668299831911	152.6545733475175	478.58052573154293
287.75	9103.796422697187	22.14684378010532	1118.164096307558	219.69530821365552	477.18299490348744	7548.695142092972	23.396909002064817	1907.2800354217452	373.28033620265364	477.78090026615666	6203.499062015648	23.406171429922672	2585.5111637962596	496.491708791672	480.3877141280514	1723.555331012005	13.463475637440673	5458.8760706452895	716.1606116595302	471.27475229501783	5747.989944185934	3.8684849475988217	3830.410148179625	152.73179521536005	478.28409890310223
290.25	9103.908997038421	22.144697684039162	1118.1951648518693	219.6576732741997	477.1571845991094	7548.802155468495	23.496268328977944	1907.2921297222854	373.2243786343565	477.53917403714064	6204.094398670379	23.397510087188913	2585.1927801507118	496.4273869951973	480.3181756662459	1723.7968858331776	13.45909151033003	5458.69270268074	715.925023512857	471.20928161482	5748.122691536045	3.8732833243806803	3830.3724174394247	152.72792525343644	478.6321174764957
292.75	9103.995160182956	22.155054274884645	1118.1725095956986	219.6585998403331	477.0677195216473	7548.189586172461	23.604260157008778	1907.6060133745075	373.3577125963568	477.5633682771645	6204.4004560133835	23.39899551447794	2584.8104753109506	496.3444388993774	480.33628953790344	1724.4407569760601	13.451261986966525	5458.549988679405	715.6635393259593	471.112746825824	5747.936176288444	3.8717826300701708	3830.7705279938473	152.49991002487664	478.56813492102094
295.25	9104.269859817037	22.154569040122144	1118.0571703419812	219.6561116534686	477.0179015406221	7548.178579643833	23.47851972151188	1907.6552113385699	373.3939387468319	477.3253105468881	6204.774937426523	23.398655044146558	2584.474569529442	496.2732502285748	480.3766085556778	1724.6829268575823	13.444049176733252	5458.3305933637075	715.4424109308577	471.12228473307437	5748.073926331778	3.8671840670586333	3830.4426964071617	152.64164811703003	478.3196196664508
297.75	9104.232158263732	22.160706853474085	1118.0385075688175	219.63200405515633	476.95553164304863	7547.798608329041	23.541306030223843	1908.0028634853793	373.45869528144857	477.4489894151661	6204.857672890895	23.39388280099038	2584.1022510594566	496.261867865877	480.4031440927768	1725.220929551904	13.440364256025065	5458.093682545591	715.1978152886327	471.1585088372653	5748.298445020149	3.8676773813534417	3830.479312259952	152.58774443054546	478.72259861152554
300.25	9104.325219089116	22.154769606680656	1117.9763735748704	219.62548413665857	477.04248037053384	7547.923697992394	23.397624646838427	1907.9042525343186	373.41661177147364	477.3477618339773	6205.029142974016	23.383150607965224	2583.8483050110763	496.2419375799105	480.52601901869167	1725.6634721111845	13.43201309542781	5457.877337826802	715.0259859636385	470.9767228285722	5748.400951897321	3.8655140870851272	3830.6370278577674	152.46112013501426	478.5287428895517
302.75	9104.493022732218	22.15834140558056	1117.9484975731518	219.61100859073974	477.0254260644777	7548.068297899686	23.551578212956585	1907.9156160086563	373.39650699732863	477.2230940511609	6205.452519597773	23.368535437253993	2583.6412229216476	496.18398907921767	480.68183851147046	1726.3023315740836	13.433450450402962	5457.70703914225	714.8284941747614	470.8760709526635	5748.282238856859	3.865746773400116	3830.711676017257	152.39307500930192	478.60970405304437
305.25	9104.615004279096	22.156955244156592	1117.8577380446293	219.58919538140034	477.0179357130639	7547.753096632918	23.57790025579959	1908.167418815344	373.4956033784351	477.25791733206177	6205.712008689415	23.366303046072627	2583.4251676903427	496.11272818133045	480.6611859669699	1726.906911316328	13.428930601407082	5457.533548713659	714.5771249308272	471.03158653220834	5748.611398692061	3.8686582446883864	3830.506871806812	152.40872491963705	478.44482368450724
307.75	9104.823861647405	22.160874341130874	1117.8685381465098	219.59460699366193	477.0279368436489	7547.646118496576	23.48454592174997	1908.193111286085	373.4634407375726	477.24048607152423	6205.951981098639	23.356470434301087	2583.1292965759517	496.06027521480667	480.8478927679827	1727.3944017220958	13.428001052307886	5457.365733101864	714.3696311647604	470.9422662037601	5748.820734029387	3.8701924232303804	3830.30505855895	152.4916330110348	478.4507358202771
310.25	9104.845654535786	22.152314109960784	1117.9079964615364	219.6108792541743	477.1665909315499	7547.756079674277	23.496139494420362	1908.1836729361917	373.51209719402203	477.2567250913133	6206.080777793586	23.348152960834312	2582.794188151892	496.04650977258785	480.96135883941065	1727.8069166078517	13.421646721931525	5457.1993100248665	714.1510395334897	470.89418951156824	5748.799641577033	3.862812910567752	3830.1901135967023	152.4896971633597	478.51532225292345
312.75	9104.845938041724	22.147548773503214	1117.9149458972968	219.58846121423238	477.0934003980616	7547.770399069195	23.25141133069362	1908.1425247613251	373.5494623910104	476.9897075366727	6206.2751725190155	23.347193213294567	2582.544287384859	495.9737266376824	481.04654530603136	1728.3235571081595	13.411555371021395	5457.031107321701	713.9348353074759	470.94436950035896	5749.110647527803	3.863111995507346	3829.8848518885557	152.53555548073984	478.3218366287047
315.25	9104.660320384393	22.148916071693108	1117.8407513953223	219.58383779170404	477.11231269710936	7549.396205152131	22.75729619564883	1907.1328498288847	373.11589065277803	477.1519035092951	6206.733445309311	23.348056960387872	2582.387388691686	495.92381086428253	480.890233330909	1728.720408508507	13.411557931909792	5456.89560340409	713.6881611505748	470.96302158374175	5749.516187434844	3.8658689302602633	3829.447242332542	152.70249216885492	478.35861974309694
317.75	9104.748584272655	22.152819845327123	1117.9020600275148	219.5832952612634	477.13954925177444	7550.6974141114515	23.013752024239132	1906.2468872749903	372.7571281622557	476.98976160089245	6206.890530311372	23.33133735742742	2582.088600246018	495.8526245759381	480.9618462022115	1729.1496577500232	13.408130547514865	5456.746895617783	713.4932597885937	471.20801751625874	5749.818035983681	3.862761711842075	3829.196059325553	152.790014331484	478.423303578106
320.25	9104.850708777829	22.141033131618272	1117.854014194116	219.5820946909378	477.2479774514526	7551.510115663581	23.09503296686634	1905.5869748102737	372.50200590302705	476.97470685265586	6207.15529569157	23.324072893642324	2581.8008938162106	495.78390523336026	481.0565103568833	1729.7260421890053	13.40172207990065	5456.538515843668	713.2730699915763	471.2823238686453	5749.917233354047	3.8638800965489923	3829.120378185776	152.76395220927782	478.44736355202156
322.75	9104.882530966506	22.131228427088153	1117.7710812870532	219.57179156000996	477.37677711884305	7552.348370261377	23.107605626302064	1905.0162778237307	372.2747452291731	476.93767170934274	6207.560429744191	23.30695834717554	2581.510466627582	495.6976579244056	481.3285412868019	1730.022316630502	13.390989473665062	5456.290012765549	713.0388965452912	471.35572258786385	5749.86684995433	3.860093677261955	3829.1989383836813	152.70127827362	478.54555252648515
325.25	9104.912760513816	22.131974183112764	1117.8193494814468	219.57282323040192	477.30043907188553	7553.098126924966	23.162162331520182	1904.544940304593	372.11187217041805	476.819467357136	6208.014388789455	23.312500051156267	2581.1727462094336	495.6167782651875	481.26091732576435	1730.1562940877125	13.375877335555609	5456.093937213696	712.8435790162149	471.4474066618228	5749.903045502637	3.8525563212442204	3829.203208036521	152.6475850464713	478.4568636962887
327.75	9105.020499966455	22.13616211794255	1117.8306960051084	219.54231939200142	477.2179267036493	7553.668127763421	23.182383878731507	1904.006988378688	371.91535210904954	476.49186580700217	6208.554889156974	23.312374052122387	2580.8220248666225	495.4794288626418	481.26557745049877	1730.5061918529673	13.371677904035721	5455.884915462245	712.6356245166456	471.5976957040664	5750.175396813744	3.8531711183303217	3828.917728739612	152.66023500854308	478.2940025988626
330.25	9105.017517831586	22.135419684586118	1117.7952574728147	219.58966644692777	477.26787988410155	7554.278084363604	23.187313618507083	1903.5412061142163	371.73846039485653	476.5234079661115	6209.018285644387	23.30418927826251	2580.5117093401386	495.3947418476715	481.3461437578323	1731.134332597419	13.369218623758945	5455.617979261991	712.4408358648818	471.5954903101329	5750.598345431111	3.850948788505627	3828.575722366701	152.785866618434	478.3286261649938
332.75	9104.866633373244	22.143463150286426	1117.6710477582	219.55734561679978	477.20185240282984	7554.942900012066	23.19245243355106	1903.0895719161513	371.5604910001471	476.5110102957387	6209.420943861408	23.2923711060298	2580.147705632377	495.3114772189803	481.4486533908401	1731.4926073708764	13.357604110990135	5455.401001183773	712.2301863319926	471.6709737893464	5750.890005873452	3.858905236458335	3828.339246165355	152.87134259024043	478.29461652213155
335.25	9105.286131217801	22.144375085151776	1117.5778985006957	219.54721210854254	477.16153003168625	7555.627157309671	23.180941565529597	1902.6465866961314	371.4329997701956	476.7095580177771	6209.9087974191525	23.299432682299354	2579.8470206620955	495.19432901685946	481.3456119122989	1731.905486137938	13.357025063108253	5455.141703347269	712.0029766486167	471.9034765670099	5750.869895759953	3.853720008452655	3828.153503306652	152.8865064027839	478.41173535866585
337.75	9105.506853450928	22.144915075822038	1117.4557673737684	219.54494309067218	477.2222508968999	7556.241726844657	23.17824338819445	1902.2369200479045	371.2881516209854	476.6580698655527	6210.20984755197	23.286509718966535	2579.5507040895877	495.0859130496059	481.5728676586996	1732.2191375938373	13.344825612637417	5454.89407132122	711.7843025043541	471.93022270607344	5751.08119503708	3.851038651565373	3828.059805018542	152.81128414807887	478.3687785675905
340.25	9105.536536229123	22.144130468608232	1117.43000493897	219.50565406962872	477.2284318017979	7556.915778977563	23.16469703339086	1901.773578113401	371.16992909904053	476.916865355156	6210.714640958289	23.283629585747452	2579.209866350589	495.01427500718484	481.6744998490879	1732.6732573165884	13.335661640940046	5454.669536843641	711.6010269904613	471.88889913169396	5751.257632770294	3.857961203537633	3827.9416369632104	152.8058008185931	478.37195281827627
342.75	9105.778356227269	22.142595698515645	1117.3859599217546	219.51630198308885	477.2112064342277	7557.635762205741	23.158091183237964	1901.409557274587	371.06743722076936	476.86400590973903	6211.128116676864	23.275750968856723	2578.877633061921	494.9588407547221	481.7769801833875	1733.07893540812	13.337932283014139	5454.4473637375895	711.3808967227037	472.1223133468861	5751.613381547026	3.8568538439473836	3827.6358496936527	152.91031662702684	478.31370698776476
345.25	9105.984462556342	22.136410059744225	1117.3274166066778	219.51535906930607	477.28176237878296	7558.1923262279515	23.170731533760286	1901.0642257593743	370.9514834251908	476.6748319070984	6211.660464221253	23.255939153902347	2578.5060473224016	494.8684162980101	481.9506409936646	1733.5583881346993	13.341148992661777	5454.083849535735	711.1792133192483	472.1231637017563	5751.701629374417	3.8584588935239026	3827.2499798884605	153.0587892630516	478.170607266311
347.75	9106.086013122058	22.136117380015104	1117.2461661297646	219.52400782805285	477.3516027172351	7558.574636616823	23.16441348198689	1900.7845426366698	370.8415140457294	476.76294061076754	6212.273614764275	23.245809013026	2578.1894013481788	494.7790392911308	482.1576757739362	1734.0352626285442	13.34086794819909	5453.815736775475	710.9641505496388	472.04785510281533	5751.706927165599	3.860669325479547	3827.10003622204	153.06972037531884	478.54734526867566
350.25	9106.316415878755	22.121180963628735	1117.1923073877076	219.5012919038158	477.50815411651047	7558.873666403555	23.15930707921846	1900.36164608651	370.72531805833563	476.8438264934805	6212.7639288318205	23.235630486919312	2577.828672053739	494.6946712379925	482.1446492598984	1734.4895796951796	13.332590127125954	5453.6038368961545	710.7531484899434	472.24897276296815	5751.820346886561	3.8626584077396235	3827.3523278301177	152.9199991789464	478.3820153660871
352.75	9106.547360750465	22.11727039498024	1117.1573180226655	219.50384794189307	477.50659013211913	7559.392514414881	23.17092848545051	1900.0219373330035	370.6007168532138	476.61917686840724	6213.293341549466	23.23844507952813	2577.453080764289	494.5983793635002	482.1250097843636	1734.8501280053672	13.33104946002293	5453.304961232147	710.5781756740028	472.44928204344	5752.028806166602	3.8674500907863827	3827.185573422036	152.94446197842936	478.3439065233
355.25	9106.64669620783	22.117933754744094	1117.1026061026676	219.48185321289228	477.4984210671392	7560.281414872747	23.16739149900047	1899.7236037601492	370.499179257472	476.7162014072731	6213.784779226663	23.241108842918738	2577.182868835425	494.47618942416295	482.02673465124593	1735.2925020897026	13.325968514991752	5453.070529807551	710.364378335165	472.5795622330452	5752.057768247756	3.8690125363967156	3826.9733381801348	153.00213925274863	478.2694687572041
357.75	9106.819169649552	22.12225188343088	1117.107487831413	219.51138158263967	477.47821332707645	7560.525182183933	23.149188450587985	1899.3515372444951	370.3910264385132	476.98627571992466	6214.522854446231	23.23936627448193	2576.8683709824195	494.3897220234633	482.00074271851065	1735.6874960287562	13.323831867231663	5452.722568788171	710.1432527292318	472.26281327984054	5752.001055364251	3.8651515647745547	3827.2186339234045	152.79197746181947	478.7486753524946
360.25	9106.661587247361	22.120360022649585	1117.037892119679	219.49904685877206	477.58742832804285	7561.0502255070705	23.135460567332117	1899.0722243871492	370.27390005341	477.1376882154026	6214.893412799728	23.23644735029889	2576.4260230750274	494.3199431716108	482.1372527727847	1736.190973376852	13.323434394612509	5452.4360521816125	709.9176865316604	472.33108925441485	5751.837988665303	3.868001868580389	3827.951033843973	152.40322651764237	478.82216489369927
362.75	9106.903730872466	22.131250052383724	1116.961749607352	219.49377936509558	477.3421774627596	7561.668802028444	23.1259554153541	1898.7864962908934	370.17062209113385	477.21089017025815	6215.219814546904	23.235771959896436	2576.163877817459	494.21305781462	482.0708013344057	1736.7601221823425	13.321994018040966	5452.189313255189	709.7627257141546	472.39835799105424	5751.84605502459	3.8660267511504283	3828.4669991559595	152.09476661212526	478.72686668358176
365.25	9106.912544609972	22.122747276849307	1116.9672424365313	219.48340155862803	477.5313037562307	7562.203579782409	23.128964845901827	1898.4940510453712	370.07274054265054	477.2260734785837	6215.661359695854	23.236073354319664	2575.8566042821303	494.11631745246825	482.19084295587453	1737.1135854888385	13.31444626224805	5451.917909666469	709.5372743863004	472.4389476562584	5751.663507370749	3.8582327684255677	3828.5438266519304	152.00654879659666	478.6960242160755
367.75	9106.84012590141	22.122593139513473	1116.929209307338	219.47078049777843	477.43367406204806	7562.62069746424	23.128975772924566	1898.1448031760726	369.98807615941513	476.994529039928	6216.19237085687	23.2263328220464	2575.4635294205414	494.05289723001533	482.2926134391209	1737.5773060963	13.314656552673716	5451.804180463612	709.3606641472423	472.5835504242462	5751.559666433401	3.863209655041334	3828.8194399304007	151.81079478584496	478.77622227683344
370.25	9106.885862415405	22.11554220924131	1116.943079346586	219.45590963287833	477.5892463162089	7563.067412954815	23.21497170611366	1897.8616064267894	369.8994063698492	476.96350149888525	6216.696098706522	23.239241114419894	2575.0986277388192	493.95314099525035	482.0351187284184	1738.081718088405	13.309984617158596	5451.545317987814	709.1791350154609	472.7793410840722	5751.531774340975	3.846196637472729	3829.0434886459134	151.65560390976634	478.7597184327264
372.75	9106.852488078623	22.107774893060466	1116.9535577993454	219.45749562609183	477.648040987528	7562.861490103461	23.36923036628783	1897.8586316362384	369.95306400029926	477.0377686274646	6217.212078409358	23.240875684976416	2574.7180706519775	493.88793279925	482.047776879152	1738.4157618246684	13.297730702951505	5451.2713363669545	708.9533171636765	472.9886294918924	5751.509216733008	3.8475453635876478	3829.0807923432167	151.60486748285712	478.63447503817423
375.25	9106.669282487685	22.11501375584219	1116.8533419944874	219.44678865618368	477.6012249781553	7562.7646768780405	23.36766821957093	1898.0263786040975	370.0262620220723	477.0532106409639	6217.665328025673	23.238645249096503	2574.313719578705	493.81706753325244	482.1153899473486	1738.7903623446236	13.283008313736573	5451.122456911784	708.7752598100557	473.02873185131284	5751.571466462828	3.8481340077447155	3829.043945106548	151.61767850910815	478.73686558724165
377.75	9106.693483146302	22.122430179723988	1116.8629007995273	219.40830167233605	477.32525925938046	7562.525845721447	23.360771317766154	1898.182174558217	370.0989361535796	477.2062146171044	6217.953886983549	23.241334537399265	2574.0421993393325	493.7231982081803	482.1080677475484	1739.4340387135742	13.277421382389562	5450.876393592537	708.5752246287066	472.91866663568624	5751.484146359084	3.8443679354557347	3829.287974001074	151.51265127451833	478.84543374927597
380.25	9106.654929128967	22.12458451965685	1116.8280803165653	219.38403300879068	477.42738608655844	7562.515109456509	23.355027217351523	1898.2723219156576	370.1457386351109	477.23904541832803	6218.256959294604	23.233074354785273	2573.7473083266677	493.63933948032013	482.20891153620005	1739.8496624907004	13.264230376440922	5450.513433467778	708.3877561059418	473.035031324931	5751.270522932535	3.8440125903073508	3829.631887509149	151.3604797465061	478.8553026041845
382.75	9106.88288778013	22.139529366781584	1116.7322692465937	219.35142277758274	477.1405273508968	7562.445040945807	23.36249288046205	1898.3586364502037	370.23713147437473	477.2130039559162	6218.554540777053	23.217680456712642	2573.4186639775007	493.563209980071	482.4118298008425	1740.2634069935782	13.258867123318783	5450.15952750216	708.1844952826556	473.0211665206919	5751.1854102709685	3.845098314825248	3829.8255135980226	151.2587200531191	478.84038076556004
385.25	9106.852325452232	22.12983832347336	1116.681193304899	219.39335277754697	477.4376039508057	7562.376442784686	23.35328783053683	1898.464054357605	370.30733585860224	477.2424161740392	6218.794015302533	23.213955829390244	2573.1959153530397	493.5009920162514	482.4808111073171	1740.7980887052352	13.252531515384133	5449.905676177044	708.0186747764593	472.95850401530174	5751.207007565245	3.8456091353220945	3829.8884258050357	151.21020471776185	478.8036726746093
387.75	9106.996393830254	22.129347567808846	1116.69648040734	219.35741178916362	477.46279738187917	7562.312197167732	23.35808529832319	1898.583179497545	370.37724892151743	477.26353160648364	6219.218955148131	23.205914207297436	2572.995948960549	493.4448073615039	482.4836546556688	1741.234923494338	13.250975515050392	5449.635755168386	707.8245918406301	472.9432169379778	5751.208396291669	3.838704838815166	3830.0487436959547	151.11447119239446	478.96581372556096
390.25	9106.934484803276	22.11755772893859	1116.597887615735	219.39843363245984	477.61529238385697	7562.273360402086	23.342264291007695	1898.7087321750325	370.42658475400805	477.46324591084004	6219.493996932278	23.212105419771948	2572.7713569308657	493.3381995071414	482.402033779463	1741.7119952044363	13.243470781987089	5449.4007464709775	707.6319097161536	473.0956537624655	5751.030155727915	3.83645052161456	3830.4123794598972	150.90319302695866	479.1406859276713
392.75	9107.016534458384	22.09923945849919	1116.5639735730188	219.3871855843455	477.7662546045131	7562.0331018828065	23.329509435726226	1898.7788176062993	370.4781811450873	477.5336445437415	6219.792356469249	23.208007435922745	2572.530992001368	493.2823130729359	482.36115682614445	1742.037755586392	13.23596294293745	5449.148126028654	707.4119761911155	472.729179267749	5750.965531894144	3.836318388686085	3830.664755132556	150.79844530039307	478.889422537668
395.25	9107.099746651968	22.107921325994173	1116.4924299508486	219.4144541975115	477.6318540594235	7561.98470896883	23.334180403414265	1898.9650585461548	370.492972802664	477.45132919292377	6219.9296209442	23.228439471372898	2572.2675228393327	493.2523790416383	482.154963412689	1742.4727486654174	13.226041844014555	5448.862624148591	707.2480978184706	472.8851495525566	5750.990728906777	3.8317863375022254	3830.815553446719	150.70838270948255	478.93403233484776
397.75	9107.100990348874	22.108185425421997	1116.4066164792764	219.4281206112224	477.69552358084997	7561.739497279055	23.33291379670775	1899.0878641156228	370.5219084290296	477.4897985688334	6220.060243372766	23.230640038610684	2572.042284320958	493.2395695421192	482.2007504342109	1742.8757803616154	13.224935895464885	5448.607610199398	707.067298710105	472.75041157598787	5751.110510086534	3.8308907730839534	3830.421603578687	150.85058874922177	478.6966531404136
