0.0	9099.418066063323	22.25731802665025	1120.6933888360566	220.22955860160326	475.83155697097334	7532.238992647228	23.328030473719508	1920.2574150551195	376.3915273644486	477.03904651828964	6142.372839484403	24.829793275532577	2633.2967253844545	509.80603074750763	472.759987078265	1711.7896954696919	14.28832167829073	5446.177791241422	743.0687074360393	467.8036244905155	5755.297940884698	4.186472360382533	3807.2857401239567	166.3907589063491	475.82727561466896
0.25	9099.448757048749	22.257547681974597	1120.66980458523	220.23498453564903	475.8212094112102	7532.270981610529	23.125356436977928	1920.1891300218333	376.37543549684	477.07279571002994	6142.462893998708	24.747034184016446	2633.238330312119	509.7902441972746	472.8139547923654	1711.7754768759019	14.286823144155676	5446.212380546958	743.0550621539555	467.8084579444728	5755.223448206471	4.18636378015699	3807.3305761076326	166.34643142918273	475.8724660775058
2.75	9099.575511192916	22.24872706993395	1120.709107129662	220.2638015298247	475.9770953755704	7534.184729211827	22.71201065429595	1918.7076654771317	375.8324484574179	476.9351927893186	6143.463870185447	24.501097654139315	2632.4224201486145	509.5172536865771	472.84364941140433	1711.9220223271661	14.279521685826246	5446.467739740759	742.8203243489846	467.80695294025367	5755.170642903879	4.176771756047322	3807.7824733159214	166.15093915108852	475.81601880374967
5.25	9099.593067362399	22.250693599395603	1120.6812060067218	220.26502018995603	475.9139598572174	7536.278883608857	22.86350119580407	1917.0979131031456	375.2276487449627	476.6642092978681	6144.667042879076	24.399695302141605	2631.35438048687	509.1717567650765	472.70109667649007	1712.1242546577232	14.270138411003314	5446.749061288465	742.5766675442352	467.82857399654415	5754.796253544928	4.155919858920162	3808.3176060638107	165.91804843520802	475.91936462841574
7.75	9099.707439510084	22.25829059322062	1120.7358289569975	220.2971075095908	475.80330750714586	7537.90999696755	23.038554487870435	1915.7821708924291	374.81828089071917	476.40971728023055	6145.958574795781	24.327732193198333	2630.1526736644973	508.79471791580005	472.6557074320275	1712.0942877786613	14.266187086863317	5447.077808681636	742.3520230263567	468.0502919132308	5754.716119543487	4.145500857268522	3808.8195463788093	165.68043876454007	475.74787634257035
10.25	9099.758938007039	22.24969143898317	1120.7425854679843	220.3470308870783	475.89560735081534	7539.30248473498	23.213203886640656	1914.8050365828185	374.4980295783059	476.10957010609377	6147.772663339949	24.229184324026317	2628.765604771264	508.32399262071607	472.5860970151901	1712.0336271764604	14.2611864530577	5447.338270668183	742.1011187528701	468.31000558679153	5754.575294405092	4.138611514363645	3808.947384603847	165.6800330570327	475.7700832834252
12.75	9099.785838640513	22.260140979787643	1120.652664529042	220.28594856124926	475.7874651539259	7539.922949208598	23.219621816343366	1914.3054177653053	374.32554238335405	476.0922699421046	6149.974540991284	24.227381714534626	2627.2114406300916	507.8100962254987	472.3401593205713	1712.1909104890342	14.251385786633081	5447.63134422595	741.8371527107471	468.36926477359066	5754.719396746702	4.1237413984561355	3809.1742595840606	165.522280861832	475.77313460666727
15.25	9100.012158676269	22.2555584610748	1120.670668161504	220.31480502786852	475.92861151740067	7541.515155250418	22.928998093007078	1913.0650704819975	373.9163597533469	475.9050775957873	6151.374763664058	24.45443779837788	2626.1425025886692	507.5008569176098	472.2432146626695	1712.1645400114778	14.240327355310855	5447.899352652376	741.5114896002316	468.4100027957449	5754.670148262802	4.125505863831408	3809.1992326296663	165.49884868433364	475.75838672300057
17.75	9100.04206318817	22.25353300029379	1120.6647097884872	220.28662486784518	475.8271702832486	7542.6446630034625	23.042804762796294	1912.060199075308	373.59310267187453	475.91403729299526	6152.881326653504	24.42043573629031	2624.912551726661	507.10342107081	471.9656462276893	1712.2330993257037	14.229256942752805	5448.118479551789	741.187821065642	468.64741545981997	5754.561744171003	4.125506826912352	3809.258204435119	165.4456383808298	475.83521275336375
20.25	9100.124442885734	22.25507481823842	1120.5671101440032	220.27749338188497	475.84706314867907	7544.4369400303	22.97000197117824	1910.7463006892178	373.1647395640027	475.85619393571477	6154.449790588275	24.489119941415	2623.838946574181	506.8187245037227	472.01448275548984	1712.2103734909897	14.221271072265633	5448.392254704735	740.8962779158949	468.58220134157	5754.549145172766	4.126850754415376	3809.6103542700675	165.27783931505178	475.9951516167268
22.75	9100.349535850639	22.262314077075146	1120.4938388593139	220.26557188308817	475.7629960667086	7545.344240336152	23.28677566179942	1910.106470126167	372.9831273175111	475.7568644056037	6156.030233869348	24.41003068973849	2622.716090199018	506.48223817765694	471.7561869718969	1712.3359994812295	14.217520750216057	5448.617797842979	740.649995376482	468.44190280289683	5754.128198174425	4.117215492719924	3810.0666505438267	165.00974726803105	476.1249659246511
25.25	9100.582707700083	22.264355025862702	1120.468493084883	220.2983501241736	475.7402626286786	7546.245554552228	23.26550024388411	1909.6044878758055	372.8361221307348	475.7096274785961	6157.48454397248	24.436119316569883	2621.480435683211	506.09549659211837	471.48403714610157	1712.5296565493845	14.213524949293804	5448.779766796205	740.3908868980037	468.7214038696326	5753.9490328270795	4.118857747646423	3810.4562757093126	164.77487501797955	475.9773389800044
27.75	9100.62768249946	22.269037600109325	1120.4442951644266	220.28934518769816	475.62311235508184	7546.832392285691	23.350744898989966	1909.192671567413	372.74033106992295	475.73636777188983	6158.954162181527	24.442407011385896	2620.3294354445234	505.7288464999171	471.22372201466845	1712.6653424802937	14.201387855523734	5448.957838065157	740.1206960525858	468.7568806202792	5754.0128641218425	4.116137510861343	3810.6920181708992	164.62344561481856	476.10907613295643
30.25	9100.526295999854	22.26533474276044	1120.4546958342528	220.30031038663128	475.6799424127274	7547.297356957901	23.37705795155439	1908.7599217550492	372.6596495375789	475.7234532695209	6160.389859912184	24.447788680518848	2619.2521687324333	505.3772889732649	471.0693058918953	1712.6779407700326	14.191460455648883	5449.205033511808	739.8261243041267	468.71246745727956	5754.127179155091	4.110185999865405	3810.8337600724117	164.5109066831117	475.965591567793
32.75	9100.518900530373	22.2789318414521	1120.4966773982292	220.26221159204295	475.5965847530933	7547.611096626691	23.43509817753069	1908.5260923884705	372.6175423564206	475.74438629752433	6161.90287959601	24.457419135234108	2618.1559913100796	505.0440302638719	470.9184395167497	1712.8240930831955	14.199971629752264	5449.2973659049485	739.5167607531577	468.61236609572916	5754.166388281406	4.099039304391568	3810.9862636550934	164.44865776038623	476.04646728661936
35.25	9100.620274422727	22.27655992615636	1120.4798258846308	220.26919144751088	475.5122321747712	7548.010492845315	23.53570424373076	1908.2780159316997	372.60809679848467	475.68279347316206	6163.232412593586	24.87256547788892	2617.1460477946607	504.72015341284373	470.75483418664044	1712.6106671581376	14.191804738494586	5449.450449498965	739.2315256199869	468.4157534503324	5754.097189755283	4.09901686287054	3811.134560422234	164.31784801217668	476.1094954582321
37.75	9100.577656740834	22.285220136308993	1120.4165631829883	220.24539173476242	475.57241400393264	7547.9701093819285	23.702928326541375	1908.4188788479948	372.7013576080323	475.8904320694597	6161.965384769278	25.788550826567413	2617.8096487234275	505.0400100701513	470.9255623972606	1712.9403560386406	14.192296450195368	5449.585376063173	738.9664671427895	468.49544278554293	5754.1869245143125	4.116335538520655	3811.2939568040965	164.16128932230583	476.0700872955901
40.25	9100.698345840261	22.277794861444256	1120.3525176404582	220.22888346725057	475.60047543519505	7547.454126081944	23.72178286041523	1908.6922666827436	372.85369310821625	475.8492453128881	6160.320485619905	25.797292176267764	2618.998184202051	505.50704406748196	471.1704602211963	1713.2309888459702	14.195280000739734	5449.7622742919	738.6536417304466	468.5284199873279	5754.112365970812	4.125755908246416	3811.3859796546703	164.0399470602046	476.2129806017175
42.75	9100.667483686942	22.28419999129635	1120.3453859874294	220.22765367938163	475.486349755832	7547.07802535853	23.771233877503043	1908.9101711782716	372.97829566272816	475.88598950765606	6158.856198009969	25.756220245271972	2620.1829702072796	505.98542057481137	471.6529836497337	1713.35135370611	14.182356842692855	5449.955268087719	738.398159067005	468.57624254537575	5753.883369797102	4.137133575541789	3811.8062819004695	163.8167353578747	476.2263797389094
45.25	9100.772025457078	22.27897954760198	1120.340304462267	220.243130827724	475.6975760220165	7546.417583539029	23.865274570949875	1909.4045152562203	373.185329749827	476.03146236808385	6157.271364373331	25.700793842133706	2621.233490278018	506.378951935871	471.88716984000285	1713.1960213626935	14.191425640493486	5450.185721312682	738.1236080548266	468.48717398760186	5753.89880199107	4.141497491617705	3812.3006414215142	163.58294101576686	476.3520170043859
47.75	9101.014323515057	22.267635763727416	1120.3577637783292	220.24469634064562	475.7956353793302	7545.647928411395	23.958417468675076	1909.9712263597435	373.4265927506028	476.01760335206876	6155.764902865786	25.636777023274433	2622.347990593456	506.8274610546962	472.2858048869064	1713.3177050403333	14.191560253073412	5450.31567521164	737.8860765533982	468.48792197581105	5753.704268410219	4.141343860594589	3812.6891829751553	163.34103792170066	476.36659583891804
50.25	9100.861476548596	22.266787772788447	1120.2986557615923	220.1881780231366	475.73475367358355	7544.268046973793	24.22349285101692	1910.9558741415701	373.80697854562305	476.2500459795744	6154.816526510818	25.48578138097091	2623.2125706247275	507.1538484095369	472.5898712368366	1713.286699350416	14.189340988239737	5450.581214138643	737.6386423594068	468.52131260401353	5753.47918335509	4.134742801377431	3813.2629341407924	163.04813707346423	476.4697987241116
52.75	9100.895803070498	22.273127586030004	1120.3661482091431	220.17403750251586	475.6883397178696	7542.7956516761615	24.185514551811874	1912.1498167037025	374.28207168269387	476.4292979129092	6153.883458783999	25.490574729269955	2623.9067517179415	507.47839904341805	472.7083785029657	1713.2645601858735	14.190142727756895	5450.824433043891	737.3633591457688	468.56086952104226	5753.208227874647	4.143148023597462	3813.82685506879	162.74923140328679	476.59249352627285
55.25	9100.71165854826	22.247604470278695	1120.400228477511	220.17239351671375	476.14307424951636	7541.595656461812	23.55673275811666	1912.900292317773	374.5582986350068	476.4215440777197	6152.605701809914	25.16758353782914	2624.9717588696963	507.85143374331926	473.0194854234894	1713.3443587742959	14.190508909435017	5450.97527319245	737.1364940897244	468.60520713640796	5753.031803543326	4.144310788607776	3814.441818031502	162.43964430342825	476.5834382032798
57.75	9100.523663157428	22.221899529740426	1120.3970104034242	220.1791216583695	476.28711571637206	7542.998955403471	22.722387563396815	1911.837568875347	374.16746800932975	476.3515770368496	6153.948494573405	24.069119988904728	2623.9876207756192	507.53169510221704	472.8417904766634	1713.3908316179507	14.18049358859477	5451.137995101359	736.8803280249615	469.0103390379436	5752.713228882625	4.130649056755394	3815.2786669446705	162.00332779655488	476.92580062288846
60.25	9100.396409492972	22.22077381796474	1120.4149865703016	220.13376295281049	476.27216080495566	7545.095206726256	22.72368818016708	1910.3270236238452	373.6379585196837	475.93806970930535	6155.92310589778	24.04495419886993	2622.367435278118	506.98586168643385	472.623440046266	1713.3115866305216	14.17421997771626	5451.374377172043	736.654043841486	468.86592877009264	5752.128239520783	4.108260760030295	3816.0654854789072	161.56643568301962	476.88793520946246
62.75	9100.427275097547	22.22060239197864	1120.4436242697848	220.11883435017208	476.26568891976297	7547.278189242778	23.095618473164404	1908.861645896592	373.09309631580703	475.63746294418627	6158.0911826904385	24.091536703042195	2620.703000043395	506.4031574912139	472.1677422890672	1713.4156126647274	14.172196421710886	5451.617668532532	736.4447858834277	469.10641048345883	5751.782590196638	4.09809294598576	3816.6701368353356	161.25211924127228	476.83965781961933
65.25	9100.43475353138	22.223515381857123	1120.3479222059386	220.1610071208101	476.2870681267281	7547.094866916877	23.694823984158546	1908.9819040472726	373.15227914810396	475.62913383816823	6160.231114023821	24.285328534815037	2619.111985013825	505.8813648784813	471.96736961183404	1713.4565049655475	14.158602877112859	5451.855235173704	736.1722136935067	469.1488824511424	5751.77592891805	4.0900275129706	3816.9803590673696	161.09010272551063	476.81273839933795
67.75	9100.53691083121	22.22373954158301	1120.3169936401966	220.14889600958614	476.3948016002443	7547.2530817786	23.364953490663027	1908.735919853182	373.0791974580461	475.6106407207556	6161.319177787806	24.6055430587527	2618.2295292377603	505.60372007564257	471.80932019561277	1713.5259583192487	14.154247410673497	5452.041782184255	735.9582027210878	469.23198559754803	5751.605178976436	4.078081683439026	3817.109002921042	160.9916959040119	476.8518094914571
70.25	9100.655716634805	22.207462946767546	1120.3084279252705	220.1570666818543	476.58565415303264	7547.584042180082	23.44544266128799	1908.4209009289846	373.006288449259	475.52476958466815	6162.319458081514	24.615588820290043	2617.6014606614085	505.3848124885637	471.5693934234789	1713.7095611884229	14.13977701544888	5452.177046795151	735.7054650398532	469.2790279228283	5751.590373013475	4.07635781264664	3817.374121801963	160.90157280157766	476.7162881877907
72.75	9100.775735987712	22.200353633998677	1120.229117175894	220.14260276075302	476.5867643648034	7548.034478013857	23.538558360727297	1908.1318526065716	372.901790955295	475.5442009590061	6163.131578209957	24.85641225336888	2616.8264569483654	505.1762608218844	471.46047750930916	1713.734806673785	14.135213789786583	5452.366800947315	735.4420091294695	469.11949218615257	5751.684908637749	4.080254376232489	3817.3212298793064	160.89777447295168	476.72017947737214
75.25	9100.833822701476	22.20439938861879	1120.1830383798697	220.17397019238118	476.55536637388735	7547.976282400399	23.712080549832436	1908.3139951725263	372.97565992655854	475.68708514228234	6162.672300082545	25.383699624858245	2617.1787710361255	505.29160876018483	471.43861995907355	1713.8202672684454	14.135319600036985	5452.5278190555	735.1534847353821	469.3424030891793	5751.680027037742	4.086762671976948	3817.406591202517	160.86498217208535	476.77821163828503
77.75	9100.577138372513	22.21711534775893	1120.0680374679466	220.15237259414198	476.4763863121873	7547.661740864514	23.67505231776573	1908.5402374418159	373.0843284452824	475.66437083283427	6161.761774195182	25.430253437038466	2617.6726064921463	505.509285332412	471.30771180450114	1713.883793506288	14.13438011764499	5452.652289687531	734.8853752871322	469.2495672769519	5751.8207140660115	4.091195536587881	3817.2901102916135	160.85400975499462	476.7311068328405
80.25	9100.659863424336	22.211041034044534	1120.048670146973	220.16233086403028	476.4804742751415	7547.596228469484	23.67133591795687	1908.6416802450403	373.15386519852285	475.712862782533	6160.8553351671035	25.413950442476633	2618.3658857459545	505.75590341138474	471.6369906156001	1713.8599056571147	14.127384154671976	5452.825102011023	734.6521464900309	469.31191345237306	5751.789307553218	4.097398479376764	3817.3518180045685	160.79348076681364	476.7918193658108
82.75	9100.674413326908	22.200760803961646	1119.9990116608742	220.19140417955327	476.5704956794167	7547.2029779594795	23.701835441522903	1908.9754005155426	373.2791060833605	475.9112530098	6159.952204323133	25.396678487286117	2618.932783060859	506.00614312590966	471.60482767893666	1713.9730516410784	14.130440984528317	5452.921927786213	734.3824808074424	469.1856206593081	5751.7279370911365	4.101851895537048	3817.564292119113	160.6688934697613	476.9300195405143
85.25	9100.555045829788	22.209035607042473	1120.010550880823	220.17619797031418	476.40639483174243	7546.863537258476	23.611487440023883	1909.1262900059294	373.3501440483647	475.87428858430627	6158.928381370322	25.41902070592424	2619.4912297043197	506.2233523387696	471.83352165115264	1713.8571553247423	14.120536967271097	5453.086056476269	734.0988254545127	469.1713484647478	5751.450478849506	4.101650941718408	3817.9900808485663	160.44600812760217	476.88488069781135
87.75	9100.634797417417	22.214243338936182	1119.9891630476357	220.19918353809365	476.41462786382135	7546.561311479356	23.658773919797973	1909.2813121883805	373.43825877821325	475.92649639694497	6158.051593785908	25.401189253417193	2620.040624685789	506.4616328620149	471.8050390658812	1713.810734709183	14.11695997075033	5453.19406752997	733.8371155899479	469.2552752975768	5751.396947171677	4.105122185005888	3818.273063774371	160.34603771568152	476.90388486969806
90.25	9100.73717703762	22.216048701867738	1119.9991694649468	220.1668387272514	476.44068176300516	7546.13235824066	23.647030766055813	1909.4771875676383	373.4864251923329	475.9941422739195	6157.229603629195	25.394288430358458	2620.6155725907274	506.68335072633636	472.04695528672096	1713.7106233446057	14.122838746147696	5453.427450467	733.6017731157306	469.27663309120067	5751.20385189984	4.1074396006374	3818.5032077634314	160.24279417640196	476.8555743318038
92.75	9100.781194220732	22.208258275145443	1119.938785368558	220.1839362436755	476.61153645042805	7545.577579783721	23.648378955773893	1909.669501862611	373.55062245262314	476.0306566395676	6156.564936238397	25.384767491379474	2621.134737458016	506.88539463603246	472.08259086421594	1713.716266634852	14.11744741693617	5453.617310030109	733.3833852313621	469.2402290386875	5751.188855642482	4.102818139691962	3818.685736702404	160.13223825902605	477.10971756911243
95.25	9100.671169531392	22.20239883564952	1120.0331455664025	220.21710717712324	476.7222524494593	7545.41334135755	23.631613337331846	1909.7407282496197	373.58582989967346	476.1650934806127	6155.756192029572	25.376794743291555	2621.77516504392	507.05835023561286	472.2205417145778	1713.7264319282265	14.116530534592714	5453.854349190087	733.1394852201923	469.25917197786805	5751.056182452829	4.101122330573654	3819.1442258228403	159.9017055326634	477.10342137389574
97.75	9100.763453089568	22.20381475547714	1120.0829806823451	220.21964709051628	476.63076544967697	7545.101578105274	23.703284988164825	1909.9528955424048	373.6890436490725	476.07158949062625	6155.083663050922	25.357039701669528	2622.248152456534	507.2646379948541	472.2500871917518	1713.9910651403518	14.125962834261172	5453.979956604137	732.8948770472615	469.4892844557872	5750.855653977912	4.105510689154348	3819.600310071203	159.70712053928617	477.16027528128166
100.25	9100.726034854144	22.20471572668277	1120.109678664227	220.2016602164686	476.6121657839305	7544.90891500331	23.747245749231062	1910.236442836072	373.7804002529222	476.1947555882211	6154.358770179939	25.32229324721908	2622.7777977135397	507.45349373259313	472.42400915059017	1713.9420748856614	14.133744566357967	5454.1260508538835	732.6675920992266	469.66867902674306	5750.654201269855	4.102192235608123	3820.1260977497004	159.50859749700376	477.0908589725865
102.75	9100.735610785467	22.19658737758883	1120.255398261817	220.23641944423412	476.73376590846885	7544.299318413048	23.82809742850128	1910.6818920968312	373.972409388376	476.2199172895252	6153.636094933802	25.282326040816585	2623.1902254412416	507.599902363456	472.46625757659365	1714.069718905116	14.134108592520676	5454.345442747458	732.4377432340543	469.8364897939164	5750.828801295256	4.100396163048625	3820.2136422121125	159.45456311368122	477.0202561577111
105.25	9100.692147576308	22.188875574031776	1120.2627548834969	220.24179729400328	476.735889358012	7543.515053544962	23.788645621141555	1911.0721624500427	374.11271512084977	476.1217344871417	6153.029811220952	24.91625892909661	2623.5977486173706	507.7737482739276	472.8341226707002	1714.0616015346518	14.12771913978031	5454.5544939752635	732.2160230083846	469.9538503882767	5750.80233922267	4.100822654759854	3820.1763611199267	159.42137802753035	477.0486877291352
107.75	9100.734480829	22.184138155006348	1120.2394547941576	220.23500361764673	476.89443131232474	7543.157691639765	23.50162656534439	1911.4355308738373	374.19742852483216	476.2779322748053	6154.205048386464	24.226646356907832	2622.4030087225015	507.3973380076947	472.6944694547947	1714.0062777104758	14.116020579234796	5454.770740797708	731.9980215960359	470.1365892170507	5750.499986044093	4.095283056019784	3820.9230368135477	159.02506329073466	477.7413812680384
110.25	9100.752747272087	22.187165903983452	1120.193292255284	220.27543606392794	476.75853829838934	7544.125691432517	23.11270789032933	1910.6928002170341	373.9514680192218	476.19859954497156	6155.484822891244	24.48476773356377	2621.535086795631	507.10036474976926	472.7759277626178	1714.2157973503536	14.10730529765524	5455.014589131934	731.733172918462	470.0158821263456	5749.821245871176	4.091123182454844	3822.053800912559	158.4451983102752	477.53434332438087
112.75	9100.725615276478	22.187204724581186	1120.1890569676532	220.2779498658576	476.7197195788915	7544.875852992197	23.305474756432165	1910.1247782508822	373.73087317479644	476.1967937240585	6156.529472038288	24.408229064461338	2620.650593292017	506.7830335199485	472.6859358874758	1714.0852289026666	14.098012644414277	5455.257228902392	731.5004298337268	470.0982957968294	5749.527459065431	4.087162941206688	3822.7065506324448	158.06839692232896	477.57034720756326
115.25	9100.861080138642	22.18747310493774	1120.2065081864866	220.29403150726367	476.75335337739375	7545.572346669088	23.305707611680614	1909.7370160942635	373.5792874622158	476.0671933021625	6157.926074113392	24.412370484073378	2619.698967189197	506.46720156568307	472.69572303763385	1713.9374520366914	14.094428387165888	5455.472041909464	731.29891068561	469.8984961570846	5749.450522062986	4.07076169574249	3823.1862864986842	157.8094959045532	477.4381308792581
117.75	9100.900761453448	22.18893077389906	1120.197872909366	220.27311958060065	476.7611257161152	7546.223173363004	23.30175721205128	1909.2250523914518	373.46013810794113	475.93587640781783	6159.235286921723	24.431692578462588	2618.739928012907	506.1822445635851	472.3956874943474	1713.8016169905345	14.092805964593047	5455.71891825956	731.0257413912611	469.798393902541	5749.321843425399	4.060945863876485	3823.3492122716216	157.70409226337827	477.46379387858855
120.25	9100.808151977666	22.187887984805393	1120.2601002860808	220.27375808199693	476.67332978859264	7546.900348046044	23.278300732656707	1908.6449327067894	373.30880901500996	475.95678432308114	6160.477911584116	24.45750397606321	2617.9593162423075	505.88114440484685	472.31532412791074	1713.7493797987645	14.089269281288054	5455.9775864112835	730.8134213993943	469.9022308842319	5749.300509856614	4.055556417805519	3823.575179835977	157.59331042996288	477.4854616986355
122.75	9100.62910494604	22.198330617224162	1120.1738854944786	220.26260302733178	476.5373660674337	7547.414705464203	23.360822650528007	1908.2670185232819	373.16250046320846	475.91774904684974	6161.503869596224	24.448918626577758	2617.150693641893	505.5716663673454	472.26241160766875	1713.6216464146337	14.086211716188156	5456.087285985419	730.5836431448839	469.84879727228775	5749.130284483238	4.052429706424116	3823.779882939506	157.52029618338088	477.5943063022648
125.25	9100.515704151945	22.190364492512728	1120.1581195275646	220.26213675761798	476.69412627325767	7547.8160659954165	23.497022405496153	1908.0154210723792	373.1058453293973	475.96384368657755	6162.669900962402	24.701160058915033	2616.391194978396	505.2969425690054	472.1982193393863	1713.7334440246873	14.074305441494428	5456.355103301015	730.3287946349221	469.901687954452	5748.651999086114	4.048319017893517	3824.352940065225	157.25791511141387	477.7501451997877
127.75	9100.472634440797	22.19081060566721	1120.0557627522305	220.2015456337898	476.7701136077119	7547.406487316163	23.62315910373719	1908.1454110436803	373.18558703244463	476.14701851538297	6162.514167384438	25.301184874343836	2616.641345133445	505.3527465758883	472.2375223639453	1713.836059368378	14.07153563702693	5456.507201042311	730.0810754732726	469.9900973649678	5748.34845073245	4.046951736420118	3824.969178987515	156.91606604790002	477.8700916702026
130.25	9100.662199846685	22.18621538650171	1120.1060516402827	220.1656657550784	476.8031158590897	7547.321505434401	23.5219503994764	1908.2142456051965	373.16988509447816	476.2104868151396	6161.731454544405	25.35667069678938	2617.3104475413274	505.5790915892025	472.1882502208539	1714.1795540897037	14.061290284346244	5456.685725529526	729.8402338844459	470.0306041546516	5748.253278130004	4.0543551626652805	3825.448399996134	156.66275301044803	477.74998292767265
132.75	9100.789970114241	22.189176689907445	1120.1966556111845	220.11756548603654	476.72709521523444	7547.1538650793345	23.55178845329001	1908.2164791767318	373.18344816762414	476.38160023671924	6160.851990405963	25.347035114024173	2617.968338127088	505.82811020513594	472.2578039733654	1714.1203640608808	14.060112215364999	5456.72779324846	729.5887489838044	469.8269651368002	5748.247160794146	4.053437908952102	3825.5675151108467	156.58413046084723	477.7540629853334
135.25	9100.944618151862	22.187177833094577	1120.1719055739295	220.11231617064624	476.84844397585624	7547.097923092587	23.50838541375221	1908.2865338812258	373.19760166502044	476.50471093105114	6160.140304478893	25.353984433449803	2618.526377562786	506.0968316295677	472.2921604382068	1714.1126926404456	14.05920076865775	5456.89551126213	729.3781940953502	469.9845636515985	5748.179683906022	4.0477222480634145	3825.9303850506344	156.4184593815033	477.86412361002823
137.75	9100.978216552263	22.183351241546706	1120.121499152785	220.07923143087837	476.8364712285099	7547.099600932114	23.414543387585965	1908.149703945919	373.14152187580567	476.673444138636	6159.094986216571	25.365583789321768	2619.06546343039	506.3711976527124	472.28860308372174	1714.1425171356984	14.058677069993134	5457.0465420601195	729.1610208930775	469.89765441508206	5748.095479631249	4.047218274903704	3826.372317742262	156.21206112501946	477.82531327420855
140.25	9100.839556525594	22.17766177399521	1120.073194007122	220.07066361544395	476.9559299212572	7547.43371541983	23.617467630951882	1908.0080562507187	373.0690307689098	476.4086150851618	6158.224112960784	25.307214619794074	2619.6410516337514	506.5918504629494	472.6578729846223	1714.3122266406504	14.054914833781806	5457.24414974421	728.9050069827017	469.7669449364172	5748.100086994934	4.049908438320018	3826.640815601137	156.05584042230777	477.84869816691156
142.75	9100.912007509321	22.174781045638642	1119.983329481932	220.08887219246668	476.9568167835794	7546.338619404926	24.083041115540517	1908.7623999252603	373.34821971415954	476.4720872552227	6157.628185195664	25.22167233741886	2620.061143518039	506.7959740598346	472.91408254660973	1714.5217655204967	14.057271728082307	5457.4043980773695	728.6914950892954	469.88311517447033	5747.927508304442	4.047665425629987	3826.9629088414445	155.88566029834746	477.90114241114475
145.25	9100.841490587176	22.179056164730277	1119.9854732912736	220.09566323131196	476.87673905296543	7545.016677948094	23.630640932739134	1909.801528743872	373.7389370482265	476.8125441427014	6156.939709205746	24.870408001200786	2620.445445234753	506.93032331587204	472.9938202890173	1714.5959245548768	14.049887960927423	5457.573535137553	728.4912809454994	469.8598008284572	5747.771257491394	4.044861994582196	3827.2343828050434	155.72792355048924	477.9079201043193
147.75	9100.880744031763	22.165558302935704	1120.0325811874488	220.11901527377984	477.02374506867955	7546.423200806942	22.834427952902697	1908.8739027318707	373.4052524561222	476.65468972457904	6158.52948103671	24.074755280741936	2619.3257291596915	506.54855087810586	472.7121102684787	1714.5878422125109	14.04799188341385	5457.760622284437	728.2902406646161	470.12564910180396	5747.48861281351	4.032770366035756	3827.950149948655	155.37030306252078	478.42409530237853
150.25	9100.970982122206	22.160764022435213	1120.0343940631149	220.11902749192322	477.055884328744	7547.472012129742	23.211326162944307	1908.0925054363781	373.1368855826426	476.81290240039937	6160.637942131863	24.141301988579567	2617.8447817229817	506.03948070626893	472.33401728875697	1714.6033225855447	14.045425192242618	5457.99224758359	728.1064767184646	470.3895746086908	5747.31026015684	4.017282063665656	3828.589434467797	155.0393525881515	478.06438057563963
152.75	9101.033608890857	22.154015284052466	1120.0019409317374	220.12004492781617	477.1808393751482	7547.906744241488	23.44390454522229	1907.7862730098188	373.06491335640726	476.8541119355125	6162.478738860909	24.592830317254833	2616.5805185250892	505.6231751870422	472.118793332588	1714.5524270245398	14.031229554200888	5458.100197769762	727.8735528755146	470.32313663434303	5747.083960716991	4.013363901091543	3828.6523186641925	154.97722095712533	478.00854345924427
155.25	9101.035014301178	22.147440013263534	1119.9721470394709	220.12405200379777	477.20499401546124	7547.736563763784	23.509590191473727	1907.833321380437	373.0499017089773	476.97274150697825	6162.165008850749	25.37674120734065	2616.776220897942	505.75039274067706	472.0972887257378	1714.6272993392895	14.033270996504141	5458.210957607573	727.6996023545125	470.5184987316956	5747.211972322566	4.018121351823958	3828.6124563163526	154.97681344942035	477.95458915390776
157.75	9101.032559855383	22.14556559900669	1119.9380827284813	220.10815881990425	477.3863014336289	7547.699635950355	23.44346762699285	1907.8244450483653	373.0361622137568	476.8694831031487	6161.3262520545595	25.38945131469151	2617.439147435548	505.9942896120517	472.3927615157375	1714.5663934957552	14.03087943988604	5458.348319303322	727.4864145306879	470.2963455389898	5747.531994510812	4.021778900078976	3828.4824014107285	155.04313588114528	477.97024046761095
160.25	9101.03499816094	22.135520341484195	1119.9424015184413	220.12511607291574	477.54988037837165	7547.76844401906	23.45533167438531	1907.8233526712422	373.0567764697969	477.0303178967798	6160.5612298358155	25.356726303828502	2618.138895393583	506.2653530801022	472.67355176814675	1714.6461004219316	14.032021141090251	5458.491561208426	727.3178955533127	470.28177806657794	5747.376712946404	4.022762533157006	3828.671262143195	154.94542660201293	477.94624871675813
162.75	9100.97985610565	22.119177892475577	1119.9550062354028	220.13425087787294	477.74571019549126	7547.976204715243	23.377483651528415	1907.8455899369183	373.05294242127707	477.1062170461692	6159.546859181078	25.34104775099808	2618.751176189069	506.5122323407142	472.89460692915344	1714.7113436855418	14.03827164953063	5458.718224329166	727.1401468788595	470.3964814185524	5747.396288701489	4.024785864271478	3828.7197148156465	154.9476657638345	477.99187638273355
165.25	9101.069574593268	22.117114013695424	1119.9084918531837	220.14048371293006	477.6849690751304	7548.275760706088	23.223082419437244	1907.6182320869616	372.97235129073806	477.03865528670843	6158.76841721047	25.267490636100902	2619.3665612460513	506.78106074621513	473.21937893513575	1714.7792753530737	14.03892690506273	5458.890730473176	726.9410682554662	470.5196452315045	5747.523334906048	4.026280253902655	3828.7009190346876	154.94698034388344	478.0890101054177
167.75	9101.063226846141	22.12305651179354	1119.8949751929247	220.11440519435874	477.6321988622583	7548.9497718587745	23.054123649692436	1907.1671329501507	372.79629805064417	477.07379564100364	6158.395386164191	24.88344621028941	2619.7817307594833	506.927566210929	473.4869582380231	1714.635456825034	14.031627851754552	5459.054262514286	726.730428427568	470.5334184502273	5747.53495232113	4.026223925035261	3828.851138819984	154.82597295641136	478.08704820200506
170.25	9101.073645941024	22.11544113270489	1119.8957817781204	220.11973211358125	477.7034943147946	7550.102602432962	23.344691884320284	1906.2296546069392	372.45887056712803	476.7726884100773	6159.350684375267	24.479067040510817	2618.991308779149	506.64099061151893	473.3610082331114	1714.7284390487675	14.028931576025453	5459.204025188692	726.5151290474766	470.4475801958158	5747.519633263202	4.013986620135211	3829.022226865528	154.74427697508807	478.17533713580235
172.75	9100.912509219072	22.11316883459526	1119.9293734313737	220.11780573432043	477.64957054468965	7549.006311017831	23.851718355033903	1907.2197947853012	372.81899010500837	477.1393667527277	6159.668621750519	24.925682792906926	2618.677941706727	506.5194318006341	473.1294701293182	1714.6321412591074	14.02495211643367	5459.367158673814	726.3278123560123	470.4748204813393	5747.285112962807	4.015901545486837	3829.1983221943474	154.63584427353177	478.0104186711214
175.25	9100.884172343849	22.120215436443264	1119.953443085976	220.106043535733	477.62230133572797	7549.312490318727	23.207083604485927	1907.0415425301067	372.7179564125933	477.08879710309384	6159.900624775732	24.98603687324062	2618.570972296562	506.47522969669063	473.11234826002334	1714.717145188958	14.019981674779594	5459.504825838118	726.08571465275	470.5149810930143	5747.347600547728	4.011572124048665	3829.0013844804057	154.71841971604022	478.0082022238561
177.75	9101.042956043671	22.127361587839893	1120.032640058706	220.0903507678487	477.5305649783622	7549.358921992823	23.569989214549697	1907.0564455318254	372.72487031875056	476.8910025310977	6159.521968095324	25.15827866839157	2618.7522616181145	506.5389242819488	473.0832345372753	1714.5317514852081	14.010461962031707	5459.668657125652	725.8239115307241	470.3188928092835	5747.4249522549335	4.017251486894537	3828.878886846976	154.81511391547576	478.0032488058872
180.25	9101.14406955816	22.130744770475545	1120.009919720135	220.09937627936557	477.42637120403293	7548.766808673808	23.534716644032013	1907.5393303258568	372.8669592466034	477.0137448719463	6158.914456262549	25.162032110388886	2619.14187619058	506.69241068212733	473.1561641108458	1714.5801637328902	14.004330821468901	5459.867721179219	725.6097852601525	470.23082802067194	5747.289779923695	4.022689993129209	3829.0141201478564	154.76416915190163	478.12992369154557
182.75	9101.169873314975	22.14423142164012	1120.0336640955477	220.10564723860423	477.3130376430532	7549.048806992839	23.323192395216868	1907.2921092989072	372.78864956360064	476.87763739497615	6158.6718030673355	25.088333196868565	2619.4126428689897	506.824135724418	473.1463094878977	1714.5615917445573	14.001562752925144	5460.052835723033	725.399718791261	470.38175722034987	5747.1907766236445	4.027609112137572	3829.192280295588	154.65419332587777	478.0062905037311
185.25	9100.950757775216	22.155351717438293	1120.0295955822573	220.06554675452145	477.137538813313	7548.660813593582	23.538689533268904	1907.4191778069041	372.88872631744584	476.9852702194384	6158.170486817769	24.978692362571422	2619.5576838758384	506.90169923425555	473.3660817511476	1714.5702824024495	13.996483737785843	5460.232532457642	725.1800646303932	470.44708469759036	5747.116761785019	4.026558649891243	3829.2035182578743	154.6123092786203	478.1753806922584
187.75	9100.896136965544	22.164118536616837	1120.1261318155823	220.05410193651693	477.12225770341024	7548.690660162068	23.46533201661436	1907.400078015285	372.8633006137259	476.94382977107796	6158.594551874619	24.711629137407485	2619.30596024282	506.75018690118645	473.33993671604134	1714.508504416392	13.992833354092616	5460.371329300427	724.9756152565269	470.5780458687575	5746.780264610303	4.031348358117314	3829.5611885131457	154.44570051488807	478.34155459201526
190.25	9100.873078829583	22.16892825359821	1120.088305289117	220.0625659533332	476.98697685249124	7548.3866760436995	23.708129273223168	1907.7388361712283	372.977093148234	476.7758507186659	6158.901550781267	24.766547713304607	2619.002286493573	506.6235726745802	473.0534462405845	1714.5868249161845	13.987351754508255	5460.553735590607	724.7823707432292	470.6016451493002	5746.649637243071	4.02707436751269	3830.077534027834	154.1545595193391	478.39801252912366
192.75	9100.742588705578	22.172014555969714	1120.072340734647	220.10084126312464	476.9444705781548	7547.823557300617	23.703630259870263	1908.2533840228584	373.13961045447115	476.7701501069666	6159.305118717024	24.772253228982457	2618.6980151901907	506.54475891705385	473.1386846491032	1714.676002150097	13.987994070661102	5460.715456359368	724.5896244819	470.5596832210344	5746.5096813466735	4.024183642600883	3830.478111744873	153.9576567912144	478.4269240936192
195.25	9100.697496501143	22.179502467624005	1120.0938936178934	220.1166221678161	476.9160213154792	7547.452615229705	23.542482963037152	1908.5510021456405	373.2686446464677	476.92955724981664	6159.837379575377	24.80681746282601	2618.4991697416635	506.4591843018953	473.07615891066837	1714.6205294015524	13.976922256794595	5460.900217748236	724.4260665585742	470.483918561791	5746.1004591982455	4.017435227114886	3830.9538759024035	153.7504405092895	478.4872344785762
197.75	9100.732457115926	22.17705078219252	1120.1281886182637	220.09644891552708	476.96000368533845	7547.574408305289	23.35915599529349	1908.4387896023436	373.20702587799036	476.8528034449126	6160.1186921475655	24.861770954740525	2618.3337409091105	506.4262564173816	473.15473783400694	1714.5963384144293	13.972773751127495	5461.073529762537	724.218514951362	470.37850866162694	5745.885179416296	4.011340095128913	3831.1605597900357	153.60898371928658	478.39631169833126
200.25	9100.813182871434	22.184231714283065	1120.1813160845413	220.10533898775995	476.85638107775185	7547.729902316545	23.393156255418877	1908.3361935112919	373.1536355279461	476.97374067986294	6160.286265174	24.844760102543336	2618.1783552035904	506.40039043514116	473.30757813921394	1714.564673856441	13.976623606400208	5461.270212976301	724.0138560352642	470.48249919878174	5745.720041947569	4.013288957578962	3831.564826897978	153.37575611222744	478.6592787884911
202.75	9100.752718298203	22.182758819756717	1120.1859973895744	220.07453955314892	476.7995477345299	7548.121021711788	23.354284392196593	1908.1205006083555	373.0833494541471	477.0046405581451	6160.23871250543	24.77135472657293	2618.0952925646834	506.3934549055563	473.474597617013	1714.5133401136904	13.969314966127003	5461.434241179828	723.8042688167096	470.6615126571992	5745.467197651703	4.014862829913345	3832.117671092197	153.11709121859028	478.5762747947638
205.25	9100.85151595794	22.165894103872443	1120.2556690380611	220.0563475400017	477.09561380211244	7548.196170692045	23.330072004138863	1908.0675136307261	373.06262755328333	477.1919414158687	6160.7321309081235	24.600724139563408	2617.732142854612	506.26620468672326	473.39462407727996	1714.4596946577753	13.969015065902422	5461.6102317195555	723.5920877525327	470.4942050241336	5745.539413613925	4.0028213289219465	3832.2631876887363	153.03516826668064	478.5499502836081
207.75	9100.806402470722	22.157483653622787	1120.2239921122782	220.07668840160983	477.04541642114646	7548.812129761147	23.168693387068764	1907.7160210628608	372.8918502918694	477.11879031287475	6161.514977857319	24.576022548786238	2617.1602874946866	506.061674290422	473.5163834459509	1714.538708286527	13.964000284817395	5461.772527532885	723.3821967908061	470.42331323984405	5745.2583815041835	3.9971068440268462	3832.4330389046877	152.9293758117644	478.5784151822176
210.25	9101.018332505537	22.167956238133772	1120.2220754017994	220.047036006487	477.0455193566178	7549.367476427296	23.267717116231967	1907.3854987099187	372.75167561648254	477.0354877637416	6162.304805357898	24.757744691653134	2616.7791559055327	505.85994477216525	473.39681873715733	1714.7195169737843	13.954361926895105	5461.870182152555	723.2013703008038	470.56778090735844	5744.918080530888	3.997234810349328	3832.7647391948794	152.76107960590326	478.60278682778755
212.75	9101.01219018265	22.16486285071313	1120.2182655309625	220.04281647820562	476.99772273481625	7549.483411111766	23.504991308052173	1907.2402121137306	372.684015998428	476.89646533311526	6162.385246649959	24.993969908837425	2616.806350866842	505.8909919811005	473.4347987466761	1714.8504774671649	13.955549198596591	5462.0254398706265	722.9963472775761	470.65687888389766	5744.7221819689485	3.9952760332909385	3833.1848507911486	152.59687813921107	478.655017666411
215.25	9100.96656174551	22.170569433355343	1120.1990504762914	220.02403921744306	476.956490106019	7548.610834436035	23.693026523517883	1907.664382394728	372.8418295376841	476.94971772887226	6162.132888265733	24.960638620761898	2616.9965751335485	506.0041178182627	473.3958724163431	1714.818111301817	13.953235029894511	5462.11037846156	722.7952880493762	470.7086339457592	5744.742908308134	3.994328506846998	3833.217192690595	152.53726990010315	478.43405364831034
217.75	9100.982601989688	22.181093547188212	1120.1475374556826	219.93583719587852	476.930032004212	7548.204886095442	23.49856070121795	1907.968473720452	372.9404814253741	477.16094239950826	6162.353351902814	24.848033915865425	2616.8918520472926	506.0320106732308	473.1965175489662	1714.8301704891492	13.94863402964816	5462.164835751767	722.5802426016552	470.72097448869926	5744.8287160365735	3.996547658290954	3833.205442264392	152.56447933469352	478.6638652051767
220.25	9101.057844944988	22.179936345835394	1120.1493322021204	219.9343465005438	476.79408548311085	7548.207852731575	23.40997638833914	1907.918089558459	372.95011498550275	477.3504069971178	6162.530373974233	24.845079166882392	2616.7508680001056	505.98713083532124	473.08474219418827	1714.8746247288727	13.944440344055673	5462.260607898982	722.3729990829307	470.9651253024826	5744.681743768503	4.000440386976318	3833.444343806894	152.47145848689956	478.6692836423717
222.75	9101.032060461735	22.1741603922908	1120.172716186318	219.90392092664263	476.9675615001373	7548.254736481584	23.397216455149756	1907.829086005383	372.9414860688066	477.400659858974	6162.7235991887665	24.83786864589193	2616.698060522874	505.94042966018645	473.09151424421316	1714.9441809254997	13.937396673771772	5462.4608111390835	722.1464841447727	471.13741884905403	5744.377221141807	3.9963446592641625	3833.7258578385618	152.33772865242364	478.64562386805557
225.25	9100.963385407476	22.17583242854695	1120.1579219319658	219.93449907586552	476.8923154471748	7548.413264797618	23.410603236100513	1907.8595270766714	372.9599839310797	477.4151735293097	6162.935748892285	24.854863864333584	2616.6197910278993	505.9035478627949	473.0632429157961	1715.067275873251	13.941678242659052	5462.5087785592805	721.9386362084358	471.24815246738626	5744.427908905835	3.991368487371145	3833.964445736136	152.25188980534466	478.59657980579857
227.75	9100.944425650634	22.183909464957413	1120.096925108347	219.9116352265141	476.723330266517	7548.426798897514	23.495059977721738	1907.9129544228247	372.98144515883655	477.2124061668994	6163.108077622646	24.91631856688519	2616.5769147697392	505.91206045030754	473.0191401226813	1715.1152856370786	13.937018631138228	5462.603503314107	721.7428394424145	471.22098977316944	5744.582546920033	3.987633163645493	3833.9781181600656	152.22999715274537	478.61079575230997
230.25	9100.795704598271	22.189226031624408	1120.0351995522308	219.9531025658901	476.74438680744134	7548.379594057209	23.493713503928095	1908.1189438936924	373.0642774749587	477.37504830130825	6162.9995268855155	24.9329947974716	2616.605440808639	505.933198843507	473.13626924256664	1715.245965488123	13.928185580240388	5462.72511246159	721.5642224885644	471.2239241167318	5744.558973799775	3.985515605363704	3833.7629492077713	152.26171953975438	478.61714558883614
232.75	9100.945301805263	22.18226907696911	1120.0241801348202	219.95129641068294	476.78892962446275	7548.534010349992	23.431822521299974	1908.084727962423	373.0326995482352	477.06945641240924	6162.874033743824	24.93906810590796	2616.6514407049576	505.9348624410191	473.1914752097879	1715.4183959493882	13.924649944336455	5462.863550697	721.3613499009789	471.286241425577	5744.504654345459	3.9860204476207444	3833.7086701486273	152.32533403595488	478.6130414309032
235.25	9100.949232613331	22.18585673502001	1119.9330601024349	219.94608771512696	476.7681672595672	7548.311225691377	23.510490727301395	1908.2422815155244	373.1234091207534	476.9559519117224	6162.636096201757	24.998126212799495	2616.933332691267	505.9920543989539	473.37033950635765	1715.626806905399	13.92427380048704	5463.072157036928	721.18302493066	471.0221762441037	5744.166780158004	3.9844723820047157	3833.890790828414	152.23057025625212	478.576838234302
237.75	9100.963455258538	22.181292596810135	1119.924540483832	219.94914830590164	476.87896784557336	7548.336875024822	23.628352521859593	1908.0489822260065	373.1067185816778	476.81377712058554	6162.4097063000645	24.79400104970432	2617.1575697905223	506.06613177650496	473.612735974982	1715.6337590695857	13.923550661630253	5463.193231236275	721.0440421522071	471.09662513170906	5744.238657397036	3.9852901771932534	3833.875625638312	152.23791226209187	478.6580594290701
240.25	9101.019090563004	22.170399568934858	1119.9226689599504	219.94551035820047	476.9375051923081	7546.886682963257	24.03261055570611	1908.950706271069	373.48738140004656	476.86668722149807	6161.798990627423	25.25250984377313	2617.552475947984	506.2132186960467	473.5254164087144	1715.7368757387576	13.917567279442244	5463.415533004732	720.879815095716	471.1798480772663	5744.064935293157	3.9935033991297995	3834.0728806566276	152.1266117599243	478.753156779509
242.75	9100.870407721959	22.178667976600458	1119.8569873308381	219.94277839470465	476.8941565837364	7546.113637608961	23.407111161653425	1909.567953246584	373.7368529225354	477.0260149064964	6160.849270091095	25.247066489700128	2618.231232878043	506.48599602827335	473.8632993740256	1715.7649626012633	13.908455094424863	5463.600429500859	720.7062624806133	471.25679577687464	5743.815483830386	3.9948524720709835	3834.356483729931	151.97013966013432	478.7401887503333
245.25	9100.833380716063	22.16792038780925	1119.9932827753548	219.9278003361346	477.01444801004294	7547.396076463606	22.852562734607535	1908.5050480910334	373.35758121585394	476.8451862968057	6160.035983860744	25.22298749096861	2618.98480376254	506.7446380621881	473.9465385312508	1715.7345880484036	13.910745258420794	5463.701031265907	720.5557992817515	470.984643538275	5743.9771358733415	3.990733208309705	3833.9464747607612	152.22294521611275	478.1784484322171
247.75	9100.864263375937	22.172161690848274	1119.955440193539	219.94630774245718	476.93786340853876	7548.061329340476	23.217502394766427	1907.9694800066761	373.1409259578811	476.7565895447551	6159.120687853945	25.21636847572946	2619.5787861714634	506.98437991251956	474.09422010561593	1715.6390902410485	13.913902283705157	5463.801972971892	720.3829338121672	471.0454882633169	5744.3583201155125	3.992887952642582	3833.1437587042524	152.6359482173512	478.277553407741
250.25	9100.863009451643	22.178231377816072	1119.943793275518	219.98120045963452	476.85943156564247	7548.630111259942	23.24492231297642	1907.4700134575194	372.9709441350168	476.5532454882103	6158.225597627039	25.206580676775374	2620.13469666312	507.17842552712375	474.20042385159246	1715.6691884735937	13.913134662698686	5463.946456165454	720.1851370128021	470.84574985255597	5744.4596335760425	3.997696384357699	3832.7527403035883	152.82404456344577	478.441857549628
252.75	9100.766643845285	22.17774061745308	1119.9629294925803	220.00141701619003	476.94759947686987	7549.355305222113	23.241861325173957	1907.1174513244675	372.8764412864829	476.64597288809284	6157.448572763593	25.23991698052256	2620.6431560268934	507.35719900228605	473.69082549330614	1715.6868888824695	13.908964225883004	5464.026111661022	720.0528840520544	470.70745520842064	5744.65244037155	4.002357645470798	3832.1432321451616	153.14280833534974	478.0822894221927
255.25	9100.873008148925	22.174758443740807	1119.9725415110688	219.99539969130538	476.91211930022797	7550.023250926782	23.236563880556464	1906.6992384272282	372.71498457323406	476.77304065126907	6156.965228627849	25.247104747258895	2621.1913997809115	507.5171009052973	473.7932932819285	1715.6093143118667	13.915928275361479	5464.099429140154	719.8801105276106	470.57644577702723	5744.960268716544	4.009582813271142	3831.422631718318	153.48466477438444	478.00922203082564
257.75	9100.75618278815	22.163946024933384	1119.881085085387	220.02730986102256	477.0038409801611	7550.590505317424	23.222401989280296	1906.3951136796725	372.5814968744076	476.96483891987714	6156.156396153048	25.265834346071188	2621.619993239629	507.6636139697304	473.5403839325768	1715.6107221631046	13.913169270588163	5464.2759831218045	719.7596374712616	470.55470579136426	5745.458671318299	4.014793325212067	3830.72253568895	153.84615376637754	477.94128498358253
260.25	9100.700885535869	22.165916316374688	1119.87854075059	220.00314973051564	477.09526846037306	7551.1445276983895	23.2242658332102	1905.9839336586087	372.4371190103717	476.8859543084946	6155.775254402927	25.25503343640521	2622.127359545791	507.8055112678148	473.7199047662709	1715.2451449593902	13.905118604991417	5464.411417490573	719.6548065319417	470.5627952721339	5745.50575821608	4.010193450786619	3830.445100028987	154.01334547690044	478.15009477168064
262.75	9100.777130516668	22.150806096010136	1119.954316017185	219.95762442011943	477.2586062114725	7551.607265255685	23.227628461537762	1905.639548431572	372.3196293964496	476.69911121138284	6155.057314541147	25.27138690255019	2622.5251085193895	507.91762643030427	473.5643127960182	1715.3421106408896	13.903444555161037	5464.529919080821	719.5367860788232	470.4687892697204	5745.767361707827	4.012882797306739	3830.4791699554657	154.0130456051179	478.31951034671005
265.25	9100.737123028039	22.1463111168712	1119.9262354860898	219.99560812556476	477.28198799022476	7551.992057511247	23.229223049603593	1905.317783914533	372.1755817136863	476.6676511552007	6154.438583614375	25.26506559286805	2622.836352791107	507.9972847605994	473.50927674114934	1715.4044363589715	13.906647592977144	5464.688372314663	719.4424576869443	470.5396540460715	5745.609329381076	4.014603462451986	3830.6540167423054	153.93345581555027	478.27755440940314
267.75	9100.656365591942	22.139486253764662	1120.048933838766	220.01415322224864	477.4295006766378	7552.324315091617	23.224953448286275	1905.0172720732755	372.0423351831215	476.840579018229	6153.897091291411	25.26366732147089	2623.2386967541083	508.1286807712466	473.62456399054514	1715.3140390373437	13.907041631747944	5464.82613691365	719.3258712970853	470.6398955463655	5745.580554869241	4.021558658580183	3830.580314028693	153.97485427443527	478.0529323993299
270.25	9100.500902318345	22.145345692492754	1120.071358074248	220.04710545448802	477.3536309917992	7552.663673740263	23.218921740102562	1904.7098353281458	371.945348902137	476.8982764941136	6153.434838960746	25.256387917116477	2623.4979396362555	508.2486916000801	473.5717453954937	1715.2321412792276	13.908869117300581	5464.99797673191	719.205570627266	470.62990797563714	5745.708003950182	4.026015896477675	3830.12918653994	154.16864309317546	477.98424447885105
272.75	9100.663398696226	22.14439044562232	1120.0456202550236	220.0034236800056	477.258258951669	7552.9277213979485	23.537738718590056	1904.3353576314685	371.83946185439544	477.0062447181207	6153.200566757917	25.272044377436536	2623.7756260375604	508.39277025097937	473.54095194430255	1714.9968673525443	13.907963641869951	5465.237678316236	719.1013634539938	470.4891715479036	5745.89954362797	4.025106089491207	3829.959178392197	154.30878529070046	478.1558631226985
275.25	9100.679630085444	22.150939787268243	1119.978642497488	220.00090174817285	477.21545095055046	7551.233703208312	24.22211284827997	1905.4486450664488	372.23589619206257	477.2164264932455	6152.788702417003	25.26473354009425	2624.062276182324	508.51805661540953	473.79307145538496	1714.962342256023	13.90670389722658	5465.4191017820895	718.9945257615361	470.46580528501363	5745.777940449338	4.016490635161355	3830.1165718870184	154.267464584113	478.30450539236784
277.75	9100.868447503337	22.166076755178572	1119.9306207713619	220.01860103674485	477.0495371156059	7549.177486984215	23.909491060608804	1906.8829357163418	372.8090075605366	477.4226182410904	6152.403654431551	25.257435338405323	2624.4007905450553	508.6285417456761	473.9658229025605	1714.8721234866616	13.901443516813917	5465.57167431955	718.8872698883207	470.48312557386424	5745.405315511322	4.011549061521151	3830.441654509293	154.06747270125837	478.3725580163685
280.25	9100.996966121673	22.16561106293568	1119.9526005810544	220.02757026410015	477.06554087316493	7548.941837996905	23.376624792909872	1906.9548901375883	372.8677040115072	477.30035452879696	6152.0078581145435	25.227253742384526	2624.7291169207806	508.77175547190876	474.08978354158813	1714.6428883697297	13.901854775918006	5465.736409361104	718.7723171852192	470.4176738413532	5745.26504033261	4.0145374856310045	3830.8920973563518	153.81435356166844	478.40743449248004
282.75	9100.898589442175	22.163203768559516	1119.9086594186886	220.01928085393467	477.04830853051783	7548.643153429395	23.66466331015671	1907.1933350387737	372.9614136526606	477.1660352306704	6151.551235604438	25.24839366040918	2625.0476282986106	508.88687778464725	473.7867884968266	1714.722376994039	13.896500501138627	5465.945712829224	718.6151571235337	470.5064128495179	5745.385025128594	4.0104938376890145	3830.6511532462805	153.92287264446176	477.9408711830372
285.25	9100.800302883941	22.159792084335592	1119.920452298466	220.03785670354978	477.1715665518805	7548.0980069775605	23.708627585243985	1907.7484912869904	373.111209860903	477.2675445359781	6151.113796282603	25.26999282144656	2625.454952743095	509.02298129289954	473.56365636648763	1714.6741452554106	13.897167424892002	5466.249426586769	718.5043549599715	470.46828420206606	5745.552852345644	4.008786025821907	3830.2760910797992	154.13511857934398	478.1417097576188
287.75	9100.71556358752	22.17001227284641	1119.8924339543614	220.05038860235226	477.0107021946901	7547.3261152095665	23.701291251863303	1908.2845420564838	373.3044066193773	477.3554536539963	6150.512557062832	25.276119083366574	2625.736913735335	509.1513945728755	473.61721247841416	1714.5654875746732	13.896571086765256	5466.376250889388	718.412563112032	470.60985755053116	5745.65303231742	4.0183146813291115	3830.0742208012534	154.24850011626586	478.0534259732953
290.25	9100.697134430826	22.16685290177623	1119.9978212304193	220.0283509466981	477.0000273806306	7546.692406458806	23.72014132317293	1908.8175635513264	373.4457666000776	477.1846368147678	6150.206438170896	25.294159901021033	2626.1283142957996	509.2698651487854	473.2740169973789	1714.328852328779	13.896803548964805	5466.567764269718	718.3139991794778	470.55543368511485	5745.662197133725	4.0254542486926	3830.0501377801156	154.30250154739755	478.2012571186374
292.75	9100.655336249201	22.179331104137205	1120.0475635691666	220.04397718473345	476.87199583812264	7545.936275329733	23.52172660105401	1909.2188722323704	373.61217153395165	477.3098727265022	6149.593358051049	25.300651094869956	2626.467458036154	509.37524046780936	473.36945557846224	1714.4893134891513	13.893654596322902	5466.803608452152	718.1910701687989	470.37938719802355	5745.421593069614	4.026467792030231	3830.322510638391	154.20212387867744	478.1930378223057
295.25	9100.80390699408	22.18248753557117	1120.0038617932898	220.05545660263522	476.7711006513696	7546.466449225272	23.117523114197645	1908.8550489169183	373.4966164879772	477.0805939400244	6149.097442119557	25.289236674050084	2626.815286737187	509.48086053509843	473.48609646135964	1714.242594344417	13.891017931432655	5466.967093349254	718.1095508585947	470.47162885711697	5745.263204991076	4.023590230343733	3830.3520840986916	154.23040896220851	478.21225787607574
297.75	9100.640770135627	22.192934919591366	1120.057050282235	220.04464553853342	476.66084760366823	7547.2350940325105	23.120816072086882	1908.3445491570305	373.24676015488694	477.12076790500635	6148.371515385234	25.278682673516176	2627.079651219461	509.6311137262869	473.5414534317029	1714.2861196434926	13.891827488606237	5467.118884459306	718.0042846331826	470.54825087240374	5745.282742422868	4.025445379323068	3830.5628646169685	154.15504544982625	478.3037518957216
300.25	9100.605107857456	22.185652150382868	1120.069292164023	220.05255618550635	476.7781436227559	7547.909488603814	23.331862923943927	1907.822270878063	373.05439350222645	477.0807483087154	6147.825499458096	25.293103203293718	2627.39433906565	509.74920246876763	473.3359002628927	1714.230639293028	13.887935734013203	5467.293713201462	717.9727100416918	470.38180833676455	5745.354635542227	4.0249325420453665	3830.5464506770186	154.18094324387323	478.073202727498
302.75	9100.648541677807	22.191711906451385	1120.1129277798482	220.05145334324214	476.7287146718497	7547.689623702434	23.709637337380112	1908.0761586272627	373.1311178334286	477.05355682677805	6147.530455572277	25.287234424590967	2627.7550402533507	509.83057000266933	473.5349623323363	1714.3686811743635	13.893899302696378	5467.516051344157	717.9166023006945	470.1793221264993	5745.177805792366	4.027078643834209	3830.5028488101148	154.23717093963438	478.1736982113745
305.25	9100.642024816576	22.184986909581156	1120.096643307926	220.04473653283253	476.8085384800423	7547.011435183014	23.722889241671627	1908.5703733974296	373.32524711891324	477.0930344064025	6147.093091094081	25.31037292075825	2628.08965130331	509.89368950246785	473.16895396322195	1714.4691816199395	13.893902343612222	5467.737264510694	717.8075108588798	470.2331726871027	5745.407988033986	4.031858502111841	3830.2626683725603	154.3353489977747	478.018466743803
307.75	9100.729663400858	22.190926140200485	1120.177052691913	220.06333725496503	476.762654099007	7546.307423199043	23.60854067478209	1909.009828862737	373.45041535286526	477.1899464254919	6146.62803434941	25.30123546403249	2628.3488472697486	509.97890962056715	473.46587098524344	1714.4493918978394	13.89752933860247	5467.966444086964	717.7429236693952	470.04340377611175	5745.495484006136	4.035315054770162	3830.072315562676	154.47703977192919	478.0294850198054
310.25	9100.633557628264	22.186490809256856	1120.2843892228427	220.0918493372699	476.8579287355969	7546.450673105495	23.37318015273394	1908.9565227832145	373.4833474072117	477.21063712506844	6146.0608437846195	25.279411190801408	2628.560070818132	510.10203304272653	473.6397962025089	1714.3511382124445	13.895626273273473	5468.199585914766	717.6677738620859	469.9010302888429	5745.331116358451	4.029507327532998	3830.0129433956163	154.51158644244387	478.1065590673693
312.75	9100.512615567359	22.179177713310764	1120.3618248727676	220.08297896181412	476.8326933332143	7546.68748408645	23.167298995026133	1908.7333445589845	373.4536193823665	476.84898507388954	6145.62120991366	25.2924644960001	2628.8100609475377	510.1501495147249	473.39970002540423	1714.3538895925446	13.889929725428035	5468.433398892229	717.5953171133267	469.8759447303215	5745.490365865185	4.031246055916554	3829.781562701617	154.5844401895892	477.9446893907377
315.25	9100.210454573813	22.182384616489102	1120.3552596593572	220.09056309820187	476.8091307470491	7548.275349282348	22.66474312996704	1907.7312205555438	373.02350788964964	476.97076266138134	6145.504576011657	25.286256625437	2629.1081906682252	510.20640900533664	473.3521621418592	1714.2344258407977	13.89425786484742	5468.702371279499	717.4920476787372	469.98950910690616	5745.544302716724	4.034787749017766	3829.8179008089924	154.57840100331362	478.2693459375393
317.75	9100.183647799773	22.18905711683415	1120.4838511849155	220.10146923364147	476.81887693591887	7550.089019855912	22.665841345335647	1906.4472577470185	372.52308159246405	476.72515698121595	6145.067694935906	25.278698858272527	2629.276823401815	510.2476071914666	473.4721424482103	1714.1440982304014	13.895161292646238	5468.962836446396	717.4388746582349	470.1395053355006	5745.438693860542	4.031970799226784	3830.1525057752433	154.4371030053706	478.2693610922493
320.25	9100.165080396126	22.170566932571433	1120.5072713444254	220.11368340558073	477.03476521944566	7551.76249718705	22.656406008804225	1905.132177353018	372.03490169014344	476.81007779177526	6144.806800452605	25.300707579907993	2629.405510577397	510.2735443843068	473.1338018953158	1714.1978158607153	13.893074666739919	5469.167626294334	717.3591462295277	470.11770618694374	5745.239661625794	4.033326051370267	3830.4455229223104	154.29039576932698	478.2495512554165
322.75	9100.083051393502	22.160629047018663	1120.4912654908424	220.11504218464674	477.1391720608052	7553.501069374048	22.655563283969922	1903.8757233354513	371.5654100419742	476.61344535218757	6144.716734176179	25.28305034052788	2629.507749774467	510.27478076361325	473.4937488020296	1713.9695470200165	13.886715131078569	5469.334668926629	717.2645481326907	470.121630745326	5744.9591088818115	4.029959185232781	3830.758476460082	154.17366722646173	478.26003098484284
325.25	9100.002084579053	22.16262001954757	1120.6049305336219	220.1271505990047	477.0492663842601	7555.224637484119	22.666368981560773	1902.6632233762448	371.1420252878441	476.5225605757473	6144.742064884949	25.304388758698366	2629.512405358643	510.2646720764127	473.2016277746845	1713.5787747879863	13.875938799405425	5469.554028325947	717.2087305007038	470.37201313327563	5745.10889587261	4.023597940726548	3830.3118932226703	154.40775363378316	477.76473850027367
327.75	9100.000496142093	22.168250049397805	1120.680372740352	220.10765233371794	476.9456508029023	7556.771486069506	23.032938473281643	1901.3803663818976	370.68553097305016	475.97144670228676	6144.891562207769	25.300663931865532	2629.474610116591	510.18949717128845	473.33649624281	1713.4060185627252	13.87609484453905	5469.756720630284	717.1415262510445	470.6049207391953	5745.310245906292	4.02553674130495	3829.946299167426	154.52235390131096	478.10170827799334
330.25	9099.891156156198	22.170330758125655	1120.7075285343883	220.16521855158413	476.95623434628396	7556.297926441223	23.947076524651866	1901.6787489890614	370.7998163277111	475.99622925901417	6144.964614561162	25.29345526177586	2629.4741906515715	510.16894520599436	473.5404813473457	1713.5112743454058	13.877929532336369	5469.902312520458	717.0863940482141	470.5023680184823	5745.434527831247	4.023910423647163	3829.981058143021	154.5212352127359	478.09401395216497
332.75	9099.635314832594	22.18031605020417	1120.6455004281702	220.14285359437767	476.8643239027982	7554.372218187284	24.307499443008737	1903.0874257098633	371.32377289171535	476.1804607907726	6144.902675260555	25.27761200734346	2629.472114639848	510.17163793294793	473.76606667874603	1713.3455894893864	13.87054441875623	5470.09949903454	717.0142871269237	470.48138176207004	5745.4960761058155	4.032309266404146	3829.986636441435	154.54668757360523	478.0300519102414
335.25	9099.953716597534	22.185865304366466	1120.6123748201148	220.14161785954843	476.7545076264442	7552.284934381319	24.297398565650028	1904.6419001560712	371.94199120044686	476.4896801640453	6144.837135028273	25.276142596356056	2629.596331996193	510.16588106052603	473.78505241499033	1713.2328586909418	13.87410337514902	5470.255973644521	716.9251514916054	470.6212341721086	5745.2887142302725	4.027449409349918	3829.9593178793766	154.54310056190408	478.12450914652385
337.75	9100.074551626347	22.190705670762252	1120.5498997910383	220.14795021627015	476.7606378624598	7550.212324744764	24.24311964474986	1906.175406668298	372.51271594267035	476.60669888348474	6144.5041724346665	25.25183130028523	2629.782065091527	510.19195261943366	474.1323342619005	1713.0185869897948	13.865934465082443	5470.425938542505	716.8445855134797	470.55903992578493	5745.340040132817	4.025000857579384	3829.971171880013	154.47513559893278	478.06315998474463
340.25	9100.00569091591	22.194389136444258	1120.5832396227993	220.1169282309001	476.71934573347886	7548.5471335369675	23.675205197576567	1907.410238671534	373.0070880540875	476.9801949539095	6144.309274956277	25.237546979895022	2629.9702899569643	510.27310451470225	474.2941585118314	1712.9418285983006	13.860684584372974	5470.621129960413	716.7998391033356	470.43236281199864	5745.374186066899	4.032050088441156	3829.9244862706587	154.49363270656525	478.05039245781074
342.75	9100.144288877931	22.18968546616791	1120.6015810754172	220.1375983010378	476.77148975928964	7549.8272969409045	22.682512418307628	1906.6363073934403	372.7258258079313	476.79255459671987	6144.056729015305	25.240564668687924	2630.142969917805	510.36059027291907	473.9367816664234	1712.8134735521123	13.866785484856633	5470.8208766188145	716.718848771424	470.57972629176925	5745.599728272295	4.031081964469348	3829.6670578839658	154.633415705371	477.9993888430534
345.25	9100.246782503358	22.17843734638278	1120.6054459198292	220.14727507141873	476.9117937814993	7551.659021604118	22.677600918177188	1905.352867376792	372.2443045980541	476.49270138590674	6144.017684889773	25.25992417175591	2630.208375986062	510.3860399880318	473.610319664984	1712.756565599842	13.873914023766863	5470.881171855168	716.6564739691107	470.5182138828385	5745.449426366278	4.032947043509088	3829.5469882028247	154.70818015200442	477.9769328480862
347.75	9100.245447565816	22.17357991338225	1120.5858668446124	220.16657074024454	477.03535318122675	7553.278167867144	22.666002092305835	1904.1596900531363	371.78246913685854	476.62993082444467	6144.126267849606	25.287594848889732	2630.2807830124793	510.39332717659727	473.43850709253263	1712.6958552288902	13.877700213188328	5471.038421809847	716.5802568235257	470.58899603940563	5745.379480771215	4.036008180913447	3829.3365641456126	154.8082932737861	478.07012476760974
350.25	9100.378167142833	22.159441123414847	1120.5900028600804	220.15326353065822	477.16557704405085	7554.782223213521	22.70935772421718	1902.843620669654	371.3258894718268	476.4700682602919	6144.145216947007	25.275587259586064	2630.284486661228	510.39672828081194	473.54077518402846	1712.6126628783957	13.873557905878387	5471.251090776607	716.5085007823767	470.6970545860246	5745.321805802136	4.038955302309707	3829.721088073797	154.65108153542866	478.2367499354798
352.75	9100.51331479851	22.156708101327325	1120.612133131291	220.1647725362874	477.15174363194984	7556.238917174357	22.797517909089237	1901.8047740812467	370.93405905574895	476.2890889245272	6144.2730095455245	25.295375390935988	2630.2216964349814	510.36979216985605	473.2998973006657	1712.434561046706	13.876109717612783	5471.378519432944	716.4716748768826	470.7995944224185	5745.239512047173	4.0441973642865845	3829.9274686465915	154.54727456307208	478.14598652766233
355.25	9100.518641339339	22.15868434442386	1120.6136747363748	220.15136626833927	477.1267850474792	7557.983355560864	22.925701224981143	1900.86587494125	370.58905580607234	476.1295138980622	6144.3929969400615	25.293380458015154	2630.241243442844	510.30954211295136	473.3603527169679	1712.3378723764652	13.875121713415163	5471.571463707888	716.3948513660993	470.8603809787072	5745.055784138343	4.0462307852691595	3829.9344579289236	154.5530064746351	477.97255119205795
357.75	9100.598305122196	22.163714758068444	1120.6741943809686	220.18944046011163	477.10206446707474	7558.349996955709	23.375134527382194	1900.3902818860133	370.43310898611173	476.29621530034433	6144.783138037641	25.28345845826677	2630.1977758179487	510.2799514201686	473.43470321837304	1712.1949914307386	13.876997180921308	5471.649401048538	716.3104774456058	470.6843955394623	5745.162011186247	4.043466826695021	3829.650392566383	154.66432519637402	477.9726839320132
360.25	9100.349322161714	22.161387182057194	1120.6590314405044	220.1860559881949	477.2199561302508	7557.590851663949	23.76811921268769	1901.033601448191	370.6491560407803	476.88220954972263	6144.810728361721	25.30568294485318	2630.0220736152337	510.26620460513874	473.3064042649515	1712.163723299922	13.880599629586385	5471.783280147203	716.2234719671437	470.65052340131945	5745.155471180512	4.047910182029289	3829.869220033478	154.58822593165277	478.3030608582998
362.75	9100.502823407705	22.172695181824952	1120.6353993982752	220.18949100588847	476.9656392006185	7556.655897607651	23.75426155730998	1901.8686899076718	370.9502916673813	477.0911614486354	6144.726989496341	25.300537734658977	2630.0748168335504	510.23403078158145	473.4115808389239	1712.1994541643355	13.88318775052898	5471.95442561553	716.2076968802398	470.62040925961566	5745.127782147037	4.047435008504118	3830.2585751802058	154.39827365662615	478.2127400606218
365.25	9100.425722872478	22.165659432856042	1120.6917459960698	220.18736485942756	477.13317811221646	7555.684602120194	23.74853918495666	1902.6658642046439	371.2406635744317	477.24311926994824	6144.71103067838	25.286785771406237	2630.115796483426	510.2257632345384	473.70093376347154	1712.019586274427	13.87956487020019	5472.099982064399	716.1216808154683	470.56833866913786	5744.882832247053	4.040972816335632	3830.2644631484636	154.4001178436997	478.18009994412904
367.75	9100.2688353103	22.16661836730694	1120.7038079143804	220.18287727776325	477.0219153842848	7554.645353826807	23.740438375658165	1903.3731595929166	371.52773879113073	477.14306675463087	6144.747037516641	25.26152121281195	2630.0971668756365	510.2618998489291	473.9690259045667	1711.9495016766105	13.883573310680427	5472.402876235285	716.0847558037256	470.6247932773049	5744.702146531011	4.047050800245442	3830.5001132039533	154.27842746067884	478.2543146897878
370.25	9100.231765540746	22.160945772055584	1120.7668398221908	220.17589905612417	477.15873650970974	7553.683759335725	23.747164065326388	1904.1143547620718	371.7950351590153	477.2292615003972	6144.725186747271	25.262689818754183	2630.1284891931095	510.270284901739	473.874475450602	1711.9192449775628	13.88257957684654	5472.5607052548385	716.0431934741861	470.7367531370415	5744.589565763577	4.030933774838461	3830.7016800011725	154.18812641539523	478.2290987649772
372.75	9100.116392345124	22.153950147255955	1120.8261037577145	220.18537287909615	477.20926469064995	7552.549256056666	23.74166609029517	1904.7878525291947	372.0729907841243	477.35065121819736	6144.693719921333	25.24912444269425	2630.1595156107824	510.31952841262665	474.04589981445844	1711.7174552385402	13.87388778524585	5472.703776311569	715.9576684618416	470.86634699330887	5744.478978627611	4.033093283876401	3830.7248456293228	154.19768498846082	478.0934298170524
375.25	9099.852360540646	22.161945903424204	1120.7740196070529	220.18243147889547	477.15208079660954	7551.670239767354	23.734284643388357	1905.5267024308596	372.329630125271	477.4030271040476	6144.592933111153	25.233684977918575	2630.1710417534805	510.3652260244028	474.2662129650823	1711.5549293128051	13.862607490417902	5472.972431740986	715.9202522558401	470.83070729051815	5744.4527260855175	4.034315548264955	3830.676264182436	154.26924457048597	478.18435711519044
377.75	9099.796927580705	22.170256216025123	1120.831034075545	220.15155833086274	476.8677068836831	7550.676686957941	23.725238698851438	1906.2346769669034	372.5773471800891	477.5815130112857	6144.321427131989	25.224386887236637	2630.319421148466	510.3897534288696	474.34626960361925	1711.660140570919	13.86035042754326	5473.144434146203	715.8612206122816	470.64797672673564	5744.277164600704	4.031062954797354	3830.9094429179077	154.22217952987663	478.22529377917886
380.25	9099.67851476162	22.17160074638506	1120.843753233392	220.13534123365378	476.9867849027125	7549.940322319565	23.724046403409254	1906.8569748176556	372.79029202747444	477.54277636014933	6144.0863057670485	25.240298557845662	2630.429111327051	510.4175789073618	474.04646750572215	1711.5366095654117	13.850453058583096	5473.198888820971	715.8156928698081	470.6839251221152	5744.274035585825	4.032004085425486	3830.6471306002077	154.42490523415094	477.7902786395362
382.75	9099.82828460584	22.186240885811596	1120.7938081507423	220.11101470366117	476.7104763901002	7549.169437483324	23.681176273890685	1907.4586042928051	373.04001812897644	477.4406340992812	6143.843625494241	25.25399184449074	2630.5078014978535	510.45230087571815	473.894278920545	1711.4124480928372	13.848491215258345	5473.258037965158	715.7571233040086	470.5911730342986	5744.4831823545865	4.035468783899248	3830.0692378253266	154.7598015147691	477.84960962657016
385.25	9099.717966709642	22.172752370665478	1120.7891920081652	220.16238287490248	477.0654663245717	7548.766355040629	23.551378312918807	1907.8140759193495	373.1676535597771	477.3451114119877	6143.550263682727	25.283880257750564	2630.688436649538	510.49732403497603	473.5545966991415	1711.4099576765125	13.845670496119924	5473.414028527822	715.738142520425	470.4484328039125	5744.643566103324	4.038712799630921	3829.6728931365196	154.99133987115627	477.8881566331163
387.75	9099.78561072867	22.17189779944354	1120.8484081593751	220.135205344108	477.081079717201	7548.516939569279	23.44314331392718	1908.0745766623115	373.2545290452523	477.27695837159735	6143.446037522532	25.29780613920848	2630.8903515968095	510.5460883088585	473.3862920115737	1711.309425548589	13.847738858366643	5473.552932467522	715.6918162752054	470.36663385409264	5744.508900387509	4.034292982777935	3829.9241053742458	154.90048265570283	478.32287376979053
390.25	9099.64941342027	22.16205671530024	1120.7925752732458	220.1841943689335	477.2041125501788	7548.914135330277	23.215613568993078	1907.8875632485347	373.15373261246043	477.39450092357254	6143.196831323793	25.294030767736356	2631.064245767275	510.54279307723345	473.4863706504152	1711.2475685954516	13.843854915716076	5473.728610757259	715.6462652064381	470.4724983951152	5744.147006953769	4.034030777766657	3830.474159551547	154.64633469723753	478.32680794348806
392.75	9099.657235225039	22.145207865962796	1120.8016055232868	220.1808677348384	477.3337522763118	7549.254106175695	23.342951138102727	1907.5375381467438	373.0187115205134	477.373536501928	6143.008475887389	25.274629319312137	2631.1942535091794	510.5806968039358	473.57101059518936	1711.0341545351316	13.83985952165641	5473.886428603116	715.5736116777277	470.256439783718	5744.193394824328	4.036127243594179	3830.3246867572066	154.7925301817303	477.7544454804134
395.25	9099.668500844358	22.157493346270545	1120.771382440936	220.2155863365229	477.1501645598702	7548.92685737437	23.611313195215946	1907.9286717644172	373.0811350663683	477.2389896713706	6142.707139399954	25.319970779948537	2631.266411967124	510.63109106419677	473.1115856311005	1710.931692818462	13.833427185024522	5474.007803978975	715.5585169582502	470.44870349513576	5744.364854356035	4.0341060153401616	3830.004272210753	154.98772443736377	477.91714627717033
397.75	9099.596298458046	22.15912439074302	1120.7279434680215	220.2372070333002	477.2063054091183	7548.444896624157	23.391563472204215	1908.2258868897452	373.1462446267404	477.29256594302916	6142.379773487939	25.315436107481236	2631.390763672807	510.70395139279054	473.333762791724	1710.7985346478913	13.835853217393897	5474.157532317506	715.527118521991	470.4446125420822	5744.39714677932	4.03545959736256	3829.6067000824223	155.18142226456132	477.90797213047495
400.25	9099.399434834593	22.157151073355852	1120.7038758213776	220.25326431978004	477.1812391458082	7549.0369052406595	23.467109895123247	1907.8158391164075	372.97967757994854	477.0356368201376	6142.204574767074	25.29561236200836	2631.5803408777397	510.7656423365081	473.5013457836901	1710.6911771275047	13.831320929611557	5474.330415920588	715.4347408743635	470.2355845000077	5744.096758400028	4.040885487524497	3829.9866577249986	154.95500735657606	478.33848850286165
402.75	9099.19890565855	22.164300923894576	1120.7218701689658	220.2435731936608	477.10831506128307	7547.754329920426	24.01379617887771	1908.8865045588473	373.33634351905476	477.02704664979956	6142.171767380208	25.311044446817203	2631.7252717543115	510.83159854745725	473.4235892521019	1710.5379700899066	13.828562852826144	5474.562527477955	715.4399295415532	470.51699193897167	5743.987428083513	4.042842277132877	3830.1999174662687	154.89273173905562	477.82818777562824
405.25	9099.233616332915	22.16942573846086	1120.6988116967498	220.23687034127028	477.07104608806185	7546.96831442462	23.576701241395707	1909.3305648676474	373.49502190070757	477.00290934409577	6142.045124868422	25.280756446607363	2631.88262330112	510.8623778853642	473.7130626049586	1710.4263861918826	13.833293855395663	5474.717639058983	715.349737109514	470.5284655136347	5744.07311617501	4.036404135918226	3829.9503941320413	155.07746991312132	477.8722804458194
407.75	9099.079108587703	22.165740512422158	1120.7213881303455	220.2552032792847	477.16248770470594	7546.699729340429	23.57086505292137	1909.5642480845002	373.58152349802486	477.0199842276527	6141.972632093237	25.299240648147528	2632.024537572577	510.87332746747916	473.337954706513	1710.2332863895367	13.828657373222383	5474.832292532542	715.2678821913831	470.3918733761531	5744.190130938508	4.041502479724972	3829.7576904267494	155.15105379384926	477.9561098613809
410.25	9099.069619746771	22.15057615389687	1120.7704774394435	220.24092752432392	477.26272971031574	7546.298280908442	23.561372712267357	1909.7923334825334	373.63904410364006	477.02754872284936	6141.575586338133	25.284091625832737	2632.251642602101	510.9428200482221	473.5907866584664	1710.267753115583	13.834160761648416	5474.9875460214125	715.2462496814285	470.3808436497581	5744.173838633084	4.042467657121806	3829.766211394797	155.1390237543848	477.97127908417264
412.75	9099.152141446031	22.150667736130092	1120.8193795677764	220.2336917101305	477.2265867504167	7546.086887311658	23.297410545163228	1910.0319746239634	373.7171939480972	476.8155878167991	6141.539807135651	25.312675831038295	2632.5328559981754	510.9846658167626	473.1701682557532	1709.8802764895593	13.831199497447406	5475.08915866019	715.2328978734123	470.3566108053731	5744.265031026849	4.037392509016015	3829.7336526894014	155.11744676239812	477.9703839713203
415.25	9099.03565052066	22.16395363919143	1120.78288603347	220.2406645818787	477.1196162850544	7547.539780418639	22.694356120301762	1908.9490401492128	373.2574076151135	476.44379132067013	6141.410045918157	25.30861861721436	2632.572454787017	511.04931545821296	473.33987561142226	1709.6689696314459	13.831202914248433	5475.292780404888	715.1707599022199	470.4670075594738	5744.2525017905955	4.03320339691814	3829.755433092558	155.1273501378287	477.9867363858584
417.75	9098.853814943566	22.165654173816268	1120.8548876708128	220.2072994853019	477.11413923099343	7549.181435443733	22.697596500311654	1907.526214206393	372.76062211878974	476.2195062122061	6141.4162274068385	25.287839602957924	2632.690675060857	511.0639487699651	473.4614624388113	1709.7918843391617	13.83216636559369	5475.4246075809215	715.1281533505779	470.6001678210264	5744.0874144001955	4.033632451186603	3829.8289728277355	155.10193290383577	478.00799391922834
420.25	9099.014211201324	22.16999930292714	1120.7975587873343	220.23285038851202	477.082547282079	7551.028600181345	23.1648554164458	1906.1554230728698	372.30465839705164	476.07088597874315	6141.373753127012	25.280772835758935	2632.7580666379276	511.11782759433027	473.54245676510175	1709.9165430746532	13.830450976781043	5475.578906476853	715.1308087376526	470.70107954969336	5744.178786788491	4.041392572574476	3829.7910617434623	155.11561615490095	478.0414423741956
422.75	9098.900317332203	22.17310739427988	1120.8696731685486	220.26551586684556	476.9710341044639	7550.208194151501	24.133550559076177	1906.790116896989	372.58538708184784	476.5216475055833	6141.236878736296	25.324196417125027	2632.7810715763735	511.1316871803859	473.1740443338356	1709.628356827039	13.834233983167026	5475.763525786572	715.1092252616506	470.7990319836029	5744.157722107432	4.037572106264481	3829.899668076825	155.08770867311637	478.00017539134
425.25	9099.04750398618	22.168067011522908	1120.8724581049503	220.26100983349676	477.03397106077534	7548.658079727311	23.66884282369068	1907.9698716575938	373.00449687519324	476.8628608526883	6141.238840495021	25.33303309978752	2632.85835589416	511.1894358339875	473.0823854982683	1709.5808287537352	13.829908430201675	5475.8318819264605	715.0731175120726	471.08484549549866	5743.987266648553	4.035405282129417	3830.0553285479755	155.00388760642835	478.07934783501355
427.75	9099.03017325273	22.172217450501954	1120.9602642524637	220.23561943570445	477.0529095824414	7549.595564256666	22.69483579198022	1907.139000711641	372.7284699543443	476.6525922756799	6141.17937069155	25.327131403133123	2632.9051228430963	511.1850234675137	473.03985458979497	1709.469033573811	13.831487522051331	5475.910864046308	715.043296756377	471.07791181402854	5743.640910795912	4.039651126404878	3830.2996424498615	154.8969786439016	478.11736238777496
430.25	9098.90439421071	22.166999641113794	1120.9163296051875	220.22842363182977	477.1776018278576	7551.390038618358	22.671353324731378	1905.8104264655556	372.25566399518453	476.48998151118553	6141.086614529205	25.315064424505284	2632.9184798635706	511.16928586858745	473.2298856581021	1709.1831398733834	13.831428302220669	5476.055241631502	715.035681423367	471.0593740101403	5743.379729425457	4.038385561922504	3830.684490685939	154.70853866293015	478.18721233694373
432.75	9098.882828803033	22.15295241354309	1120.9984328737874	220.24083817082726	477.274720128917	7553.1128397093435	22.6775657418526	1904.5157503110913	371.79519990265027	476.52307711488265	6141.082659324376	25.301383693582647	2632.8960560111623	511.18516820600206	473.3300065628758	1709.0131273222619	13.83285375580716	5476.11663172162	714.98163951695	471.1563832089003	5743.304377753786	4.041361121009853	3830.932163444582	154.59489849024408	478.2772651012873
435.25	9098.812395038467	22.136384891230414	1121.0896099490901	220.27341660555945	477.508224048243	7554.682248204161	22.871456764345737	1903.3341829567437	371.3110843127831	476.3155996556075	6141.199642594499	25.280620616344404	2632.7811866681013	511.1477839263419	473.51502023505446	1709.0126727064433	13.831445389894048	5476.274488586703	714.9285159603105	471.2522658748241	5742.8586269600555	4.037589439735071	3831.439241328435	154.3726011145464	478.28342390258024
437.75	9098.873497988587	22.14633338415992	1121.154588704912	220.25416433650946	477.2677359949467	7555.067093055447	23.583866798672172	1902.9826183919556	371.1795096894734	476.4916525541261	6141.4857956348615	25.324302093596163	2632.579593221001	511.0877561872753	472.98993270418777	1708.8563738267342	13.827668303819284	5476.416900118302	714.8845255655837	470.91869076338946	5743.0386318890005	4.030552884394318	3831.275265501976	154.4694295173803	477.8333418780526
440.25	9098.90697291566	22.15081508679598	1121.216314521908	220.25820325317886	477.3585827502777	7553.456818561346	24.249657772723666	1904.141382344817	371.63247044904557	476.7849550261203	6141.501091978895	25.330675643326657	2632.523255033241	511.0496850470521	473.32083461045784	1708.874384615697	13.832330568352141	5476.539780470958	714.8429884311813	470.7858735719567	5743.507073640872	4.030647023635086	3830.79160961275	154.80510695351	477.83010602815415
442.75	9098.944197570501	22.137820078669172	1121.2928113456164	220.26101026752428	477.4603166025952	7551.20202906923	24.256332285696672	1905.7704033272955	372.24853325136945	476.84298168176167	6141.4144819719395	25.312122082191888	2632.610776963666	511.07650398753094	473.53123364233295	1708.962472948071	13.834165946522607	5476.658600226108	714.8324974701161	470.85697410425075	5743.704532717804	4.027940000025696	3830.3399461894687	155.051135405028	477.88903372041773
445.25	9098.95779311668	22.147119836838495	1121.3075998517377	220.24814186872644	477.34577765763953	7549.131948757979	23.781102065220516	1907.32573452481	372.81927931604616	476.99845771787636	6141.414837577511	25.307179539904634	2632.6488420528594	511.1250480483866	473.34103948948695	1708.8977435237157	13.836931913949071	5476.773786170283	714.7632083526992	470.8624199177979	5743.986741928401	4.032429607896593	3830.198284797707	155.12414394534875	477.89314828409465
447.75	9099.021983391975	22.13683599907728	1121.253658607873	220.24710254683885	477.52570574161905	7549.813572676451	22.80396966245046	1906.7524861810398	372.6186947971097	476.63659064158514	6141.567873741687	25.291678346696497	2632.661948452778	511.1309550279602	473.44952137402817	1708.6994650729937	13.832785984461035	5476.966485180713	714.7238095012183	470.9255891730208	5744.074574685838	4.033178347320659	3830.2091709572296	155.12873294969867	478.0924461317115
450.25	9098.856789091084	22.124524769058265	1121.1714275281252	220.27834015387808	477.6161523464181	7551.294561264318	22.793154343030633	1905.67574197213	372.18328596467063	476.4770393129358	6141.626967509863	25.274967111639775	2632.675797810687	511.11732498587145	473.50130813373744	1708.8090811995878	13.83205850813712	5477.046451506603	714.6713320134062	470.9552068945796	5744.1380325554255	4.036355822156888	3830.3451366733384	155.05065408219508	477.98199783562035
452.75	9098.926574697152	22.139099478590058	1121.2062112436154	220.2591176981234	477.3662334226307	7552.797348667929	22.773925562785557	1904.65970895457	371.80815044332144	476.6993292089943	6141.795185479735	25.30760115746834	2632.6216357436842	511.0874497760163	473.1921336181784	1708.6063682275471	13.830738074058031	5477.124101286056	714.616928117274	471.018606177729	5744.251128953121	4.0364831823561484	3830.301370433187	155.12244152447875	477.82957555699204
455.25	9099.229310724502	22.159250223815683	1121.2184719676038	220.21719175249035	477.2778715014771	7554.038654873015	22.79357796653799	1903.5957711768217	371.4258369740256	476.3511311007494	6141.8298609916465	25.30312195770118	2632.5843263254583	511.0728744668526	473.33363190568946	1708.4061841995954	13.83792538309383	5477.218155899854	714.6351165334208	470.80710651261325	5744.221268832064	4.036613897593428	3830.230602776319	155.16464761900042	478.07280542775686
457.75	9099.249333830794	22.155997150450602	1121.2621156563905	220.22767203803923	477.19084765321094	7555.417314433957	23.28505389218279	1902.5304454950103	371.06180911339925	476.04509993450625	6141.9040436372425	25.28049392448889	2632.5276601489322	511.013589862183	473.54283792879954	1708.1729507379084	13.837745609140686	5477.3074233012085	714.6278368119147	470.67957721527415	5744.1269819354275	4.042394821963021	3830.5142760624176	155.05993624353334	478.0551091898241
460.25	9099.320340669472	22.163459455554985	1121.241084897723	220.21655257236992	477.17343143181336	7553.756650180823	24.24775956129768	1903.5609653220392	371.5023720833599	476.82497646692576	6141.932775271121	25.30361449368642	2632.4432599854154	510.9628084255536	473.4127728269494	1708.1392802993166	13.83813920336352	5477.456862340811	714.6027912919162	470.7117549458502	5744.093070008077	4.044981282058821	3830.4602956205554	155.08999170506723	477.9858058941251
462.75	9099.437291850847	22.15325060222271	1121.309855697794	220.22617161564403	477.3225229011675	7551.640199584772	24.25220077953498	1905.091636274148	372.1199472049872	477.0892004629073	6141.751856138103	25.301396120882586	2632.4652484478265	510.91990295480116	473.47717388147146	1708.145374203529	13.841022859278436	5477.674647555606	714.5650427075145	470.6448636736436	5743.953111762658	4.049579266991483	3830.461477215413	155.05616327328624	478.03890670567773
465.25	9099.153158669596	22.158498340867297	1121.2498022432976	220.23836775662826	477.1580120596814	7549.776706230364	23.982542844012798	1906.6447632543852	372.6720911610929	477.3381953310672	6141.665054108209	25.297236261458295	2632.610582057328	510.9240877829602	473.4913494555754	1708.1561974508022	13.842052081278391	5477.841622230851	714.4839404582231	470.7162746286959	5743.918427664589	4.054407989703305	3830.5566780137474	155.01279707980117	478.0222205543232
467.75	9099.135163792758	22.159113583533276	1121.2215948808225	220.21197823355794	477.21338917566146	7549.231162517213	23.671313409136886	1907.0951415172706	372.8015166162286	477.23764823221524	6141.596083083931	25.28893622035914	2632.6916050176505	510.9505788068732	473.58392948211633	1708.2272919028292	13.836674514273216	5478.02655035182	714.4610128024425	470.5964975727479	5743.9485949830405	4.058525397312063	3830.434945208385	155.02043467745864	478.0932844480676
470.25	9098.939036475465	22.14925241707759	1121.2514986622664	220.193695180147	477.3291886349784	7547.960934362027	23.85742763882304	1908.173259978908	373.2265793717674	477.36960771042914	6141.367012628346	25.30271253606325	2632.817865691409	510.97010748338533	473.50645650656344	1708.1127062026032	13.83694339196199	5478.1861449747685	714.4464367796371	470.75963219611396	5743.750194999339	4.05444324751249	3830.302621195161	155.06363843446897	477.82114243294325
472.75	9098.720631968927	22.14167539299402	1121.2578892593142	220.18957743114836	477.3243213308076	7547.55707361204	23.31445401173051	1908.3071106634172	373.3108934390862	477.2733496715215	6141.451274978607	25.30361104617842	2633.002006190585	511.0138575670391	473.2752895402362	1707.803610189732	13.835250747233902	5478.420250745733	714.4105127127043	470.76851329761695	5743.929423025135	4.054089985333455	3829.9269260301057	155.2488731754433	477.8282333649235
