0.0	9099.418066063323	22.25731802665025	1120.6933888360566	220.22955860160326	475.83155697097334	7532.238992647228	23.328030473719508	1920.2574150551195	376.3915273644486	477.03904651828964	6142.372839484403	24.829793275532577	2633.2967253844545	509.80603074750763	472.759987078265	1711.7896954696919	13.58832167829073	5446.177791241422	743.0687074360393	467.8036244905155	5755.297940884698	4.186472360382533	3807.2857401239567	166.3907589063491	475.82727561466896
0.25	9099.448757048749	22.257547681974597	1120.66980458523	220.23498453564903	475.8212094158132	7532.270981610529	23.125356436977928	1920.1891300218333	376.37543549684	477.0727957067692	6142.462893998708	24.74703437979537	2633.238330312119	509.7902441972746	472.8139547847142	1711.7754768759019	13.587524258322343	5446.212380546958	743.0550621539555	467.8084804116715	5755.223448206471	4.18636378015699	3807.3305761076326	166.34643142918273	475.87246609105165
2.75	9099.575510511519	22.24872698662173	1120.7091075525263	220.26380160514893	475.97709726783467	7534.184729205965	22.71201025500326	1918.7076654806688	375.83244845781877	476.9351927634004	6143.463869032817	24.501097270744285	2632.422421002176	509.5172539856348	472.84364941160754	1711.9220227381495	13.587195445487922	5446.467739489146	742.8203243122878	467.80719581166545	5755.170641627755	4.1767717488742075	3807.7824750007244	166.15093855841977	475.81602063384224
5.25	9099.593064806837	22.250693189257877	1120.6812076037927	220.26502048890964	475.9139668169656	7536.278885967449	22.863492484846276	1917.0979113556057	375.2276481191442	476.6642088185054	6144.667046497041	24.39969520147551	2631.3543778039707	509.1717558297633	472.70109597902854	1712.1242561940016	13.584715293665003	5446.7490603489405	742.5766673912935	467.82902962115793	5754.796246909566	4.155919787790512	3808.3176161312126	165.9180443376074	475.91937078412985
7.75	9099.707433866926	22.25828966823653	1120.7358324520335	220.2971081909681	475.80332252930884	7537.910047029802	23.038531924162516	1915.7821340115747	374.8182676608191	476.40971041419743	6145.958569794158	24.3277362071918	2630.15267738521	508.79471919545944	472.65570794614547	1712.0942911197317	13.58759830712869	5447.077806698713	742.3520226596313	468.0509527486167	5754.7161017635335	4.145500765971398	3808.8195748878456	165.68042654883877	475.74788886574544
10.25	9099.758928198826	22.249689738733853	1120.7425915328492	220.34703210001067	475.8956331914771	7539.302579233918	23.21317927730959	1914.8049669119173	374.49800463726154	476.10955791738036	6147.772659122656	24.229185570358492	2628.76560793061	508.3239936747325	472.58609733885555	1712.033632826775	13.589363862525664	5447.338267424022	742.1011180654469	468.31086435973765	5754.575258913279	4.1386113215427285	3808.947443325454	165.68000725033082	475.77010388795634
12.75	9099.785823658945	22.26013834706858	1120.6526737644529	220.28595044106936	475.78750431227144	7539.923125694935	23.219591776445736	1914.30528786709	374.3254955794228	476.0922476960849	6149.974532868283	24.22738598220669	2627.2114467393158	507.8100982298073	472.3401603628573	1712.1909189771627	13.58626194746453	5447.631339544007	741.8371515430406	468.37031445452	5754.719336508795	4.123741098915472	3809.1743612477244	165.5222354805905	475.773164726617
15.25	9100.012137588154	22.255554698465932	1120.6706811364759	220.31480770527196	475.9286662698483	7541.5153667674285	22.928984286759217	1913.0649143649805	373.9163039888133	475.905052542222	6151.374755771528	24.454440567876404	2626.1425085657697	507.50085881376015	472.24321582677555	1712.1645517509482	13.581835483481347	5447.899346473466	741.511487766746	468.411236536126	5754.670056285527	4.125505398281428	3809.1993899720455	165.49877773229366	475.7584276173626
17.75	9100.042035158587	22.25352795181262	1120.664727008522	220.28662845776861	475.8272427293716	7542.64491406916	23.042792034491313	1912.0600134039528	373.5930367124193	475.91400875532815	6152.8813211429615	24.42043627651553	2624.912555962804	507.103422310237	471.96564726951084	1712.233114708677	13.577330920187407	5448.118471874145	741.1878183339571	468.64882658820846	5754.561613569841	4.1255061403608115	3809.25843005849	165.4455359036595	475.83526550899023
20.25	9100.124407221767	22.25506831553141	1120.5671320470117	220.2774979800594	475.8471551928795	7544.437187535776	22.970002950084037	1910.7461170541592	373.1646748713024	475.8561684343059	6154.449800730834	24.489116623185442	2623.83893920704	506.81872167001217	472.0144818620505	1712.2103928895324	13.575845414315355	5448.392245563422	740.8962740015195	468.58378341429756	5754.548969327671	4.126849732227996	3809.6106604061265	165.27769951747524	475.99521719416384
22.75	9100.349491873158	22.26230600559374	1120.4938658512212	220.26557758272313	475.76310952281415	7545.344489900446	23.28677428211747	1910.1062844119476	372.983062327923	475.75684124055874	6156.030257190484	24.410028256083343	2622.7160730177807	506.4822319466899	471.75618462616177	1712.336023320169	13.578530656396898	5448.6177872908465	740.6499899392936	468.44364966163414	5754.127970826243	4.117214102461458	3810.0670487179477	165.00956467772806	476.1250452182185
25.25	9100.582654802616	22.264345245988228	1120.4685255393615	220.29835701135585	475.7403990718929	7546.245785717059	23.265505240088835	1909.6043150484102	372.836062272782	475.70961019380917	6157.484584887611	24.436115175477525	2621.480405375091	506.0954858499218	471.4840326171652	1712.5296851637256	13.580906249628987	5448.779754978381	740.3908795744037	468.72330938782864	5753.948748254761	4.118855918540158	3810.4567764617295	164.7746446410752	475.9774328381422
27.75	9100.62762012302	22.269026025182765	1120.444333413837	220.28935333847426	475.62327304707395	7546.83261148063	23.350747277221558	1909.192506925238	372.74027454928296	475.73635580555873	6158.954217531458	24.44240387096566	2620.3293943090716	505.72883209285834	471.2237156028864	1712.665376185175	13.575077035017477	5448.957825181675	740.1206864473393	468.758938773489	5754.012516975107	4.116135211539641	3810.692631333637	164.62316278958937	476.10918521817916
30.25	9100.526223626772	22.265321277344142	1120.4547401927925	220.3003198715997	475.68012842296196	7547.297554143809	23.37706399101442	1908.759772632613	372.65959898991406	475.7234487005593	6160.389930491671	24.447785557861966	2619.252116143929	505.37727071708605	471.069297212951	1712.6779798000637	13.571394623728166	5449.205019848603	739.826112005654	468.7146725521308	5754.12676436664	4.110183178276548	3810.8344949573816	164.51056700121327	475.9657164918943
32.75	9100.518817677792	22.27891645398267	1120.4967281474355	220.26222247009207	475.5967964637188	7547.61127218699	23.43510948314232	1908.525958507348	372.61749760570694	475.74438947776116	6161.902959272417	24.457470687042104	2618.1559317833544	505.04400975919344	470.9184302874829	1712.8241376231213	13.586088537559794	5449.297351820592	739.5167453341286	468.6147125254603	5754.165901474761	4.099035946420457	3810.9871281978662	164.44825748821336	476.0466081465998
35.25	9100.620178505827	22.276543117720898	1120.4798840881288	220.26920408241378	475.5124710917441	7548.010605714681	23.535740483466853	1908.2779272821563	372.6080688338093	475.68281124573116	6163.232189177747	24.87279749354249	2617.146213010911	504.7202111483798	470.7548704372032	1712.6107166241761	13.58404344923419	5449.45043644387	739.231507010636	468.418236135989	5754.096625404967	4.0990145004804885	3811.1355624220996	164.31738367993103	476.10965327834856
37.75	9100.577542780931	22.285201910751073	1120.416631207392	220.24540689293812	475.5726802424783	7547.970085787776	23.70298782920795	1908.4188890485475	372.70136644816273	475.89047439390913	6161.964435353147	25.788904263622147	2617.8103445520087	505.04026306220493	470.92569844738057	1712.9404059608573	13.590596857973589	5449.585368667027	738.9664464529205	468.4980573218722	5754.18627556513	4.116335935062072	3811.295104280841	164.16075806057486	476.0702620504907
40.25	9100.698209966185	22.277774936562395	1120.3525976659032	220.22890168005398	475.6007646234495	7547.453941863309	23.7218608283048	1908.6923933934995	372.8537450675242	475.8493128330803	6160.318739788289	25.79763608040146	2618.9994609145056	505.5075124323195	471.1706943001761	1713.2310311059373	13.599581825040309	5449.762279455232	738.6536210047686	468.531162242261	5754.111627777707	4.125758862951485	3811.387276066123	164.03934881566528	476.2131698480569
42.75	9100.667322760866	22.284177922931036	1120.3454799192698	220.22767536810713	475.4866690434567	7547.077586753674	23.771388780382686	1908.9104828402833	372.9784158496063	475.88610071427894	6158.853696524419	25.756534088996084	2620.184799099168	505.98609222173303	471.6533175756575	1713.3513800754306	13.592600160885286	5449.955292634114	738.3981403124326	468.57910877525353	5753.882536337745	4.137138402438147	3811.807734272099	163.8160682236921	476.2265886273766
45.25	9100.771836941885	22.2789545744292	1120.3404139510014	220.24315637510745	475.69793435033984	7546.416597737217	23.8655371316761	1909.405224460879	373.1855981555656	476.03166187198946	6157.268210768207	25.7010647362701	2621.2357971774913	506.37979746204314	471.8875924396643	1713.1960242144178	13.607550972534511	5450.185771537584	738.1235930049617	468.4901604482542	5753.8978634003315	4.141503240170455	3812.302265424155	163.5821985821322	476.3522496975965
47.75	9101.014105328744	22.267607536428816	1120.3578901132416	220.24472604052124	475.7960561563797	7545.646247381233	23.95885897035869	1909.9724415949374	373.4270486827345	476.01791953761153	6155.761146432093	25.63694972875862	2622.3507403424583	506.82846627995445	472.2863120243518	1713.3176777384888	13.613508805243745	5450.315756772642	737.886066588003	468.49102511889856	5753.70321418053	4.141349929275371	3812.6909960248777	163.34021267644744	476.3668627435408
50.25	9100.861221606527	22.26674422933575	1120.2988043107744	220.18821456248628	475.73538939304376	7544.264750951937	24.223984853119696	1910.9582593520697	373.80787759637127	476.25063959092347	6154.812631654091	25.48590139099729	2623.2154254270877	507.15488667053404	472.5904246322453	1713.286636537561	13.617053600557036	5450.581331259483	737.638638031707	468.5245297266173	5753.477954547041	4.134746415908536	3813.2650541340363	163.04717092775755	476.47016619299677
52.75	9100.895512023284	22.27307640298041	1120.3663168019716	220.17408023069535	475.6891308141096	7542.792064788516	24.18554904234144	1912.1524176207406	374.283043776614	476.4299142714667	6153.878749064229	25.49094293173326	2623.9102060466075	507.47965224752	472.7090092908547	1713.264458832424	13.623563318446102	5450.824590299074	737.3633604223392	468.5641968720439	5753.206789183685	4.143152353417942	3813.8293467748667	162.74809262155185	476.59291102907787
55.25	9100.711301320542	22.247509019451105	1120.4004363516517	220.17245236711008	476.14426829378345	7541.5917653973	23.556834367270127	1912.903119536058	374.5593462058166	476.42207127212106	6152.600209557038	25.167777807236753	2624.9757891167696	507.852893101941	473.020056158745	1713.3442091475706	13.629580531228605	5450.975479690048	737.136502280514	468.60864350893604	5753.0300448663975	4.1443150537410585	3814.4448960172917	162.4382273898946	476.58404689471234
57.75	9100.523371109593	22.221932278507072	1120.3971716084086	220.17915248426692	476.28623131059544	7542.995123121666	22.722401793601133	1911.8403608354554	374.1684893890598	476.35130525264117	6153.942902700052	24.069100822566334	2623.991731178408	507.5331733911636	472.84215007165756	1713.3906262134817	13.625158495641427	5451.138258123263	736.8803425890335	469.0138796252066	5752.7111370513985	4.130649633993924	3815.282357660356	162.00162060936944	476.9263822993411
60.25	9100.396104896356	22.2208353841358	1120.4151592762967	220.13378583615255	476.27135808142526	7545.091506102585	22.723715066127138	1910.3297274642798	373.6389334763099	475.9377816739295	6155.917584382433	24.044933832548914	2622.3715005361637	506.98731414742383	472.62377791100124	1713.311324648107	13.624422077237732	5451.374699065923	736.6540629472372	468.86956361975507	5752.125899447898	4.1082572724090385	3816.0696203221537	161.56452233097238	476.888506918132
62.75	9100.426932569602	22.220658371797754	1120.4438257896174	220.11885756138088	476.26496887078764	7547.2746074456645	23.09532038308192	1908.8642704042413	373.0940286935755	475.6371526828075	6158.085735421291	24.091205135121204	2620.7070172008584	506.4045831071111	472.16804896317444	1713.4152944682946	13.627880501198238	5451.618050394152	736.4448079970441	469.1101351372204	5751.780054170487	4.09808579533334	3816.6746121150586	161.25005122952123	476.8402306003298
65.25	9100.434386278946	22.223561616259556	1120.3481471679056	220.16102924287014	476.28642909973274	7547.0933669128	23.694008235144572	1908.9830203431036	373.15263475020413	475.628537735889	6160.227631524823	24.28408685493341	2619.1145461412293	505.88228096687055	471.9673745801879	1713.4561351879427	13.619710065515221	5451.855671533043	736.1722354073903	469.15269126179874	5751.773236355409	4.090007649887959	3816.985111777644	161.0879099991846	476.8133182691103
67.75	9100.536540678804	22.223777670149893	1120.3172306407284	220.14891394281537	476.3942412571967	7547.253102487508	23.36450106379094	1908.7359271026492	373.0791383510043	475.60986047070776	6161.319168644192	24.603967051861126	2618.2295231543817	505.60372914772177	471.80883852599106	1713.5255627738327	13.620720383494415	5452.042251403247	735.9582149393228	469.2358705165263	5751.602364101533	4.07804364363477	3817.113989860823	160.98939480531405	476.8523994122716
70.25	9100.655359512724	22.207495176636737	1120.3086672267762	220.1570785082586	476.5851714615862	7547.585196685777	23.445080676653994	1908.4200786406418	373.0059223959932	475.5238504671245	6162.323016504485	24.61408927607165	2617.5988167616974	505.38389086687533	471.5684254632501	1713.7091771867545	13.611562074828084	5452.177520253605	735.7054561227674	469.282980144656	5751.58746324842	4.076303658284056	3817.379310579261	160.89917270362162	476.71688954602047
72.75	9100.775403674146	22.200380143280764	1120.229351276455	220.14260747090174	476.5863603905441	7548.036454814497	23.53917126517216	1908.1304269897967	372.9012037148216	475.54321809625196	6163.138520374418	24.858371357806433	2616.8213075845924	505.1744599251221	471.4591592702724	1713.7344705790842	13.612258365033837	5452.367251058118	735.4419679908775	469.1235033619326	5751.681927255753	4.080187100263299	3817.3265935247377	160.89528251535287	476.72079281988056
75.25	9100.833391163616	22.204457600665954	1120.1833099444018	220.1739861612013	476.55505181777204	7547.973678032869	23.71463686506922	1908.3159015728602	372.97631935390734	475.68679803897993	6162.6622575341435	25.39347192025261	2617.186071832951	505.29434137773904	471.4398393663424	1713.819969197184	13.617616366498346	5452.528284086271	735.1534250542504	469.3464802264537	5751.676907150282	4.086784806031434	3817.412122821758	160.8624090283187	476.77884258352225
77.75	9100.576468441537	22.21717076095977	1120.068422554815	220.15242431868714	476.47615861397145	7547.652850897491	23.677627998163047	1908.546725660319	373.0866867961178	475.664940682269	6161.729362800838	25.440032805779925	2617.696301244479	505.51799171655847	471.3119386177278	1713.8833232546212	13.621888544436306	5452.652940718306	734.8853625880084	469.25373766070584	5751.8173601323815	4.091319266745459	3817.29584153526	160.85137972142465	476.7317572890953
80.25	9100.658873673568	22.211089437444986	1120.0492157396793	220.162429221601	476.4803487988574	7547.581864147849	23.674450194826882	1908.6521739865084	373.157684267845	475.71422533572564	6160.800773435957	25.42330675655905	2618.4058352786465	505.77050404277594	471.64420886685224	1713.859030382568	13.620051799523957	5452.826119423705	734.6522498579934	469.31620510859165	5751.785617208878	4.097608162893889	3817.3578207288965	160.79079943058883	476.79251021426205
82.75	9100.673041917897	22.20079880134243	1119.9997559897965	220.19155659005014	476.57046759599973	7547.178345634938	23.70594722174403	1908.993389794454	373.28568565759133	475.91406291170483	6159.877610550504	25.405530488887397	2618.9874690157094	506.02603775994925	471.61476202716443	1713.9715471058948	13.628211616604625	5452.923482752147	734.3827651921099	469.1900596206031	5751.723805910934	4.102124507646642	3817.570663237783	160.6661505365954	476.9307560921685
85.25	9100.553224158042	22.20906912034557	1120.0115318335206	220.17641236340228	476.406472099004	7546.832092541234	23.615584089574792	1909.1492871042592	373.3585119154735	475.87806885933014	6158.832763783952	25.427798102151073	2619.56139302973	506.24879135628726	471.846326873031	1713.854815402513	13.623361493543506	5453.0883109892875	734.0993514154165	469.1759594728809	5751.445796720766	4.101981823299046	3817.9969227418037	160.4431867083905	476.8856722569981
87.75	9100.632474017928	22.214262090953316	1119.9904150442055	220.19946638022338	476.4148704032373	7546.514753110327	23.664975633711812	1909.3153696551092	373.4506588247392	475.93247103419225	6157.937954787248	25.409038781078163	2620.124095059883	506.49178359040366	471.8203437182074	1713.8073505340633	13.62478099236317	5453.1971801887985	733.8379418353517	469.26008219305675	5751.39160836542	4.105487482013933	3818.2804967457705	160.3431105906761	476.90478154068325
90.25	9100.73428045715	22.21604119052915	1120.0007330011297	220.16720114123507	476.44140638293885	7546.07577297593	23.65293426480279	1909.5186277967614	373.5014431963229	476.00187597774266	6157.096567583809	25.401964313496915	2620.7133731685767	506.71856489580796	472.06525818718393	1713.7060123271497	13.63560853923532	5453.431566634776	733.6029515656757	469.28166450176826	5751.197555843831	4.107839082752131	3818.511732048095	160.23953965093423	476.8568640048176
92.75	9100.777683419059	22.208199665608063	1119.9406911295744	220.18438556412815	476.6128084131072	7545.499194728804	23.658175564328904	1909.726905984426	373.5714447707063	476.04184407640855	6156.416765805825	25.3909018302191	2621.243768038835	506.92450887540105	472.10323743920975	1713.7102397386727	13.635106262223912	5453.622574265889	733.384963952676	469.24551175242345	5751.181198671342	4.103222866778178	3818.6960935314173	160.12831338225752	477.1114017987649
95.25	9100.667028182133	22.20232938612075	1120.0353990680057	220.2176395493652	476.72363252732697	7545.315145476696	23.64095692034721	1909.8126969157229	373.6118615345542	476.17899850044284	6155.591533724822	25.38289546283577	2621.896425649702	507.1017169351726	472.2434359692728	1713.7188376204665	13.639030954133615	5453.860886837349	733.1415017579789	469.26472012559327	5751.047105213527	4.101534260127571	3819.156457635186	159.89711016761453	477.1050945203438
97.75	9100.758657397519	22.2037235899856	1120.0856026138572	220.22026447519912	476.63236974221394	7544.977155017083	23.714087018875208	1910.0441140105008	373.72201013796763	476.0892030384641	6154.905937717817	25.361853846604987	2622.379159494553	507.31131867123923	472.27476152954404	1713.9817440752538	13.653247489644905	5453.987891532777	732.8973692850664	469.49511555522304	5750.845141525327	4.105908113734008	3819.614397625997	159.70188522605088	477.1621863379683
100.25	9100.720547007899	22.204606941365395	1120.1126898830344	220.20236646320544	476.6141227334006	7544.7642151849	23.753399964362437	1910.3426192692693	373.8186374552763	476.2151700679176	6154.166139690207	25.328280376208333	2622.9199077128887	507.5039685992959	472.45078777859857	1713.9308981709023	13.665767909600175	5454.1354913598025	732.6705909961923	469.67480599348664	5750.64216264231	4.102581916977643	3820.1421593835703	159.5026792592235	477.09298564054393
102.75	9100.729352273433	22.196436170291637	1120.2588429844038	220.23722873998852	476.73847749090373	7544.1484813398865	23.84013405554711	1910.7927524444679	374.01204597569307	476.2429326952075	6153.425721842917	25.284393011211943	2623.345540638098	507.65490509014967	472.4960997941844	1714.0565311903492	13.670828690201084	5454.356520732119	732.4412873873546	469.84295942360416	5750.8148523587015	4.10079008699844	3820.2323578460455	159.44764336425504	477.02602337177433
105.25	9100.684335738888	22.187410736254627	1120.2671928861187	220.2430040229379	476.75932827240973	7543.299130793905	23.75297541264102	1911.2305003222157	374.1699006703891	476.16317764579554	6152.827227414599	24.909587068818848	2623.747557978396	507.8264563153683	472.86933046350254	1714.0462521307877	13.669029043202993	5454.56733683692	732.2200896025731	469.9610102421002	5750.770160792738	4.101044971246446	3820.2304474037333	159.39712834820642	477.0779501936905
107.75	9100.725957979892	22.182421637819658	1120.2443005629918	220.23635820149102	476.9171665523734	7543.275219169993	23.382045784815126	1911.3512597126576	374.16371055068925	476.2730497604719	6154.012040396593	24.173175629554066	2622.545924840019	507.4473504636822	472.7271058214251	1713.9887604486396	13.661875442126657	5454.785530903544	732.0024305760292	470.1442962612416	5750.445172021759	4.0953169254300406	3821.0213180547084	158.9790710927132	477.7656110724821
110.25	9100.745695345322	22.184953141336216	1120.1976919671908	220.27656974173408	476.78051195268694	7544.308504218684	23.084277958996758	1910.5602471965194	373.9006932121298	476.18794130663116	6155.5960143183875	24.337079989486885	2621.452629736588	507.07153623268493	472.7654353794179	1714.196801430836	13.657019843058576	5455.030487016242	731.7374326105662	470.02388058716076	5749.754124638854	4.08955149126767	3822.177968480452	158.38640642552724	477.5553874277425
112.75	9100.721562785937	22.185182663376256	1120.1920535389436	220.2785772765806	476.7409575642614	7545.253010446211	23.2149036083722	1909.8492091858839	373.62875320322775	476.15857582942	6156.919453441664	24.292316284119178	2620.361182928949	506.6823528017017	472.63932741337356	1714.0681112454538	13.651601698984914	5455.271714569897	731.5035023205651	470.1061188664963	5749.454843316801	4.084352209174461	3822.844816389387	158.0020816253582	477.5893910886681
115.25	9100.86089859774	22.18544181505644	1120.2076338563409	220.29406651163973	476.77391536329424	7546.101653330926	23.25231730180985	1909.349071344135	373.43741945209774	476.00981142111067	6158.606727006668	24.28315512132876	2619.19351105669	506.2918802599477	472.60996702715005	1713.9250297123353	13.651834321361974	5455.482931478254	731.2999391493101	469.9057498250796	5749.376873135152	4.066837620201953	3823.331399436558	157.73878157984814	477.4558903928321
117.75	9100.905566776792	22.186933108726848	1120.1964909675805	220.27241691281242	476.78105513588804	7546.855932224608	23.28979629311346	1908.7602552308103	373.2917486514886	475.8657898202879	6160.2154285829265	24.290922148296403	2618.0115606103946	505.93033323939324	472.26953499622624	1713.796937132469	13.653972502916687	5455.723824713394	731.0238280014823	469.8046645090149	5749.25037844627	4.0560243869995745	3823.49649868731	157.6307912197252	477.4806881925726
120.25	9100.819385016988	22.185795734099774	1120.2554680876847	220.27213777584882	476.6927272772409	7547.430710243755	23.36192558164946	1908.2539879946992	373.1691065044346	475.9030366922896	6161.81967500812	24.441888854484375	2616.9616528576075	505.53689913482566	472.1447918058009	1713.7556449979147	13.654012501646207	5455.973899061737	730.8076102575119	469.9070692964362	5749.233879887033	4.0494470513368155	3823.7215296961776	157.51842671562332	477.5017962147305
122.75	9100.64217447115	22.197943892765455	1120.167392416145	220.26073026306076	476.5566729755477	7547.644942961456	23.479179635372162	1908.094793261506	373.1043886898184	475.9052464226698	6162.318636059007	24.78398387234984	2616.5416413454504	505.3658052951622	472.1738920049475	1713.6406785998429	13.65646632289717	5456.074897641569	730.5738979090564	469.8523606902891	5749.066925972148	4.049704675524219	3823.923489271647	157.44468211895426	477.61031607451844
125.25	9100.52510532401	22.190107258190704	1120.1527826382255	220.26100424407076	476.7135789349543	7547.823806283102	23.51304965448582	1908.00560317459	373.1079634101555	475.9784936120934	6162.720410720131	24.80938890141755	2616.346632214791	505.2908532207897	472.20587411649063	1713.7582113317123	13.650541833096746	5456.339851667701	730.3173180142721	469.9050379843778	5748.588881644118	4.049591024407924	3824.494005396148	157.18288619604388	477.7658918261906
127.75	9100.484417568177	22.18807380173469	1120.0499769553464	220.20024817584329	476.788879303552	7547.602477745197	23.527181181099525	1907.9986218077536	373.1365415593593	476.1335160279199	6163.145668821331	24.94832624273736	2616.1698732477635	505.19258337380626	472.15286143765195	1713.8614476244609	13.650709326363222	5456.491061420239	730.0686527463641	469.9933399491628	5748.288356642093	4.044971454550984	3825.1079602397485	156.8421138319884	477.8854591355481
130.25	9100.681321344033	22.183972916204816	1120.0967127620042	220.16317074552146	476.82106727140615	7547.664305272917	23.4835871213213	1907.960162277171	373.081521015463	476.1793694739077	6162.955498938123	25.14117173907984	2616.4037852601355	505.2615896604409	472.02811385458534	1714.2129931975671	13.64335047801494	5456.662903292639	729.824660246745	470.0327372457089	5748.199136608441	4.049642784410516	3825.583527477285	156.58917156415134	477.76506662068675
132.75	9100.817152372476	22.187066443822317	1120.1832344240242	220.113883119369	476.7443336374931	7547.5406466637705	23.53015319519264	1907.9299202399625	373.0838576853731	476.34521144069913	6162.54599852238	25.145135415509618	2616.7159124318573	505.3864297976806	472.03498648267396	1714.1673918126628	13.645295434839085	5456.69415946895	729.5684561651967	469.8273096876898	5748.200756533738	4.046958243778658	3825.6978090304056	156.510553364436	477.7688965007397
135.25	9100.981170414361	22.185146528215476	1120.1536152424858	220.10730842815897	476.8649116607569	7547.557398361082	23.49240481588326	1907.9465797492342	373.07908414118685	476.4588051228924	6162.273644456401	25.156232127352418	2616.950079812586	505.5397240845432	472.01026939297407	1714.1780223073854	13.647536683959126	5456.84743387161	729.3518181268191	469.98251958012924	5748.142852811017	4.039859202427439	3826.054611132799	156.3447085767993	477.8786949875362
137.75	9101.02557700116	22.1813324253125	1120.0975202052086	220.07273483648677	476.8521952680962	7547.51102527862	23.45679897395939	1907.8443714440846	373.0369074865693	476.63561587261484	6161.67314239547	25.16233897216748	2617.1608160652545	505.69767012345307	471.94655020180994	1714.2305980881229	13.650115279634226	5456.980535348981	729.1272648915425	469.89265172378254	5748.069988643407	4.038119825063198	3826.489406104224	156.1379388858215	477.83979835023524
140.25	9100.899156208941	22.175691208439922	1120.0426894347702	220.0625063259853	476.97076017985637	7547.692401874319	23.527021223405143	1907.8140565212932	373.0064095043941	476.38691766820307	6161.240192903497	25.13405708246482	2617.4127050838747	505.80416228424906	472.2575827146692	1714.4275202146932	13.649423343985676	5457.156727578888	728.8625810169136	469.7584214562207	5748.087583589967	4.039739798185249	3826.7498440632066	155.98109316736753	477.8631104047008
142.75	9100.984022092121	22.1731505810789	1119.9459500464984	220.0790702405402	476.9711134467735	7547.388967868189	23.646130001151185	1907.9937843309285	373.0692572799408	476.33513346715336	6160.9151749610555	25.114035976835034	2617.6310044714037	505.9392534118956	472.47826436836584	1714.6682423181098	13.655196070919622	5457.292703802271	728.639355937325	469.870645980372	5747.928958940158	4.037411056203309	3827.0628688846136	155.81022390373684	477.9154271178436
145.25	9100.9258637052	22.177507067968445	1119.9411740968874	220.08430083198087	476.8907818799372	7547.162222392534	23.5437275789973	1908.236531093662	373.16197264754175	476.5407048140838	6160.463994021472	25.12897196462099	2617.8382223791077	506.0135004861784	472.53657750178456	1714.7760248764318	13.651345528088106	5457.43574357159	728.4287931325335	469.8167060450705	5747.787347912422	4.03484547256444	3827.3245469882913	155.65187063050652	477.8613178222953
147.75	9100.964697722808	22.16812645258605	1119.985553552385	220.1080821830346	477.0360855721595	7547.3879109059	23.44381019624471	1908.1710885175546	373.1477724853024	476.55897309886365	6160.16248807565	25.15626311687774	2618.112242290182	506.12940532826036	472.5345947610779	1714.7993169505626	13.657694113885	5457.6007753441445	728.2200012451361	469.84312765558514	5747.842470319084	4.03437985152298	3827.370341276674	155.62410025352978	477.90109568208237
150.25	9101.040958435087	22.163827774118804	1119.9915780469548	220.11134681496267	477.0649540722125	7547.352570014064	23.445027361928638	1908.1820083981147	373.17187771336296	476.8493440813426	6159.851721266084	25.155867139348743	2618.4191227174106	506.2518929711893	472.4803828816041	1714.8248608631807	13.664427296462136	5457.824287453579	728.0384373951207	470.1103951856628	5748.084857730471	4.0321338972837815	3827.158503169187	155.71730672726775	477.63500256241474
152.75	9101.08301560426	22.156885135283357	1119.967175994264	220.11669728392724	477.1868971252994	7547.757657571773	23.390043159121497	1907.8979433845686	373.10774430023395	476.88692645773364	6159.559154515584	25.172535598071452	2618.7325439164956	506.39143703930085	472.5426738273079	1714.7611837498007	13.658822632356978	5457.938953521613	727.8169208534863	470.0510238259184	5748.096757740013	4.038426040252399	3826.723231904779	155.90712455824095	477.6379767663715
155.25	9101.070848356867	22.146900545631375	1119.9440631189896	220.12393711214057	477.2067737934488	7547.633738894223	23.489078864437744	1907.9113939580566	373.08018757546864	477.0006554391541	6159.18287821726	25.182941245651925	2618.9782043338455	506.53141544334113	472.50826848184346	1714.806982556366	13.66480321248689	5458.064593736835	727.6595561523843	470.2551572482066	5748.358366154478	4.041896337487574	3826.398349646957	156.0545627508137	477.6212385656066
157.75	9101.063004777197	22.144985483223554	1119.9123504575196	220.1095896731706	477.38365512353806	7547.703156834601	23.41299163018442	1907.824894435305	373.03776031973143	476.88254168736756	6158.858890630903	25.176569675176637	2619.2668921003897	506.63495053036087	472.73355692180786	1714.720433543151	13.665034461345076	5458.212532225608	727.4624081918971	470.0412240967152	5748.750982597859	4.041843275532057	3826.1113487890257	156.20379234833268	477.66109876612876
160.25	9101.0625913227	22.13524280114285	1119.9175815789724	220.12769688075437	477.5434347987069	7547.758716486932	23.447722098944688	1907.8331744016748	373.0622444266143	477.0451262384142	6158.610051066677	25.14945822196199	2619.5905942698514	506.766039791074	472.9443005858155	1714.7805103879236	13.66876208392082	5458.361309251817	727.308503293798	470.03410090414815	5748.631388593419	4.039689233681749	3826.2208393017186	156.14900625330054	477.6538118927165
162.75	9101.006527893853	22.11915349614486	1119.930050163877	220.13769927183728	477.73636599392256	7548.080210744084	23.289026402065932	1907.7721480033554	373.02791683987783	477.10290405410075	6158.09251101456	25.133427288178915	2619.840221047801	506.8788982689638	473.0986720663192	1714.8318026775485	13.677603848724834	5458.589002149667	727.1438025255708	470.1554542212614	5748.664903059717	4.039118755220142	3826.2367671808283	156.16966374545206	477.71067516184814
165.25	9101.097323446415	22.11722238588757	1119.8823714990208	220.14449611956826	477.67349942740566	7548.67866225944	23.19031490729435	1907.3254504111542	372.867750762161	476.9969481180789	6157.832871394025	24.96829495450217	2620.0760717371772	507.00860762507887	473.3511916385824	1714.8912151534958	13.680779840634477	5458.758318435067	726.9561163251069	470.28446736689847	5748.794029092277	4.038292041686302	3826.2125104116108	156.17285945443166	477.8160498708737
167.75	9101.097218511464	22.12233446974843	1119.865487126183	220.11822331128838	477.61958266187673	7549.030183224884	23.174990726280818	1907.109296874012	372.77926962495036	477.0781515275961	6158.462909965463	24.58186252480684	2619.7536545133844	506.88977324403777	473.48555826643513	1714.7454954120026	13.674894815228472	5458.912900773905	726.7545306792055	470.30292583237235	5748.803477039555	4.033815948819274	3826.3728188138916	156.04665514898645	477.82029677730634
170.25	9101.112170432863	22.11684970520378	1119.8625643559517	220.12345887882316	477.68785942110003	7550.172537697166	23.313879196543457	1906.1791535793682	372.44508540969093	476.7730290494071	6159.445126696767	24.54882321484046	2618.9424185533408	506.5972330655239	473.36721081399094	1714.845320455158	13.67571046329769	5459.048478442435	726.5460702626397	470.2209426258581	5748.781282863906	4.022521102208581	3826.5621417878388	155.9543829773173	477.9136952305612
172.75	9100.953125549488	22.11448864864952	1119.8940638040228	220.12200394011023	477.63115106184074	7549.097936795212	23.873599100451685	1907.153205198521	372.79971286502706	477.1375925988053	6159.753013339516	24.89852254858345	2618.635413162831	506.47950174593484	473.1337322303732	1714.754932293246	13.67529543960543	5459.198385729466	726.3657270189989	470.25209993228526	5748.536620836835	4.025321714437644	3826.7619402148393	155.83293465914252	477.7532483532548
175.25	9100.927612941397	22.12168033350259	1119.915773160325	220.1104974877129	477.60120459474274	7549.2670494746035	23.2666554940905	1907.0748618836965	372.7359641629324	477.10541868043657	6160.053683558778	24.94497692012205	2618.476784360587	506.41842920759564	473.10664646687866	1714.846047718055	13.67367759679773	5459.322732265432	726.1303261761476	470.2960322479256	5748.587940744938	4.021329979142432	3826.591203859802	155.90127802651068	477.7551713922254
177.75	9101.089707623149	22.12892934318493	1119.9924686810434	220.09492823518195	477.5069278175929	7549.211715142642	23.59009969087615	1907.1639945499267	372.77056474161964	476.91910852000467	6159.78971953208	25.094712036579597	2618.572707808577	506.4529340809311	473.06080340026233	1714.6674722453852	13.667365017926745	5459.472805865038	725.8748029636791	470.10351487156504	5748.65366925841	4.027012374699255	3826.496399506721	155.98292667840985	477.7542854083334
180.25	9101.194737304482	22.132441129852637	1119.9670102953357	220.10392967457872	477.4003280398467	7548.628767280156	23.55084058827778	1907.6403949466742	372.91015300585894	477.03976345710316	6159.331298874838	25.107541355759768	2618.8517346760727	506.56805474629357	473.11308317861784	1714.7238908008385	13.664327999434601	5459.657327659789	725.666398623737	470.01876388591444	5748.5065451492355	4.032241302489811	3826.660772283089	155.91605237990993	477.88512785149453
182.75	9101.224185575575	22.146307529028487	1119.9880842949092	220.110165348609	477.2847555141772	7548.771835209177	23.34756439206557	1907.494943217512	372.8692158656219	476.9215102854158	6159.127976169126	25.09247916049019	2619.0922746575097	506.6908155309208	473.0987936008684	1714.7145290508847	13.664859708425546	5459.8273200992935	725.4615659090085	470.1727985192527	5748.395165662534	4.037480599987084	3826.8687810487177	155.78966031226383	477.76496747149986
185.25	9101.007665997364	22.15776908833758	1119.9818668237194	220.07016315879576	477.1071873414318	7548.519225490169	23.45872954439374	1907.5238578118704	372.9322928741413	477.00731175832334	6158.546091623597	25.051772670946395	2619.295134025979	506.79127118305377	473.33041728498506	1714.732301042199	13.663308944055924	5459.992363217335	725.2470640981925	470.2412135057019	5748.308320898867	4.037245878427594	3826.9097724928047	155.73152366261007	477.9376092962344
187.75	9100.953422058372	22.167108562682827	1120.0772739776394	220.059106259337	477.0900161737037	7548.724060134661	23.425561831312134	1907.3770085654944	372.8598564094761	476.9430362947683	6158.659705725994	24.809207607064195	2619.2709770636206	506.7227882972361	473.34598192033263	1714.6780450737492	13.663680028453092	5460.118265318388	725.0481754462149	470.37548522465204	5747.95746264719	4.043876397274978	3827.297639639827	155.5488404242429	478.10704364207896
190.25	9100.930982532012	22.17144257080517	1120.0386843740132	220.06791769513018	476.9528866317707	7548.413226484133	23.720260238844013	1907.7203850524795	372.9760909749165	476.7764825217171	6158.957050353503	24.729219870729963	2618.97375676791	506.59952242311795	473.05630108042004	1714.7609741789022	13.661531120234534	5460.289800553844	724.8610089725835	470.4025745353714	5747.81227281221	4.039679097373607	3827.8446971632875	155.24187231583363	478.1666339529172
192.75	9100.802308809461	22.1746081085064	1120.0213871249714	220.10623616971412	476.90857349688935	7547.851677264874	23.688056260422876	1908.2335391730458	373.13864979454956	476.76865537048644	6159.446807011474	24.735118826126826	2618.605236423927	506.4989185767912	473.1295900211796	1714.8550886823123	13.6652585823338	5460.440440281184	724.6740054138248	470.3639328182838	5747.658229115619	4.036371332170976	3828.275827883596	155.02915405035498	478.198611418205
195.25	9100.759212960167	22.182249668740617	1120.041529495996	220.12199468758504	476.87843568645286	7547.557483017469	23.523800632899317	1908.4750708438366	373.2472508388133	476.9166872172492	6160.0532629546915	24.76833263040911	2618.350948537345	506.394743233842	473.05656401157717	1714.8053158568448	13.657268605524377	5460.61373243437	724.5157893790571	470.2913089190044	5747.235354508841	4.029298798411411	3828.781595896111	154.80627778538548	478.26196137962603
197.75	9100.796536252	22.17984797503216	1120.0742982639006	220.10171996575806	476.92083436126006	7547.657064899022	23.36926888388166	1908.378701749041	373.1922412765873	476.84257814530355	6160.443479845802	24.81077347254302	2618.1045074037247	506.33407790952725	473.11960637828554	1714.7875482169775	13.656096206959191	5460.77514551528	724.3131689526683	470.18884807525717	5747.006972100218	4.022728235655133	3829.01777886513	154.64929363700466	478.1740440337932
200.25	9100.879988452964	22.18715112862066	1120.1257237129678	220.11042205539928	476.81572796076404	7547.828645365314	23.40166177617554	1908.2640661124653	373.1350638239187	476.96019157343864	6160.71851568851	24.79571959633267	2617.869085359051	506.28094315925534	473.2573720904233	1714.7633451449738	13.662891839874368	5460.959301477876	724.1129596568425	470.2955704437306	5746.829276691974	4.02424485231448	3829.4510133227163	154.4006355072658	478.43998300330884
202.75	9100.822538589151	22.185772536411285	1120.1285809866947	220.07937242184136	476.7575229243233	7548.123186977256	23.39614030639447	1908.118636113416	373.09137321370747	477.0037515883502	6160.78039779992	24.78517569791336	2617.704448906851	506.2463080911919	473.41084382511644	1714.7204582059596	13.658491179792758	5461.110207334688	723.9073576640143	470.4771056055153	5746.564315399841	4.025407526287986	3830.0324867567765	154.12655070559293	478.3598962305898
205.25	9100.922052705151	22.169702097476367	1120.1972515285668	220.06123920307493	477.0526770152121	7548.1435667928135	23.31498843661393	1908.10556697226	373.0857911459827	477.1955388923497	6160.995243009899	24.756670759714975	2617.545704392318	506.19339154829146	473.3717119530833	1714.6754039514321	13.661921872164074	5461.273710126321	723.6991590961204	470.3123907685018	5746.623563844803	4.014886153832382	3830.20581304597	154.02971588545373	478.3365040876604
207.75	9100.875313908093	22.16136231463495	1120.1659371244248	220.0820290077795	477.0013982992815	7548.9146522151605	23.0751123486897	1907.6404088340314	372.8738112976183	477.09847549969874	6161.440437863732	24.66331285110502	2617.2225430000212	506.0779886396825	473.5359854661271	1714.7594520461003	13.660744541290793	5461.4265576678235	723.4941692931242	470.2445210085233	5746.328251330516	4.010732082794335	3830.403503065072	153.90969607325565	478.3678445155461
210.25	9101.08660756631	22.171311277292464	1120.1643087893465	220.05263019790743	477.00038260721993	7549.735208458385	23.18839485402665	1907.1152394998535	372.6633028520449	476.97934191526343	6162.23956741905	24.73584507814277	2616.8343395744505	505.8742005772143	473.41157535148204	1714.9424661532096	13.654160422365477	5461.516636478214	723.3187302695414	470.39216946584065	5745.973891446765	4.010506399600742	3830.7631381816655	153.72756328470211	478.39502194979076
212.75	9101.080419549398	22.168439037758795	1120.1603959355973	220.04846745957198	476.95151093827104	7549.904465856497	23.58279877832425	1906.9301224803496	372.5823713022542	476.83661617734595	6162.323009632734	24.989800432735706	2616.8590260851897	505.9049285639331	473.44975906157816	1715.0759682396924	13.658399572580768	5461.664240789925	723.1188381014483	470.4843372521233	5745.764063532541	4.008310973819096	3831.2110733255004	153.5495066836954	478.45005613243376
215.25	9101.035171066049	22.174011976256043	1120.1410084807817	220.02968500139835	476.90927378774893	7548.559571465235	23.838290383608324	1907.6960659724934	372.8709412557567	476.95328403538497	6162.161793612415	24.930503389609303	2616.9819354360675	505.9944013779807	473.3977814231803	1715.0461823760445	13.658897808146092	5461.741518737487	722.9226857931127	470.5390490239404	5745.771466381794	4.006666894544946	3831.270689553138	153.47627804304094	478.2318477131519
217.75	9101.05155939025	22.184793383331666	1120.0892357403782	219.94143755448596	476.88190441624886	7548.145887547311	23.45915291558519	1908.0060629781187	372.9716335560721	477.15896114554357	6162.381127559714	24.858409939860564	2616.877478800196	506.02333288405407	473.199123448285	1715.0615411734168	13.657254862365704	5461.788030640132	722.7122207477912	470.55421303626946	5745.84435671786	4.008665079323935	3831.2853321113594	153.4901828539441	478.4644114093139
220.25	9101.126686469825	22.18371939870913	1120.0910384807878	219.93997695061196	476.7451950164744	7548.20540092491	23.39925272666785	1907.9147339095346	372.9658671000513	477.3407900267289	6162.528929516818	24.858481037746618	2616.757513363161	505.9868307347596	473.0907502456382	1715.1090324895329	13.656057276220766	5461.876260279533	722.5095015826844	470.8011630104278	5745.68438768995	4.012493654021155	3831.5504422368535	153.38399737872874	478.47256151638993
222.75	9101.100553292303	22.177997390269983	1120.1145773743447	219.90960132677225	476.9181651415155	7548.270189541214	23.391221424046602	1907.8128470227423	372.9524074310429	477.38762087045717	6162.686801617549	24.852291246317034	2616.7303206531265	505.9500444720176	473.1018959772226	1715.1812143863306	13.651996915332228	5462.069403936868	722.2874879853781	470.9762448222464	5745.366811562822	4.00836225624494	3831.8579992094433	153.23725518387084	478.4515608541058
225.25	9101.03141094296	22.17970375071907	1120.1000360995142	219.94022872002193	476.84224016993926	7548.456362375754	23.40049159193539	1907.8232544813075	372.96347278904886	477.39731611160414	6162.872417222575	24.866427696086593	2616.671250824983	505.920673609433	473.07656367735024	1715.3064915394405	13.659214839358363	5462.110794669784	722.0841210704591	471.0897546157383	5745.404475118276	4.003294523609896	3832.1223750149643	153.13860378136582	478.40515904941043
227.75	9101.011859440809	22.187828052329486	1120.0393782826561	219.91741412240458	476.6728487850976	7548.494584485659	23.49830233616301	1907.8587534576473	372.9783400967368	477.19045629129783	6163.017820881211	24.933977711145655	2616.6479103132365	505.9367515106549	473.03594624143034	1715.3563332745725	13.65746580875521	5462.199364161627	721.8927647950267	471.0653485416251	5745.546249333049	3.999466854981467	3832.161315668916	153.10421451657015	478.4219995935133
230.25	9100.862206160473	22.193197847680963	1119.9781685322519	219.95897048296857	476.6940262810933	7548.403187690485	23.49958331165151	1908.096939576193	373.0733187202701	477.3577517379966	6162.854864091298	24.958449243706667	2616.7162134958994	505.97269381910564	473.1606429937041	1715.4884216880555	13.651575206804967	5462.315331422393	721.7185866272949	471.07104587813905	5745.509822717984	3.9973857706694047	3831.9709869041317	153.12372828660108	478.43094534492514
232.75	9101.010654026039	22.186208382031257	1119.9678216514271	219.95727813231707	476.7386702555502	7548.623385020511	23.417734315610982	1908.0148068562594	373.0240098835807	477.04156980634843	6162.684528040942	24.96796303938673	2616.7950456516605	505.9865415333456	473.2217410833215	1715.6616063908261	13.650931870524525	5462.448762730245	721.5202024344813	471.1361485495582	5745.442676519294	3.997853924263094	3831.941197926865	153.17541479198434	478.42941552696345
235.25	9101.012912360064	22.18987536784262	1119.8776095396915	219.95224407159822	476.7184716933806	7548.351683847635	23.55096209293348	1908.2079366583853	373.1281729162829	476.9352108553742	6162.347957990304	24.992682779507383	2617.149294821171	506.07018013937454	473.4126982280415	1715.8701401841336	13.653541076685991	5462.653072162318	721.3464457698781	470.87491574903754	5745.091680360857	3.996530041879917	3832.1477006757877	153.06889108702066	478.3957477706042
237.75	9101.02713210496	22.184629100162937	1119.8695126797088	219.95524537511113	476.8298767292667	7548.269742607672	23.647777402489066	1908.093277086281	373.1405329423556	476.8058634560308	6162.347441503535	24.69777907140629	2617.2075006723267	506.08458386579116	473.62124464141783	1715.876770453599	13.655051485611791	5462.769846345612	721.2118509257518	470.9520525548113	5745.151527365717	3.99590679939331	3832.156656676561	153.0645871084925	478.4795075068902
240.25	9101.09233819882	22.17118618303263	1119.8642859322595	219.9501268934805	476.88770345786327	7546.887987172019	24.029715818849102	1908.9459433898496	373.5019770870076	476.8484261469332	6163.2302431879325	24.62227675283594	2616.501983452856	505.83874300678923	473.31536547671965	1715.9842779975	13.64845635642547	5462.982419050606	721.0497966105419	471.0367246764787	5744.971664495266	3.99655171977998	3832.3774534112254	152.9407294480191	478.57777175349156
242.75	9100.955154435833	22.182264306416357	1119.792424413752	219.94531555371043	476.84364344113123	7545.983485806226	23.62375838053007	1909.6588681524065	373.7875500109358	477.0314921977523	6162.735169133718	24.964775211278905	2616.8451309422935	505.9926517839096	473.6006815357751	1716.0320018880684	13.641008413825034	5463.147390990634	720.87431872284	471.13993581133144	5744.715544378391	3.996622741286157	3832.687882774222	152.7675149681254	478.6321709784725
245.25	9100.933353456789	22.16771296590049	1119.9224425561874	219.92820069893364	476.98291040924244	7546.258006582156	23.25296838024268	1909.336863528371	373.67575029957607	476.98421710918814	6163.440821030752	24.52593252354859	2616.47866916093	505.852563934233	473.4618706687199	1716.026480863419	13.642546737376307	5463.223435976862	720.7189286110695	471.1026864138979	5744.549208155821	3.985084277421072	3832.955399816602	152.6778248590494	478.5476396307138
247.75	9100.983079041614	22.172978890509842	1119.8756459317483	219.94325464362475	476.9089889623939	7546.401814871704	23.33356363496946	1909.1863244377496	373.59619499742377	476.9575261631167	6163.443224519493	24.8494596085336	2616.3945730697396	505.85287401663504	473.4908466127749	1715.969426645945	13.646185671374255	5463.29360689067	720.5339471510717	471.15729984283854	5744.515583791538	3.9827649349151684	3833.00692311236	152.65815855665033	478.55622900871896
250.25	9101.00101957533	22.17861433533921	1119.8552454475937	219.9745971961069	476.8226457610736	7546.869424678686	23.274125413452357	1908.7648114955211	373.4503113921664	476.74951472324335	6163.376514388194	24.77015944964295	2616.3375960629187	505.831637106966	473.52309359866666	1716.0441410719552	13.646043783649025	5463.405308382431	720.3195139322169	470.9749676629526	5744.375999004129	3.983707906940142	3833.1256571871622	152.58470062205396	478.7256229616824
252.75	9100.930310867629	22.18377940364744	1119.8619864031646	219.98915434220447	476.81966779940217	7547.570071532296	23.31433348992746	1908.4345834718256	373.35911889027585	476.6835803153108	6163.442243452196	24.820315924252636	2616.220919533301	505.79303012355825	473.30460984259236	1716.1135685075187	13.642336310934548	5463.448989645461	720.1661699362564	471.05653149150555	5744.108091832989	3.9837169124212615	3833.468348438729	152.42008388150305	478.8083803747228
255.25	9101.06010831386	22.184838109206336	1119.8612083644266	219.9773874282306	476.74134709764627	7548.001712188963	23.454678006911543	1908.194086355679	373.2575672224743	476.7337529948808	6163.515186472683	24.889730470080675	2616.3534170914018	505.8126631377778	473.5126871508244	1716.0926219883256	13.650237956883068	5463.487125544194	719.9667547420242	470.91963735234066	5743.928279367934	3.986994773833989	3833.754098573498	152.25112191480406	478.6198666660744
257.75	9100.969208251916	22.179473510017115	1119.7585190486166	220.0025368727754	476.75555954306014	7547.918042756832	23.578900733107403	1908.3712092301741	373.2952805132252	476.8790917754961	6163.315969102691	24.835910824190623	2616.3260591748985	505.80582541604565	473.4077232214928	1716.1534880066285	13.648136352944483	5463.629129947638	719.8156918432763	470.8936097923499	5744.152042786786	3.9878776404156344	3833.6371175235954	152.31275722052152	478.48029177175755
260.25	9100.937451969878	22.181833628884498	1119.7467938877421	219.97245760549873	476.85958443334766	7547.743327621839	23.577708320922145	1908.4995686767288	373.3418518609994	476.9030712438282	6163.529612922244	24.831826322737008	2616.3879516518305	505.7987711304481	473.4608201467073	1715.8519451452385	13.64065273107557	5463.728054369408	719.6772499338244	470.8972997239239	5744.0525737145845	3.979236258856	3833.6897066979573	152.30571237365282	478.64316325262547
262.75	9101.03828003517	22.166463096871887	1119.812757173462	219.9210538407012	477.0234825148315	7547.500354567321	23.509277962556986	1908.6793894231328	373.40785060793667	476.76965829449017	6163.3903691217	24.952796563783878	2616.351734766211	505.76657000093314	473.2952047056954	1716.017760777836	13.63948899515479	5463.807107589125	719.5233724220644	470.7980569588903	5744.2473293225385	3.978272720152867	3833.8973446353166	152.2084810163511	478.7821809901148
265.25	9101.019092865412	22.162341887867424	1119.775916993752	219.95396217710604	477.06274391222286	7547.61995475909	23.478135298157074	1908.5618275807826	373.32698702608377	476.7534490983079	6162.620144928501	25.169025175674815	2616.765457951019	505.89571663510156	473.25519326093627	1716.1523706001244	13.64474096288301	5463.924813885647	719.3922608948851	470.8635716422659	5744.069302488742	3.9802891034643273	3834.149336441563	152.0797192495662	478.71953446386595
267.75	9100.956640599583	22.15337027630474	1119.8913606746216	219.96828064058718	477.2388180266151	7547.097362713643	23.640364322968416	1908.8955741340021	373.4166763499291	476.95612333541317	6162.008701574652	24.972723833755627	2617.211472022937	506.05393173909323	473.47030431564605	1716.13138003206	13.646933931563066	5464.023942097351	719.239720763415	470.95917289636174	5744.048593935034	3.986929540420961	3834.095390676148	152.10118532410922	478.4804924343022
270.25	9100.821029596853	22.15376593216899	1119.9062424219117	219.99737336389302	477.2275676264382	7546.932336968123	23.422028921539937	1908.9691024590998	373.4456246829266	476.9640021135536	6162.0131038499685	24.629531376569094	2617.1202506612244	506.058357742959	473.5287949715085	1716.118853327623	13.64923088098384	5464.156154611064	719.0833581701187	470.9462129425978	5744.202211382635	3.988225201955855	3833.6314695059136	152.29119896932772	478.38519904906775
272.75	9101.01288678635	22.148036293779715	1119.868112453555	219.94855352320735	477.1654950126373	7547.089068830722	23.298765417439796	1908.6866296333892	373.3578102252668	477.02740791364965	6163.1292132888175	24.540826708017597	2616.3943749422237	505.8562944724924	473.4102271657555	1715.9597597226082	13.646716916478189	5464.349088899537	718.9410948305235	470.8030963027369	5744.5207978277585	3.980266575593176	3833.257001581447	152.52184829869836	478.42348404392794
275.25	9101.05970669391	22.15563757145363	1119.785859579864	219.94065464825195	477.13086285674336	7547.4852426340485	23.35287496606146	1908.293499796448	373.17352515369726	476.9726113947032	6163.086138338573	24.84043444937433	2616.401666009895	505.89290771524617	473.5298179237703	1716.014209139644	13.646073938402516	5464.474094164043	718.7942357167848	470.77504731957254	5744.5574774902425	3.970891220017565	3833.14808840673	152.59988639972062	478.5906099122834
277.75	9101.282010896655	22.16858924425105	1119.7215846205308	219.9530975629773	476.97237659694974	7547.340432458616	23.497409258715884	1908.3500575700177	373.2162630379279	476.9686100731428	6163.762720212674	24.680668727406655	2615.95171625936	505.73107029456645	473.47380516837825	1716.0173091653724	13.64010039087881	5464.564994445819	718.6464366537501	470.78582373059476	5744.304885229987	3.9623533266695317	3833.2891092945383	152.47741567962845	478.66884208334517
280.25	9101.443010886967	22.169800793494066	1119.7261402136514	219.9569583442483	476.9905827601567	7547.468668830812	23.366917444161327	1908.1598886239424	373.176774412751	476.85514333623996	6163.53482587633	24.924398090779025	2616.1497381435634	505.8376222816472	473.57565256078317	1715.891249331179	13.641892631986382	5464.661084385251	718.48932931197	470.70777675490945	5744.259349314753	3.9670413514487723	3833.6049166236685	152.27578756521763	478.7697961379236
282.75	9101.380461136889	22.166186615715016	1119.6640088848617	219.94328044643905	476.9607649266753	7547.564848296608	23.665533300632497	1908.1128612578639	373.16489742482327	476.7646622990761	6164.003069267881	24.736663886903923	2615.7803276074665	505.7168341880411	473.400450249063	1716.0749391391794	13.636189602402915	5464.800052424764	718.2890797267827	470.75268372474625	5744.134226213757	3.959774224821098	3833.9134364545084	152.0939574230263	478.7792107637313
285.25	9101.31502039379	22.165596161735206	1119.6581393897986	219.95633558294875	477.07894994594693	7546.635953617554	23.582959519474315	1908.9474796250943	373.42304750621287	476.9702746536756	6163.4385431062765	24.888705589365557	2616.2723630154373	505.8964505999198	473.3070405283606	1716.1361784753092	13.63874095604733	5465.033722851873	718.1312742185888	470.71418990847695	5743.957459146527	3.95948445688346	3834.282569663168	151.9181512349217	478.8391952974312
287.75	9101.270436327279	22.17136723642344	1119.6113179838526	219.96263146871883	476.9210576951037	7547.816882684455	23.104212300246505	1908.0576413914735	373.09361682215564	476.8549080171796	6164.587688536965	24.52440492763339	2615.2539253319833	505.57612270444366	473.17559691485917	1716.1362578294188	13.635840474574588	5465.089839347446	717.9901740859113	470.8516790307815	5744.117660457011	3.961121987723067	3834.027644120894	152.0416873118037	478.3548066966501
290.25	9101.288920607767	22.17584266882404	1119.6955483813952	219.93418951738934	476.87176118002617	7547.157368055182	23.97383957179072	1908.6061493741327	373.24991744370067	476.8762004726956	6163.683111179142	25.58933459511185	2616.0725390572065	505.8671981016305	473.1941422791476	1716.0237326873748	13.638998995621773	5465.2008520682475	717.8404743651693	470.7947812550918	5744.3488442293565	3.9738006393030583	3833.6196992980244	152.26904057321318	478.5294517931936
292.75	9101.271408327228	22.18794447097268	1119.731461512368	219.9464375384059	476.7568086196317	7545.999675647234	23.997739730890817	1909.2972845621566	373.5327723823609	477.0653960179575	6162.156541409981	25.006320810399963	2617.071802903786	506.22742027284664	473.30661644471826	1716.2982496109544	13.639403399505769	5465.363028734377	717.67111926544	470.6188895053774	5744.2643776822	3.980942256758443	3833.6309813930384	152.2829141712221	478.4750348019596
295.25	9101.45578492247	22.183430800643233	1119.6705608116395	219.95355306912504	476.70002572127026	7544.321171923876	23.744905381450213	1910.5386889183044	374.02554260413694	477.1056263438	6163.297297862533	24.55387332725894	2616.203843791129	505.91374986857494	473.12248165217926	1716.1623351469264	13.634607134294194	5465.449754663752	717.5446956021384	470.7070109249175	5744.5561936605045	3.9715160307699655	3832.826038746662	152.71206361887255	478.0260808467513
297.75	9101.325504455732	22.197665945429616	1119.7035647981993	219.93870711989516	476.5808823465695	7545.481430249409	22.789765413748228	1909.7449215971867	373.6724852785208	477.08132833902937	6161.862990782817	25.563709873679098	2616.977503962775	506.2648030663461	473.2624870135829	1716.3326689283117	13.638366204830353	5465.511660007432	717.395311153338	470.7753400642284	5745.091845570201	3.980260287766272	3832.064179156508	153.1043072335487	478.2508679804511
300.25	9101.321567204084	22.200102214267446	1119.6954160295663	219.94203793977948	476.54239988249975	7546.687688921745	23.089310162533053	1908.8364117280487	373.3396862873173	477.0149089773129	6160.442119644645	25.111474387271727	2617.9258539570696	506.62592268583234	473.47594627845587	1716.3942117360707	13.637783530038316	5465.60177125233	717.3254765933	470.59540497352333	5745.3039760327665	3.986163058877265	3831.818274614169	153.22870619411768	478.3485400794024
302.75	9101.396296165458	22.204312319279612	1119.7220646429043	219.9372445475778	476.50475605285396	7547.565789204668	23.365901072411095	1908.2917771105156	373.1222601481817	476.8528233160849	6160.846695204827	24.549421800900276	2617.765679242141	506.53050425566994	473.515766364283	1716.6431283686638	13.643588681849955	5465.7418493954	717.2322019018446	470.39458217169187	5745.104535305017	3.9858168295290106	3831.876391420823	153.21900080269984	478.4321934519567
305.25	9101.434500439062	22.205043642957524	1119.6811622176829	219.9234475160509	476.4600540385879	7547.240047665004	23.56118777493632	1908.530080017213	373.22536224232095	476.93339648438985	6161.641049157004	24.595085110848434	2617.1856284854716	506.278645414935	473.3317732060739	1716.8632256621615	13.642229050415459	5465.873497227292	717.0828674305136	470.45070747433846	5745.345483745734	3.985809115630128	3831.67929514303	153.2790225958363	478.26608519177404
307.75	9101.561245753015	22.212766546426227	1119.7401555321662	219.93655121695272	476.4377266299314	7547.443849477208	23.3842917895866	1908.3082141200439	373.10978760491105	476.9055390245999	6161.8164477187465	24.815094249229446	2616.9655997123077	506.2048379202739	473.44636046666716	1716.9736354468785	13.645779860214567	5466.005819583197	716.9752169954098	470.2630367899049	5745.462569902854	3.987990102796115	3831.496091188544	153.3989647722468	478.2682726806726
310.25	9101.501834722165	22.206182563991735	1119.8275410426309	219.96058574571043	476.5515969138376	7547.406183699003	23.55937547658028	1908.3852667150024	373.199231331242	476.9702906773815	6161.847948761228	24.731585847932845	2616.728638242248	506.17978567845284	473.4869880514472	1717.0106253402741	13.643973992528224	5466.138275594416	716.8556886701097	470.11820426808066	5745.348504803156	3.981427616204808	3831.40404522635	153.43105741522217	478.32735523933775
312.75	9101.424580268002	22.202189369738864	1119.8807865064987	219.945510848051	476.4658567280011	7547.347666944267	23.509169460644095	1908.3769408312069	373.2561516396479	476.73326430526066	6162.175722049135	24.644372719418126	2616.4048479195535	506.03673699793245	473.4713260764441	1717.154213164527	13.637888659722622	5466.266563869611	716.7373606937512	470.0729802065922	5745.56922825899	3.98142562373239	3831.121473793555	153.50994727591691	478.1270753370673
315.25	9101.166191232955	22.204778061034244	1119.8503093966037	219.94750711569262	476.4672167095709	7547.316073197992	23.398287695310984	1908.562526626719	373.2642095799047	477.07778816071834	6162.861756081311	24.782978978822225	2616.102129713538	505.8937720667866	473.2120917556336	1717.1826922609816	13.641617962318636	5466.423595410687	716.5868153869543	469.99733543389823	5745.889097363818	3.983513586187781	3830.7029637771807	153.71025313766475	478.1561500379312
317.75	9101.17905878676	22.21116736542321	1119.9556882754666	219.9540684921186	476.4871266307674	7547.788487246675	23.307704517363522	1908.2689492345694	373.1213070091831	476.9727704288089	6162.309432596922	25.122413206487156	2616.345844936398	505.9780637066104	473.3143850982411	1717.2466295114	13.64385803201294	5466.566191774996	716.4873526737465	470.14978241446187	5746.106559962688	3.984335157252082	3830.466278550258	153.83257326575867	478.2124079477545
320.25	9101.201833907331	22.20019361832721	1119.9537703722126	219.96082639077937	476.5922326573913	7547.599014007662	23.48979308176199	1908.3279886014598	373.12875476241743	477.0373337742396	6161.542573306331	24.984560113389943	2616.8365867949897	506.15078413231777	473.4674167314235	1717.4515371802365	13.643751144315301	5466.6541703296725	716.3643665549715	470.1342372993676	5746.121298946042	3.9903616754648423	3830.4014877631917	153.84382379285702	478.22730998762387
322.75	9101.15797237757	22.187165124469782	1119.9163204694867	219.95829570533039	476.74407633383083	7547.760159407534	23.277696053350482	1908.2411030710525	373.074058233871	477.0250429417701	6161.8628824109055	24.470310047349415	2616.627995483356	506.05548772102384	473.6554530244934	1717.370403454575	13.637138685713568	5466.704985871316	716.2284290222483	470.1198085449171	5745.990768154953	3.9861242319356363	3830.4871612104666	153.82064907734934	478.3156355743652
325.25	9101.124285029327	22.185848710120116	1120.0043291457011	219.96518262733866	476.67047551645214	7548.417258267821	23.387381058247925	1907.8274139249634	372.92550980226207	476.8705668051416	6163.213108487163	24.550731825676944	2615.644987669997	505.7112994068365	473.39330724665814	1717.1321265913073	13.623908465402444	5466.802480384478	716.1291155065145	470.12413761508924	5745.955473190808	3.973492660871921	3830.4929103527593	153.80747875869437	478.216545133538
327.75	9101.163407211543	22.194317328464454	1120.055152017241	219.94102318620148	476.5803396581203	7547.690844374172	23.99796107815379	1908.2251553928127	373.0691090353721	476.64893445197754	6162.688429105458	25.162078530140533	2616.092753357715	505.82803730966873	473.48408508730006	1717.1185678127501	13.625887192331035	5466.882785616187	716.0154920304601	470.1883291565024	5746.156764503775	3.97957078923955	3830.202372904163	153.8622390825563	478.04296749948907
330.25	9101.09166884661	22.193053423367	1120.0605920896987	219.99512558105434	476.60768768251387	7545.958707971693	23.763310352658074	1909.4553412133746	373.51770835975543	476.82968733485933	6162.756438922176	24.97397459696416	2616.089307601868	505.8189965361392	473.5332977838613	1717.374327288716	13.627972907266976	5466.910751238724	715.9171946829102	470.1178311268547	5746.511473510146	3.9784722925855807	3829.8508614410343	154.0331927986712	478.1019875914576
332.75	9100.864976024008	22.205462833746406	1119.9792482726498	219.97022135387246	476.524897706209	7547.178945861088	23.203815193842797	1908.5936913237242	373.17368417840805	476.5926722601132	6161.280981283396	25.131794644522216	2617.1178381223367	506.208187617696	473.8108487967677	1717.3567933412824	13.624052108766476	5466.993662105343	715.8043311477783	470.2497227352319	5746.539929106803	3.994237669295008	3829.984129450829	153.97522278775116	478.3353839698128
335.25	9101.218299363869	22.20458209154548	1119.927419211065	219.96589165859606	476.43362449098254	7546.184798038729	24.199125127279657	1909.3690139694827	373.48557782763874	476.80950939314687	6162.408955715528	24.243359188010658	2616.3587899324925	505.8959079666136	473.5067154074859	1717.3801246298117	13.625599941494167	5467.042870337994	715.6756420024844	470.4014011558951	5746.207911839907	3.9829327402615617	3830.2750426503085	153.7951069278007	478.3855662517942
337.75	9101.379145247714	22.209952474694944	1119.8421005276848	219.96766857200194	476.48145760560845	7544.7278682365195	23.652901531931178	1910.46778092139	373.88321662419474	476.84981640882233	6162.761894714072	25.007790512313505	2616.0378316490755	505.74663434137454	473.64710891867554	1717.3143739557745	13.616650893678477	5467.097746977072	715.5511907822828	470.34699720996474	5746.213916248474	3.9777630160911057	3830.449746912585	153.62626113098023	478.2959563777292
340.25	9101.326095825085	22.20240711572142	1119.8646132241422	219.93789432878478	476.64354743515497	7546.1480927696375	23.152049880645	1909.4622641039316	373.54043207121504	476.8551065755669	6161.296679582266	25.141370158946707	2617.15606407539	506.1721001033181	473.8103252969983	1717.38627972864	13.615139295620068	5467.181360984178	715.4631617813187	470.2257623393947	5746.241975432834	3.9924088406663123	3830.47341361588	153.59081757290454	478.2646598639245
342.75	9101.501157348772	22.195209802241468	1119.8623358901705	219.95517532223892	476.59106985070133	7545.507062355562	23.85245011449732	1910.0926507205377	373.78393741868615	476.92509193912326	6162.295050786594	24.069074799651716	2616.405752610922	505.93579680668336	473.71253277651005	1717.3961960250658	13.619453964138696	5467.274196677141	715.3404919671158	470.3803087138765	5746.4930104728	3.9855208045073387	3830.232584558583	153.7050829544886	478.1790024594026
345.25	9101.656636430771	22.192034676935783	1119.8362212870911	219.957390750768	476.6218533326837	7545.663037128595	23.43659650469394	1910.0468248704767	373.7486524787973	476.66672544954076	6163.860374630535	24.338623311063095	2615.282913801175	505.5493912750576	473.66488273803265	1717.4927389913735	13.623593694955444	5467.214738960374	715.23200496457	470.32800073944134	5746.508495161413	3.980067266982106	3829.860742668143	153.8856144558986	477.95200860415616
347.75	9101.704072639177	22.195829514723755	1119.7877767930856	219.97000828644812	476.6910466333314	7545.291799604914	23.378290746568847	1910.324234747141	373.8149269873649	476.7782454916796	6164.285861522184	25.039352110707608	2615.1172470945044	505.4822504691778	473.8100481150884	1717.5987782484042	13.626923209589512	5467.242021087894	715.1081002655052	470.42435001458364	5746.782756794361	3.9830996705175443	3829.0416258267155	154.2677978259736	477.89607320309784
350.25	9101.857585179332	22.173600737064344	1119.7777710971006	219.95704810623258	477.00785338050275	7546.58953848854	23.16864256499439	1909.1756022462048	373.40560452250884	476.73489717759094	6162.741935408119	25.127207676198562	2616.262313676273	505.9117009251078	473.8352332414155	1717.6807003102936	13.626369548175834	5467.3266592933505	714.9925136893161	470.70310742700826	5746.9292455284385	3.9951509567008774	3829.0824851174893	154.26150284519784	478.2878880683642
352.75	9102.025799231	22.161940812464188	1119.7813716239073	219.966881357182	477.00470345062143	7545.668808574012	23.72412198708484	1909.887625030543	373.6486914881614	476.64924421546215	6163.822266752433	24.5103687510301	2615.493452786186	505.6429632574845	473.6446956611911	1717.6548479450444	13.626900969278358	5467.331842694978	714.9150579166202	470.810220937415	5746.912079614175	3.9954668337245898	3829.2303909663055	154.16834889689613	478.25793812263834
355.25	9102.060483962921	22.16835110849879	1119.7628340446738	219.95111523744583	476.9849822242688	7547.3195843472895	23.205786014344447	1909.0371533344662	373.3173789311385	476.53531088673213	6162.698834729967	25.13008453780546	2616.4226390865324	505.9212867610385	473.70278028668326	1717.716270636151	13.62860281100225	5467.401807987662	714.7964387346119	470.8312268713504	5746.473223985658	4.003233847473817	3829.808062892478	153.86996123739578	478.5339672285899
357.75	9102.171731450037	22.16812031904489	1119.805922940296	219.98667946121066	476.9621588225774	7546.041190737327	23.743487896769086	1909.776822344268	373.59961617805584	476.93382185444074	6163.974663352994	24.52820002068965	2615.7250350819213	505.665060381081	473.5083515828788	1717.7169759882133	13.628499646327237	5467.3680841411315	714.6703679675007	470.6681582208726	5746.238402439577	3.993965087782259	3830.2711671846073	153.59133283283631	478.42085590148685
360.25	9101.948484615086	22.171876711197957	1119.7734810404504	219.98042165197168	477.0614479923817	7547.324289983507	23.029790613240916	1908.948929546193	373.25308718551554	476.91033315028	6162.731141310949	25.121318692149696	2616.481653976242	505.9951385816137	473.8006842758499	1717.833709472895	13.634817365919728	5467.392110593042	714.5394985996762	470.6480154176936	5746.173419041833	4.003541689637864	3830.6609237549337	153.41291310127397	478.51328356155545
362.75	9102.130451939925	22.17811272495299	1119.7347031027177	219.98132558638224	476.8126298542166	7547.350874716531	23.571997461703955	1909.1003230982813	373.28475169939793	477.0697817699603	6163.662925097676	24.238795972479338	2615.786699509053	505.70028561092283	473.5503398413569	1718.0054636417512	13.635222372952326	5467.459531785604	714.4822939838381	470.62928117301306	5746.223165551469	3.996621141180627	3830.956628722728	153.2545434818345	478.423622182181
365.25	9102.086187837795	22.17268322930054	1119.771995597254	219.97547387557768	476.98657800626	7547.8704666352005	23.201060636142675	1908.825409970042	373.16478196263887	477.0711819253002	6164.133845178995	24.75195109704788	2615.4722866584193	505.56578560599337	473.6081434272877	1717.9730940706095	13.630750353924661	5467.493096183606	714.3521384328584	470.5843570480995	5746.049845149143	3.987821731778564	3830.883007765618	153.27896814742698	478.3904631345842
367.75	9101.95805076817	22.17349649142532	1119.766955993249	219.9682046308091	476.8809337145617	7548.517915043644	23.3825248336309	1908.3131608061672	372.99317347279293	476.80855154215044	6164.334085950196	24.705787799887933	2615.337653453051	505.5590516948265	473.68170887307565	1718.0527747227668	13.634839824069369	5467.682733998651	714.2708952927608	470.6450892481124	5745.935319086235	3.993894190471048	3831.048109569813	153.17521246194514	478.4634810640801
370.25	9101.950877201369	22.16677868933463	1119.8125608291637	219.95836277722043	477.0252944373087	7548.122989367863	23.721198617454167	1908.6478953521619	373.10873391613757	476.8821288597812	6164.792654843194	24.875155014391773	2615.0204557829975	505.44099872927546	473.3661403044011	1718.1737679335363	13.633395675541516	5467.725710461323	714.184668219918	470.7584832284082	5745.88700827821	3.9765973932228262	3831.1847427595294	153.09989070335888	478.4366528765349
372.75	9101.85700036017	22.162232658742766	1119.857053090099	219.96612427910213	477.08108705666996	7547.555161696422	23.59419229437243	1908.9138104648057	373.23603563129484	476.97464761222244	6163.776616581639	25.225403646796497	2615.77905827379	505.7527972498414	473.5288728377988	1718.1242345402545	13.627591812731879	5467.755310172592	714.0551983015549	470.8876723151366	5745.833612390825	3.985190206756165	3831.147191749222	153.12271290237283	478.29913113157085
375.25	9101.613573318262	22.167493915021186	1119.792348295825	219.96193629304125	477.0288246514335	7547.443281258725	23.53766945381618	1909.0975610731252	373.28894421304693	476.9717513138531	6163.740369277321	24.70424012787655	2615.7504855863035	505.7797045203924	473.58222039771204	1718.1034450114428	13.617007286840316	5467.917156879973	713.9766190407464	470.8504346372064	5745.861972664598	3.9869793076837943	3831.0426518183926	153.20705554545273	478.3878477606489
377.75	9101.582605188996	22.175507553354176	1119.8345800248123	219.9289082660086	476.7455132934543	7547.217653083224	23.401464492410998	1909.2479980165763	373.3345305450209	477.1031620743308	6163.8164071296505	24.765732605542386	2615.6508702985316	505.7104169246576	473.54355761349046	1718.3520625553633	13.614935880837198	5467.980685723664	713.8759456485345	470.6644525767173	5745.7412901973385	3.9831874691554927	3831.2213875258067	153.171788323202	478.48184056145175
380.25	9101.489638748895	22.178676841097296	1119.8318154056192	219.91000420670795	476.8358741672912	7548.025926307418	23.21210746822496	1908.7432037901128	373.1381391420075	477.0174996988543	6163.811049412869	24.753118231454504	2615.5982537028835	505.67659860930013	473.62651830518905	1718.3735693073434	13.605487518788228	5467.926290081964	713.7877422834459	470.70639345622806	5745.494747228189	3.983527032171121	3831.5003331140533	153.08865929217149	478.4764886092981
382.75	9101.66577230746	22.194525103667008	1119.7668472444036	219.88237366050066	476.5319201901148	7548.349456995359	23.477566944826787	1908.5432287277295	373.1032231018914	476.9419907167877	6164.038306672823	24.654631015471576	2615.336128379466	505.5880857956252	473.7789978871208	1718.393980956385	13.603379800479155	5467.879570145752	713.6835256094691	470.6194784927716	5745.378746358171	3.98433182997309	3831.6280623324815	153.0558400228482	478.44584720331306
385.25	9101.58592944845	22.18597713239935	1119.7452184867036	219.92890846662124	476.8141702810191	7548.261648835257	23.50080417133288	1908.6623438693955	373.16009803762256	476.96035271985676	6164.275626549188	24.649000459841876	2615.1289982840303	505.49615010324203	473.7866751836716	1718.5384714345612	13.600148523417177	5467.929911064183	713.6159207349796	470.48482607308324	5745.372491342974	3.9844941190632963	3831.622487686991	153.07661806596502	478.3931097299656
387.75	9101.683011069736	22.186600806654578	1119.7886857630285	219.8972855871532	476.8251635626509	7548.466017218128	23.47160601383856	1908.5848533180715	373.13934608270716	476.94614656051175	6164.742027901737	24.626060746649422	2614.9117595311022	505.39946567150736	473.7292761780241	1718.5886394507463	13.601591629416681	5467.960911600399	713.519135839325	470.3985552378292	5745.349295069463	3.977281905090331	3831.71131248119	153.05069118644008	478.5389452569672
390.25	9101.575608459518	22.174924344401056	1119.7174926831972	219.94261024153693	476.9779056405773	7548.23793872361	23.83237623767056	1908.8464314100363	373.2234261417099	477.18141082539506	6165.082881154858	24.943447615501135	2614.6512190799976	505.2466362672202	473.5959510318049	1718.683068954808	13.597031606814774	5468.023192813447	713.4227175455018	470.5035943229831	5745.149770525927	3.9748342558789793	3832.000357625349	152.90975755998463	478.6535585483562
392.75	9101.60191519445	22.160538606825945	1119.7141849456098	219.93720560868465	477.1219845852223	7546.534747635291	23.709572079270917	1909.9757341085851	373.660399891056	477.4501877660707	6163.582369706146	25.14390964899082	2615.741392329714	505.6426848415225	473.7562930238978	1718.6269918177888	13.596511742260613	5468.068941960434	713.3006715571764	470.2786867601197	5745.291333340989	3.9843123144294816	3831.711995966138	153.10854971918303	478.04929798530765
395.25	9101.636611707772	22.16344745445787	1119.6725669023913	219.97016556599695	476.9977363040571	7547.794498993526	22.76805016745406	1909.204549725789	373.30619776296544	477.17906485719453	6164.425731545178	24.4570379729731	2614.9675968704373	505.40054665295577	473.3882614793467	1718.6705838200978	13.588013983989892	5468.082722572425	713.2389282809207	470.4781369964235	5745.581961188374	3.9763089678450374	3831.2139510717093	153.3772768962839	478.18220824759504
397.75	9101.587823470209	22.16816685703728	1119.6141917733778	219.9891806385266	477.0597112809389	7548.905677156088	23.04697765733891	1908.3321160732432	372.95591018658394	477.0506142896162	6163.51619688568	25.20499196224272	2615.517546578478	505.636244703031	473.555619931749	1718.6939486133172	13.592331942313601	5468.118683099946	713.1595567071214	470.4794991121016	5745.723830934989	3.981654328572183	3830.6520153440333	153.63646325314446	478.13717436499263
