0.0	9099.418066063323	22.25731802665025	1120.6933888360566	220.22955860160326	475.83155697097334	7532.238992647228	23.328030473719508	1920.2574150551195	376.3915273644486	477.03904651828964	6142.372839484403	24.829793275532577	2633.2967253844545	509.80603074750763	472.759987078265	1711.7896954696919	13.58832167829073	5446.177791241422	743.0687074360393	467.8036244905155	5755.297940884698	4.186472360382533	3807.2857401239567	166.3907589063491	475.82727561466896
0.25	9099.448757048749	22.257547681974597	1120.66980458523	220.23498453564903	475.8212094158132	7532.270981610529	23.125356436977928	1920.1891300218333	376.37543549684	477.0727957067692	6142.462893998708	24.74703437979537	2633.238330312119	509.7902441972746	472.8139547847142	1711.7754768759019	13.587524258322343	5446.212380546958	743.0550621539555	467.8084804116715	5755.223448206471	4.18636378015699	3807.3305761076326	166.34643142918273	475.87246609105165
2.75	9099.575510511519	22.24872698662173	1120.7091075525263	220.26380160514893	475.97709726783467	7534.184729205965	22.71201025500326	1918.7076654806688	375.83244845781877	476.9351927634004	6143.463869032817	24.501097270744285	2632.422421002176	509.5172539856348	472.84364941160754	1711.9220227381495	13.587195445487922	5446.467739489146	742.8203243122878	467.80719581166545	5755.170641627755	4.1767717488742075	3807.7824750007244	166.15093855841977	475.81602063384224
5.25	9099.593064806837	22.250693189257877	1120.6812076037927	220.26502048890964	475.9139668169656	7536.278885967449	22.863492484846276	1917.0979113556057	375.2276481191442	476.6642088185054	6144.667046497041	24.39969520147551	2631.3543778039707	509.1717558297633	472.70109597902854	1712.1242561940016	13.584715293665003	5446.7490603489405	742.5766673912935	467.82902962115793	5754.796246909566	4.155919787790512	3808.3176161312126	165.9180443376074	475.91937078412985
7.75	9099.707433866926	22.25828966823653	1120.7358324520335	220.2971081909681	475.80332252930884	7537.910047029802	23.038531924162516	1915.7821340115747	374.8182676608191	476.40971041419743	6145.958569794158	24.3277362071918	2630.15267738521	508.79471919545944	472.65570794614547	1712.0942911197317	13.58759830712869	5447.077806698713	742.3520226596313	468.0509527486167	5754.7161017635335	4.145500765971398	3808.8195748878456	165.68042654883877	475.74788886574544
10.25	9099.758928198826	22.249689738733853	1120.7425915328492	220.34703210001067	475.8956331914771	7539.302579233918	23.21317927730959	1914.8049669119173	374.49800463726154	476.10955791738036	6147.772659122656	24.229185570358492	2628.76560793061	508.3239936747325	472.58609733885555	1712.033632826775	13.589363862525664	5447.338267424022	742.1011180654469	468.31086435973765	5754.575258913279	4.1386113215427285	3808.947443325454	165.68000725033082	475.77010388795634
12.75	9099.785823658945	22.26013834706858	1120.6526737644529	220.28595044106936	475.78750431227144	7539.923125694935	23.219591776445736	1914.30528786709	374.3254955794228	476.0922476960849	6149.974532868283	24.22738598220669	2627.2114467393158	507.8100982298073	472.3401603628573	1712.1909189771627	13.58626194746453	5447.631339544007	741.8371515430406	468.37031445452	5754.719336508795	4.123741098915472	3809.1743612477244	165.5222354805905	475.773164726617
15.25	9100.012137588154	22.255554698465932	1120.6706811364759	220.31480770527196	475.9286662698483	7541.5153667674285	22.928984286759217	1913.0649143649805	373.9163039888133	475.905052542222	6151.374755771528	24.454440567876404	2626.1425085657697	507.50085881376015	472.24321582677555	1712.1645517509482	13.581835483481347	5447.899346473466	741.511487766746	468.411236536126	5754.670056285527	4.125505398281428	3809.1993899720455	165.49877773229366	475.7584276173626
17.75	9100.042035158587	22.25352795181262	1120.664727008522	220.28662845776861	475.8272427293716	7542.64491406916	23.042792034491313	1912.0600134039528	373.5930367124193	475.91400875532815	6152.8813211429615	24.42043627651553	2624.912555962804	507.103422310237	471.96564726951084	1712.233114708677	13.577330920187407	5448.118471874145	741.1878183339571	468.64882658820846	5754.561613569841	4.1255061403608115	3809.25843005849	165.4455359036595	475.83526550899023
20.25	9100.124407221767	22.25506831553141	1120.5671320470117	220.2774979800594	475.8471551928795	7544.437187535776	22.970002950084037	1910.7461170541592	373.1646748713024	475.8561684343059	6154.449800730834	24.489116623185442	2623.83893920704	506.81872167001217	472.0144818620505	1712.2103928895324	13.575845414315355	5448.392245563422	740.8962740015195	468.58378341429756	5754.548969327671	4.126849732227996	3809.6106604061265	165.27769951747524	475.99521719416384
22.75	9100.349491873158	22.26230600559374	1120.4938658512212	220.26557758272313	475.76310952281415	7545.344489900446	23.28677428211747	1910.1062844119476	372.983062327923	475.75684124055874	6156.030257190484	24.410028256083343	2622.7160730177807	506.4822319466899	471.75618462616177	1712.336023320169	13.578530656396898	5448.6177872908465	740.6499899392936	468.44364966163414	5754.127970826243	4.117214102461458	3810.0670487179477	165.00956467772806	476.1250452182185
25.25	9100.582654802616	22.264345245988228	1120.4685255393615	220.29835701135585	475.7403990718929	7546.245785717059	23.265505240088835	1909.6043150484102	372.836062272782	475.70961019380917	6157.484584887611	24.436115175477525	2621.480405375091	506.0954858499218	471.4840326171652	1712.5296851637256	13.580906249628987	5448.779754978381	740.3908795744037	468.72330938782864	5753.948748254761	4.118855918540158	3810.4567764617295	164.7746446410752	475.9774328381422
27.75	9100.62762012302	22.269026025182765	1120.444333413837	220.28935333847426	475.62327304707395	7546.83261148063	23.350747277221558	1909.192506925238	372.74027454928296	475.73635580555873	6158.954217531458	24.44240387096566	2620.3293943090716	505.72883209285834	471.2237156028864	1712.665376185175	13.575077035017477	5448.957825181675	740.1206864473393	468.758938773489	5754.012516975107	4.116135211539641	3810.692631333637	164.62316278958937	476.10918521817916
30.25	9100.526223626772	22.265321277344142	1120.4547401927925	220.3003198715997	475.68012842296196	7547.297554143809	23.37706399101442	1908.759772632613	372.65959898991406	475.7234487005593	6160.389930491671	24.447785557861966	2619.252116143929	505.37727071708605	471.069297212951	1712.6779798000637	13.571394623728166	5449.205019848603	739.826112005654	468.7146725521308	5754.12676436664	4.110183178276548	3810.8344949573816	164.51056700121327	475.9657164918943
32.75	9100.518817677792	22.27891645398267	1120.4967281474355	220.26222247009207	475.5967964637188	7547.61127218699	23.43510948314232	1908.525958507348	372.61749760570694	475.74438947776116	6161.902959272417	24.457470687042104	2618.1559317833544	505.04400975919344	470.9184302874829	1712.8241376231213	13.586088537559794	5449.297351820592	739.5167453341286	468.6147125254603	5754.165901474761	4.099035946420457	3810.9871281978662	164.44825748821336	476.0466081465998
35.25	9100.620178505827	22.276543117720898	1120.4798840881288	220.26920408241378	475.5124710917441	7548.010605714681	23.535740483466853	1908.2779272821563	372.6080688338093	475.68281124573116	6163.232189177747	24.87279749354249	2617.146213010911	504.7202111483798	470.7548704372032	1712.6107166241761	13.58404344923419	5449.45043644387	739.231507010636	468.418236135989	5754.096625404967	4.0990145004804885	3811.1355624220996	164.31738367993103	476.10965327834856
37.75	9100.577542780931	22.285201910751073	1120.416631207392	220.24540689293812	475.5726802424783	7547.970085787776	23.70298782920795	1908.4188890485475	372.70136644816273	475.89047439390913	6161.964435353147	25.788904263622147	2617.8103445520087	505.04026306220493	470.92569844738057	1712.9404059608573	13.590596857973589	5449.585368667027	738.9664464529205	468.4980573218722	5754.18627556513	4.116335935062072	3811.295104280841	164.16075806057486	476.0702620504907
40.25	9100.698209966185	22.277774936562395	1120.3525976659032	220.22890168005398	475.6007646234495	7547.453941863309	23.7218608283048	1908.6923933934995	372.8537450675242	475.8493128330803	6160.318739788289	25.79763608040146	2618.9994609145056	505.5075124323195	471.1706943001761	1713.2310311059373	13.599581825040309	5449.762279455232	738.6536210047686	468.531162242261	5754.111627777707	4.125758862951485	3811.387276066123	164.03934881566528	476.2131698480569
42.75	9100.667322760866	22.284177922931036	1120.3454799192698	220.22767536810713	475.4866690434567	7547.077586753674	23.771388780382686	1908.9104828402833	372.9784158496063	475.88610071427894	6158.853696524419	25.756534088996084	2620.184799099168	505.98609222173303	471.6533175756575	1713.3513800754306	13.592600160885286	5449.955292634114	738.3981403124326	468.57910877525353	5753.882536337745	4.137138402438147	3811.807734272099	163.8160682236921	476.2265886273766
45.25	9100.771836941885	22.2789545744292	1120.3404139510014	220.24315637510745	475.69793435033984	7546.416597737217	23.8655371316761	1909.405224460879	373.1855981555656	476.03166187198946	6157.268210768207	25.7010647362701	2621.2357971774913	506.37979746204314	471.8875924396643	1713.1960242144178	13.607550972534511	5450.185771537584	738.1235930049617	468.4901604482542	5753.8978634003315	4.141503240170455	3812.302265424155	163.5821985821322	476.3522496975965
47.75	9101.014105328744	22.267607536428816	1120.3578901132416	220.24472604052124	475.7960561563797	7545.646247381233	23.95885897035869	1909.9724415949374	373.4270486827345	476.01791953761153	6155.761146432093	25.63694972875862	2622.3507403424583	506.82846627995445	472.2863120243518	1713.3176777384888	13.613508805243745	5450.315756772642	737.886066588003	468.49102511889856	5753.70321418053	4.141349929275371	3812.6909960248777	163.34021267644744	476.3668627435408
50.25	9100.861221606527	22.26674422933575	1120.2988043107744	220.18821456248628	475.73538939304376	7544.264750951937	24.223984853119696	1910.9582593520697	373.80787759637127	476.25063959092347	6154.812631654091	25.48590139099729	2623.2154254270877	507.15488667053404	472.5904246322453	1713.286636537561	13.617053600557036	5450.581331259483	737.638638031707	468.5245297266173	5753.477954547041	4.134746415908536	3813.2650541340363	163.04717092775755	476.47016619299677
52.75	9100.895512023284	22.27307640298041	1120.3663168019716	220.17408023069535	475.6891308141096	7542.792064788516	24.18554904234144	1912.1524176207406	374.283043776614	476.4299142714667	6153.878749064229	25.49094293173326	2623.9102060466075	507.47965224752	472.7090092908547	1713.264458832424	13.623563318446102	5450.824590299074	737.3633604223392	468.5641968720439	5753.206789183685	4.143152353417942	3813.8293467748667	162.74809262155185	476.59291102907787
55.25	9100.711301320542	22.247509019451105	1120.4004363516517	220.17245236711008	476.14426829378345	7541.5917653973	23.556834367270127	1912.903119536058	374.5593462058166	476.42207127212106	6152.600209557038	25.167777807236753	2624.9757891167696	507.852893101941	473.020056158745	1713.3442091475706	13.629580531228605	5450.975479690048	737.136502280514	468.60864350893604	5753.0300448663975	4.1443150537410585	3814.4448960172917	162.4382273898946	476.58404689471234
57.75	9100.523371109593	22.221932278507072	1120.3971716084086	220.17915248426692	476.28623131059544	7542.995123121666	22.722401793601133	1911.8403608354554	374.1684893890598	476.35130525264117	6153.942902700052	24.069100822566334	2623.991731178408	507.5331733911636	472.84215007165756	1713.3906262134817	13.625158495641427	5451.138258123263	736.8803425890335	469.0138796252066	5752.7111370513985	4.130649633993924	3815.282357660356	162.00162060936944	476.9263822993411
60.25	9100.396104896356	22.2208353841358	1120.4151592762967	220.13378583615255	476.27135808142526	7545.091506102585	22.723715066127138	1910.3297274642798	373.6389334763099	475.9377816739295	6155.917584382433	24.044933832548914	2622.3715005361637	506.98731414742383	472.62377791100124	1713.311324648107	13.624422077237732	5451.374699065923	736.6540629472372	468.86956361975507	5752.125899447898	4.1082572724090385	3816.0696203221537	161.56452233097238	476.888506918132
62.75	9100.426932569602	22.220658371797754	1120.4438257896174	220.11885756138088	476.26496887078764	7547.2746074456645	23.09532038308192	1908.8642704042413	373.0940286935755	475.6371526828075	6158.085735421291	24.091205135121204	2620.7070172008584	506.4045831071111	472.16804896317444	1713.4152944682946	13.627880501198238	5451.618050394152	736.4448079970441	469.1101351372204	5751.780054170487	4.09808579533334	3816.6746121150586	161.25005122952123	476.8402306003298
65.25	9100.434386278946	22.223561616259556	1120.3481471679056	220.16102924287014	476.28642909973274	7547.0933669128	23.694008235144572	1908.9830203431036	373.15263475020413	475.628537735889	6160.227631524823	24.28408685493341	2619.1145461412293	505.88228096687055	471.9673745801879	1713.4561351879427	13.619710065515221	5451.855671533043	736.1722354073903	469.15269126179874	5751.773236355409	4.090007649887959	3816.985111777644	161.0879099991846	476.8133182691103
67.75	9100.536540678804	22.223777670149893	1120.3172306407284	220.14891394281537	476.3942412571967	7547.253102487508	23.36450106379094	1908.7359271026492	373.0791383510043	475.60986047070776	6161.319168644192	24.603967051861126	2618.2295231543817	505.60372914772177	471.80883852599106	1713.5255627738327	13.620720383494415	5452.042251403247	735.9582149393228	469.2358705165263	5751.602364101533	4.07804364363477	3817.113989860823	160.98939480531405	476.8523994122716
70.25	9100.655359512724	22.207495176636737	1120.3086672267762	220.1570785082586	476.5851714615862	7547.585196685777	23.445080676653994	1908.4200786406418	373.0059223959932	475.5238504671245	6162.323016504485	24.61408927607165	2617.5988167616974	505.38389086687533	471.5684254632501	1713.7091771867545	13.611562074828084	5452.177520253605	735.7054561227674	469.282980144656	5751.58746324842	4.076303658284056	3817.379310579261	160.89917270362162	476.71688954602047
72.75	9100.775403674146	22.200380143280764	1120.229351276455	220.14260747090174	476.5863603905441	7548.036454814497	23.53917126517216	1908.1304269897967	372.9012037148216	475.54321809625196	6163.138520374418	24.858371357806433	2616.8213075845924	505.1744599251221	471.4591592702724	1713.7344705790842	13.612258365033837	5452.367251058118	735.4419679908775	469.1235033619326	5751.681927255753	4.080187100263299	3817.3265935247377	160.89528251535287	476.72079281988056
75.25	9100.833391163616	22.204457600665954	1120.1833099444018	220.1739861612013	476.55505181777204	7547.973678032869	23.71463686506922	1908.3159015728602	372.97631935390734	475.68679803897993	6162.6622575341435	25.39347192025261	2617.186071832951	505.29434137773904	471.4398393663424	1713.819969197184	13.617616366498346	5452.528284086271	735.1534250542504	469.3464802264537	5751.676907150282	4.086784806031434	3817.412122821758	160.8624090283187	476.77884258352225
77.75	9100.576468441537	22.21717076095977	1120.068422554815	220.15242431868714	476.47615861397145	7547.652850897491	23.677627998163047	1908.546725660319	373.0866867961178	475.664940682269	6161.729362800838	25.440032805779925	2617.696301244479	505.51799171655847	471.3119386177278	1713.8833232546212	13.621888544436306	5452.652940718306	734.8853625880084	469.25373766070584	5751.8173601323815	4.091319266745459	3817.29584153526	160.85137972142465	476.7317572890953
80.25	9100.658873673568	22.211089437444986	1120.0492157396793	220.162429221601	476.4803487988574	7547.581864147849	23.674450194826882	1908.6521739865084	373.157684267845	475.71422533572564	6160.800773435957	25.42330675655905	2618.4058352786465	505.77050404277594	471.64420886685224	1713.859030382568	13.620051799523957	5452.826119423705	734.6522498579934	469.31620510859165	5751.785617208878	4.097608162893889	3817.3578207288965	160.79079943058883	476.79251021426205
82.75	9100.673041917897	22.20079880134243	1119.9997559897965	220.19155659005014	476.57046759599973	7547.178345634938	23.70594722174403	1908.993389794454	373.28568565759133	475.91406291170483	6159.877610550504	25.405530488887397	2618.9874690157094	506.02603775994925	471.61476202716443	1713.9715471058948	13.628211616604625	5452.923482752147	734.3827651921099	469.1900596206031	5751.723805910934	4.102124507646642	3817.570663237783	160.6661505365954	476.9307560921685
85.25	9100.553224158042	22.20906912034557	1120.0115318335206	220.17641236340228	476.406472099004	7546.832092541234	23.615584089574792	1909.1492871042592	373.3585119154735	475.87806885933014	6158.832763783952	25.427798102151073	2619.56139302973	506.24879135628726	471.846326873031	1713.854815402513	13.623361493543506	5453.0883109892875	734.0993514154165	469.1759594728809	5751.445796720766	4.101981823299046	3817.9969227418037	160.4431867083905	476.8856722569981
87.75	9100.632474017928	22.214262090953316	1119.9904150442055	220.19946638022338	476.4148704032373	7546.514753110327	23.664975633711812	1909.3153696551092	373.4506588247392	475.93247103419225	6157.937954787248	25.409038781078163	2620.124095059883	506.49178359040366	471.8203437182074	1713.8073505340633	13.62478099236317	5453.1971801887985	733.8379418353517	469.26008219305675	5751.39160836542	4.105487482013933	3818.2804967457705	160.3431105906761	476.90478154068325
90.25	9100.73428045715	22.21604119052915	1120.0007330011297	220.16720114123507	476.44140638293885	7546.07577297593	23.65293426480279	1909.5186277967614	373.5014431963229	476.00187597774266	6157.096567583809	25.401964313496915	2620.7133731685767	506.71856489580796	472.06525818718393	1713.7060123271497	13.63560853923532	5453.431566634776	733.6029515656757	469.28166450176826	5751.197555843831	4.107839082752131	3818.511732048095	160.23953965093423	476.8568640048176
92.75	9100.777683419059	22.208199665608063	1119.9406911295744	220.18438556412815	476.6128084131072	7545.499194728804	23.658175564328904	1909.726905984426	373.5714447707063	476.04184407640855	6156.416765805825	25.3909018302191	2621.243768038835	506.92450887540105	472.10323743920975	1713.7102397386727	13.635106262223912	5453.622574265889	733.384963952676	469.24551175242345	5751.181198671342	4.103222866778178	3818.6960935314173	160.12831338225752	477.1114017987649
95.25	9100.667028182133	22.20232938612075	1120.0353990680057	220.2176395493652	476.72363252732697	7545.315145476696	23.64095692034721	1909.8126969157229	373.6118615345542	476.17899850044284	6155.591533724822	25.38289546283577	2621.896425649702	507.1017169351726	472.2434359692728	1713.7188376204665	13.639030954133615	5453.860886837349	733.1415017579789	469.26472012559327	5751.047105213527	4.101534260127571	3819.156457635186	159.89711016761453	477.1050945203438
97.75	9100.758657397519	22.2037235899856	1120.0856026138572	220.22026447519912	476.63236974221394	7544.977155017083	23.714087018875208	1910.0441140105008	373.72201013796763	476.0892030384641	6154.905937717817	25.361853846604987	2622.379159494553	507.31131867123923	472.27476152954404	1713.9817440752538	13.653247489644905	5453.987891532777	732.8973692850664	469.49511555522304	5750.845141525327	4.105908113734008	3819.614397625997	159.70188522605088	477.1621863379683
100.25	9100.720547007899	22.204606941365395	1120.1126898830344	220.20236646320544	476.6141227334006	7544.7642151849	23.753399964362437	1910.3426192692693	373.8186374552763	476.2151700679176	6154.166139690207	25.328280376208333	2622.9199077128887	507.5039685992959	472.45078777859857	1713.9308981709023	13.665767909600175	5454.1354913598025	732.6705909961923	469.67480599348664	5750.64216264231	4.102581916977643	3820.1421593835703	159.5026792592235	477.09298564054393
102.75	9100.729352273433	22.196436170291637	1120.2588429844038	220.23722873998852	476.73847749090373	7544.1484813398865	23.84013405554711	1910.7927524444679	374.01204597569307	476.2429326952075	6153.425721842917	25.284393011211943	2623.345540638098	507.65490509014967	472.4960997941844	1714.0565311903492	13.670828690201084	5454.356520732119	732.4412873873546	469.84295942360416	5750.8148523587015	4.10079008699844	3820.2323578460455	159.44764336425504	477.02602337177433
105.25	9100.684335738888	22.187410736254627	1120.2671928861187	220.2430040229379	476.75932827240973	7543.299130793905	23.75297541264102	1911.2305003222157	374.1699006703891	476.16317764579554	6152.827227414599	24.909587068818848	2623.747557978396	507.8264563153683	472.86933046350254	1714.0462521307877	13.669029043202993	5454.56733683692	732.2200896025731	469.9610102421002	5750.770160792738	4.101044971246446	3820.2304474037333	159.39712834820642	477.0779501936905
107.75	9100.725957979892	22.182421637819658	1120.2443005629918	220.23635820149102	476.9171665523734	7543.275219169993	23.382045784815126	1911.3512597126576	374.16371055068925	476.2730497604719	6154.012040396593	24.173175629554066	2622.545924840019	507.4473504636822	472.7271058214251	1713.9887604486396	13.661875442126657	5454.785530903544	732.0024305760292	470.1442962612416	5750.445172021759	4.0953169254300406	3821.0213180547084	158.9790710927132	477.7656110724821
110.25	9100.745695345322	22.184953141336216	1120.1976919671908	220.27656974173408	476.78051195268694	7544.308504218684	23.084277958996758	1910.5602471965194	373.9006932121298	476.18794130663116	6155.5960143183875	24.337079989486885	2621.452629736588	507.07153623268493	472.7654353794179	1714.196801430836	13.657019843058576	5455.030487016242	731.7374326105662	470.02388058716076	5749.754124638854	4.08955149126767	3822.177968480452	158.38640642552724	477.5553874277425
112.75	9100.721562785937	22.185182663376256	1120.1920535389436	220.2785772765806	476.7409575642614	7545.253010446211	23.2149036083722	1909.8492091858839	373.62875320322775	476.15857582942	6156.919453441664	24.292316284119178	2620.361182928949	506.6823528017017	472.63932741337356	1714.0681112454538	13.651601698984914	5455.271714569897	731.5035023205651	470.1061188664963	5749.454843316801	4.084352209174461	3822.844816389387	158.0020816253582	477.5893910886681
115.25	9100.86089859774	22.18544181505644	1120.2076338563409	220.29406651163973	476.77391536329424	7546.101653330926	23.25231730180985	1909.349071344135	373.43741945209774	476.00981142111067	6158.606727006668	24.28315512132876	2619.19351105669	506.2918802599477	472.60996702715005	1713.9250297123353	13.651834321361974	5455.482931478254	731.2999391493101	469.9057498250796	5749.376873135152	4.066837620201953	3823.331399436558	157.73878157984814	477.4558903928321
117.75	9100.905566776792	22.186933108726848	1120.1964909675805	220.27241691281242	476.78105513588804	7546.855932224608	23.28979629311346	1908.7602552308103	373.2917486514886	475.8657898202879	6160.2154285829265	24.290922148296403	2618.0115606103946	505.93033323939324	472.26953499622624	1713.796937132469	13.653972502916687	5455.723824713394	731.0238280014823	469.8046645090149	5749.25037844627	4.0560243869995745	3823.49649868731	157.6307912197252	477.4806881925726
120.25	9100.819385016988	22.185795734099774	1120.2554680876847	220.27213777584882	476.6927272772409	7547.430710243755	23.36192558164946	1908.2539879946992	373.1691065044346	475.9030366922896	6161.81967500812	24.441888854484375	2616.9616528576075	505.53689913482566	472.1447918058009	1713.7556449979147	13.654012501646207	5455.973899061737	730.8076102575119	469.9070692964362	5749.233879887033	4.0494470513368155	3823.7215296961776	157.51842671562332	477.5017962147305
122.75	9100.64217447115	22.197943892765455	1120.167392416145	220.26073026306076	476.5566729755477	7547.644942961456	23.479179635372162	1908.094793261506	373.1043886898184	475.9052464226698	6162.318636059007	24.78398387234984	2616.5416413454504	505.3658052951622	472.1738920049475	1713.6406785998429	13.65646632289717	5456.074897641569	730.5738979090564	469.8523606902891	5749.066925972148	4.049704675524219	3823.923489271647	157.44468211895426	477.61031607451844
125.25	9100.52510532401	22.190107258190704	1120.1527826382255	220.26100424407076	476.7135789349543	7547.823806283102	23.51304965448582	1908.00560317459	373.1079634101555	475.9784936120934	6162.720410720131	24.80938890141755	2616.346632214791	505.2908532207897	472.20587411649063	1713.7582113317123	13.650541833096746	5456.339851667701	730.3173180142721	469.9050379843778	5748.588881644118	4.049591024407924	3824.494005396148	157.18288619604388	477.7658918261906
127.75	9100.484417568177	22.18807380173469	1120.0499769553464	220.20024817584329	476.788879303552	7547.602477745197	23.527181181099525	1907.9986218077536	373.1365415593593	476.1335160279199	6163.145668821331	24.94832624273736	2616.1698732477635	505.19258337380626	472.15286143765195	1713.8614476244609	13.650709326363222	5456.491061420239	730.0686527463641	469.9933399491628	5748.288356642093	4.044971454550984	3825.1079602397485	156.8421138319884	477.8854591355481
130.25	9100.681321344033	22.183972916204816	1120.0967127620042	220.16317074552146	476.82106727140615	7547.664305272917	23.4835871213213	1907.960162277171	373.081521015463	476.1793694739077	6162.955498938123	25.14117173907984	2616.4037852601355	505.2615896604409	472.02811385458534	1714.2129931975671	13.64335047801494	5456.662903292639	729.824660246745	470.0327372457089	5748.199136608441	4.049642784410516	3825.583527477285	156.58917156415134	477.76506662068675
132.75	9100.817152372476	22.187066443822317	1120.1832344240242	220.113883119369	476.7443336374931	7547.5406466637705	23.53015319519264	1907.9299202399625	373.0838576853731	476.34521144069913	6162.54599852238	25.145135415509618	2616.7159124318573	505.3864297976806	472.03498648267396	1714.1673918126628	13.645295434839085	5456.69415946895	729.5684561651967	469.8273096876898	5748.200756533738	4.046958243778658	3825.6978090304056	156.510553364436	477.7688965007397
135.25	9100.981170414361	22.185146528215476	1120.1536152424858	220.10730842815897	476.8649116607569	7547.557398361082	23.49240481588326	1907.9465797492342	373.07908414118685	476.4588051228924	6162.273644456401	25.156232127352418	2616.950079812586	505.5397240845432	472.01026939297407	1714.1780223073854	13.647536683959126	5456.84743387161	729.3518181268191	469.98251958012924	5748.142852811017	4.039859202427439	3826.054611132799	156.3447085767993	477.8786949875362
137.75	9101.02557700116	22.1813324253125	1120.0975202052086	220.07273483648677	476.8521952680962	7547.51102527862	23.45679897395939	1907.8443714440846	373.0369074865693	476.63561587261484	6161.67314239547	25.16233897216748	2617.1608160652545	505.69767012345307	471.94655020180994	1714.2305980881229	13.650115279634226	5456.980535348981	729.1272648915425	469.89265172378254	5748.069988643407	4.038119825063198	3826.489406104224	156.1379388858215	477.83979835023524
140.25	9100.899156208941	22.175691208439922	1120.0426894347702	220.0625063259853	476.97076017985637	7547.692401874319	23.527021223405143	1907.8140565212932	373.0064095043941	476.38691766820307	6161.240192903497	25.13405708246482	2617.4127050838747	505.80416228424906	472.2575827146692	1714.4275202146932	13.649423343985676	5457.156727578888	728.8625810169136	469.7584214562207	5748.087583589967	4.039739798185249	3826.7498440632066	155.98109316736753	477.8631104047008
142.75	9100.984022092121	22.1731505810789	1119.9459500464984	220.0790702405402	476.9711134467735	7547.388967868189	23.646130001151185	1907.9937843309285	373.0692572799408	476.33513346715336	6160.9151749610555	25.114035976835034	2617.6310044714037	505.9392534118956	472.47826436836584	1714.6682423181098	13.655196070919622	5457.292703802271	728.639355937325	469.870645980372	5747.928958940158	4.037411056203309	3827.0628688846136	155.81022390373684	477.9154271178436
145.25	9100.9258637052	22.177507067968445	1119.9411740968874	220.08430083198087	476.8907818799372	7547.162222392534	23.5437275789973	1908.236531093662	373.16197264754175	476.5407048140838	6160.463994021472	25.12897196462099	2617.8382223791077	506.0135004861784	472.53657750178456	1714.7760248764318	13.651345528088106	5457.43574357159	728.4287931325335	469.8167060450705	5747.787347912422	4.03484547256444	3827.3245469882913	155.65187063050652	477.8613178222953
147.75	9100.964697722808	22.16812645258605	1119.985553552385	220.1080821830346	477.0360855721595	7547.3879109059	23.44381019624471	1908.1710885175546	373.1477724853024	476.55897309886365	6160.16248807565	25.15626311687774	2618.112242290182	506.12940532826036	472.5345947610779	1714.7993169505626	13.657694113885	5457.6007753441445	728.2200012451361	469.84312765558514	5747.842470319084	4.03437985152298	3827.370341276674	155.62410025352978	477.90109568208237
150.25	9101.040958435087	22.163827774118804	1119.9915780469548	220.11134681496267	477.0649540722125	7547.352570014064	23.445027361928638	1908.1820083981147	373.17187771336296	476.8493440813426	6159.851721266084	25.155867139348743	2618.4191227174106	506.2518929711893	472.4803828816041	1714.8248608631807	13.664427296462136	5457.824287453579	728.0384373951207	470.1103951856628	5748.084857730471	4.0321338972837815	3827.158503169187	155.71730672726775	477.63500256241474
152.75	9101.08301560426	22.156885135283357	1119.967175994264	220.11669728392724	477.1868971252994	7547.757657571773	23.390043159121497	1907.8979433845686	373.10774430023395	476.88692645773364	6159.559154515584	25.172535598071452	2618.7325439164956	506.39143703930085	472.5426738273079	1714.7611837498007	13.658822632356978	5457.938953521613	727.8169208534863	470.0510238259184	5748.096757740013	4.038426040252399	3826.723231904779	155.90712455824095	477.6379767663715
155.25	9101.070848356867	22.146900545631375	1119.9440631189896	220.12393711214057	477.2067737934488	7547.633738894223	23.489078864437744	1907.9113939580566	373.08018757546864	477.0006554391541	6159.18287821726	25.182941245651925	2618.9782043338455	506.53141544334113	472.50826848184346	1714.806982556366	13.66480321248689	5458.064593736835	727.6595561523843	470.2551572482066	5748.358366154478	4.041896337487574	3826.398349646957	156.0545627508137	477.6212385656066
157.75	9101.063004777197	22.144985483223554	1119.9123504575196	220.1095896731706	477.38365512353806	7547.703156834601	23.41299163018442	1907.824894435305	373.03776031973143	476.88254168736756	6158.858890630903	25.176569675176637	2619.2668921003897	506.63495053036087	472.73355692180786	1714.720433543151	13.665034461345076	5458.212532225608	727.4624081918971	470.0412240967152	5748.750982597859	4.041843275532057	3826.1113487890257	156.20379234833268	477.66109876612876
160.25	9101.0625913227	22.13524280114285	1119.9175815789724	220.12769688075437	477.5434347987069	7547.758716486932	23.447722098944688	1907.8331744016748	373.0622444266143	477.0451262384142	6158.610051066677	25.14945822196199	2619.5905942698514	506.766039791074	472.9443005858155	1714.7805103879236	13.66876208392082	5458.361309251817	727.308503293798	470.03410090414815	5748.631388593419	4.039689233681749	3826.2208393017186	156.14900625330054	477.6538118927165
162.75	9101.006527893853	22.11915349614486	1119.930050163877	220.13769927183728	477.73636599392256	7548.080210744084	23.289026402065932	1907.7721480033554	373.02791683987783	477.10290405410075	6158.09251101456	25.133427288178915	2619.840221047801	506.8788982689638	473.0986720663192	1714.8318026775485	13.677603848724834	5458.589002149667	727.1438025255708	470.1554542212614	5748.664903059717	4.039118755220142	3826.2367671808283	156.16966374545206	477.71067516184814
165.25	9101.097323446415	22.11722238588757	1119.8823714990208	220.14449611956826	477.67349942740566	7548.67866225944	23.19031490729435	1907.3254504111542	372.867750762161	476.9969481180789	6157.832871394025	24.96829495450217	2620.0760717371772	507.00860762507887	473.3511916385824	1714.8912151534958	13.680779840634477	5458.758318435067	726.9561163251069	470.28446736689847	5748.794029092277	4.038292041686302	3826.2125104116108	156.17285945443166	477.8160498708737
167.75	9101.097218511464	22.12233446974843	1119.865487126183	220.11822331128838	477.61958266187673	7549.030183224884	23.174990726280818	1907.109296874012	372.77926962495036	477.0781515275961	6158.462909965463	24.58186252480684	2619.7536545133844	506.88977324403777	473.48555826643513	1714.7454954120026	13.674894815228472	5458.912900773905	726.7545306792055	470.30292583237235	5748.803477039555	4.033815948819274	3826.3728188138916	156.04665514898645	477.82029677730634
170.25	9101.112170432863	22.11684970520378	1119.8625643559517	220.12345887882316	477.68785942110003	7550.172537697166	23.313879196543457	1906.1791535793682	372.44508540969093	476.7730290494071	6159.445126696767	24.54882321484046	2618.9424185533408	506.5972330655239	473.36721081399094	1714.845320455158	13.67571046329769	5459.048478442435	726.5460702626397	470.2209426258581	5748.781282863906	4.022521102208581	3826.5621417878388	155.9543829773173	477.9136952305612
172.75	9100.953125549488	22.11448864864952	1119.8940638040228	220.12200394011023	477.63115106184074	7549.097936795212	23.873599100451685	1907.153205198521	372.79971286502706	477.1375925988053	6159.753013339516	24.89852254858345	2618.635413162831	506.47950174593484	473.1337322303732	1714.754932293246	13.67529543960543	5459.198385729466	726.3657270189989	470.25209993228526	5748.536620836835	4.025321714437644	3826.7619402148393	155.83293465914252	477.7532483532548
175.25	9100.927612941397	22.12168033350259	1119.915773160325	220.1104974877129	477.60120459474274	7549.2670494746035	23.2666554940905	1907.0748618836965	372.7359641629324	477.10541868043657	6160.053683558778	24.94497692012205	2618.476784360587	506.41842920759564	473.10664646687866	1714.846047718055	13.67367759679773	5459.322732265432	726.1303261761476	470.2960322479256	5748.587940744938	4.021329979142432	3826.591203859802	155.90127802651068	477.7551713922254
177.75	9101.089707623149	22.12892934318493	1119.9924686810434	220.09492823518195	477.5069278175929	7549.211715142642	23.59009969087615	1907.1639945499267	372.77056474161964	476.91910852000467	6159.78971953208	25.094712036579597	2618.572707808577	506.4529340809311	473.06080340026233	1714.6674722453852	13.667365017926745	5459.472805865038	725.8748029636791	470.10351487156504	5748.65366925841	4.027012374699255	3826.496399506721	155.98292667840985	477.7542854083334
180.25	9101.194737304482	22.132441129852637	1119.9670102953357	220.10392967457872	477.4003280398467	7548.628767280156	23.55084058827778	1907.6403949466742	372.91015300585894	477.03976345710316	6159.331298874838	25.107541355759768	2618.8517346760727	506.56805474629357	473.11308317861784	1714.7238908008385	13.664327999434601	5459.657327659789	725.666398623737	470.01876388591444	5748.5065451492355	4.032241302489811	3826.660772283089	155.91605237990993	477.88512785149453
182.75	9101.224185575575	22.146307529028487	1119.9880842949092	220.110165348609	477.2847555141772	7548.771835209177	23.34756439206557	1907.494943217512	372.8692158656219	476.9215102854158	6159.127976169126	25.09247916049019	2619.0922746575097	506.6908155309208	473.0987936008684	1714.7145290508847	13.664859708425546	5459.8273200992935	725.4615659090085	470.1727985192527	5748.395165662534	4.037480599987084	3826.8687810487177	155.78966031226383	477.76496747149986
185.25	9101.007665997364	22.15776908833758	1119.9818668237194	220.07016315879576	477.1071873414318	7548.519225490169	23.45872954439374	1907.5238578118704	372.9322928741413	477.00731175832334	6158.546091623597	25.051772670946395	2619.295134025979	506.79127118305377	473.33041728498506	1714.732301042199	13.663308944055924	5459.992363217335	725.2470640981925	470.2412135057019	5748.308320898867	4.037245878427594	3826.9097724928047	155.73152366261007	477.9376092962344
187.75	9100.953422058372	22.167108562682827	1120.0772739776394	220.059106259337	477.0900161737037	7548.724060134661	23.425561831312134	1907.3770085654944	372.8598564094761	476.9430362947683	6158.659705725994	24.809207607064195	2619.2709770636206	506.7227882972361	473.34598192033263	1714.6780450737492	13.663680028453092	5460.118265318388	725.0481754462149	470.37548522465204	5747.95746264719	4.043876397274978	3827.297639639827	155.5488404242429	478.10704364207896
190.25	9100.930982532012	22.17144257080517	1120.0386843740132	220.06791769513018	476.9528866317707	7548.413226484133	23.720260238844013	1907.7203850524795	372.9760909749165	476.7764825217171	6158.957050353503	24.729219870729963	2618.97375676791	506.59952242311795	473.05630108042004	1714.7609741789022	13.661531120234534	5460.289800553844	724.8610089725835	470.4025745353714	5747.81227281221	4.039679097373607	3827.8446971632875	155.24187231583363	478.1666339529172
192.75	9100.802308809461	22.1746081085064	1120.0213871249714	220.10623616971412	476.90857349688935	7547.851677264874	23.688056260422876	1908.2335391730458	373.13864979454956	476.76865537048644	6159.446807011474	24.735118826126826	2618.605236423927	506.4989185767912	473.1295900211796	1714.8550886823123	13.6652585823338	5460.440440281184	724.6740054138248	470.3639328182838	5747.658229115619	4.036371332170976	3828.275827883596	155.02915405035498	478.198611418205
195.25	9100.759212960167	22.182249668740617	1120.041529495996	220.12199468758504	476.87843568645286	7547.557483017469	23.523800632899317	1908.4750708438366	373.2472508388133	476.9166872172492	6160.0532629546915	24.76833263040911	2618.350948537345	506.394743233842	473.05656401157717	1714.8053158568448	13.657268605524377	5460.61373243437	724.5157893790571	470.2913089190044	5747.235354508841	4.029298798411411	3828.781595896111	154.80627778538548	478.26196137962603
197.75	9100.796536252	22.17984797503216	1120.0742982639006	220.10171996575806	476.92083436126006	7547.657064899022	23.36926888388166	1908.378701749041	373.1922412765873	476.84257814530355	6160.443479845802	24.81077347254302	2618.1045074037247	506.33407790952725	473.11960637828554	1714.7875482169775	13.656096206959191	5460.77514551528	724.3131689526683	470.18884807525717	5747.006972100218	4.022728235655133	3829.01777886513	154.64929363700466	478.1740440337932
200.25	9100.879988452964	22.18715112862066	1120.1257237129678	220.11042205539928	476.81572796076404	7547.828645365314	23.40166177617554	1908.2640661124653	373.1350638239187	476.96019157343864	6160.71851568851	24.79571959633267	2617.869085359051	506.28094315925534	473.2573720904233	1714.7633451449738	13.662891839874368	5460.959301477876	724.1129596568425	470.2955704437306	5746.829276691974	4.02424485231448	3829.4510133227163	154.4006355072658	478.43998300330884
202.75	9100.822595443677	22.1857513083642	1120.1285602895061	220.07936512593722	476.75754899819134	7549.29864772775	22.673188361984828	1907.2561430617438	372.7784057354546	476.82627913872085	6160.803111264297	24.820426589757556	2617.687765475298	506.24027805952164	473.4087955746018	1714.7204952301174	13.658473205353038	5461.110166480987	723.9073421913188	470.4770958723027	5746.56435612351	4.02536637911511	3830.0324787508252	154.12654693887578	478.3598963421496
205.25	9100.920747502843	22.170128818097318	1120.197690019282	220.0614275038044	477.05300885107823	7551.138050907521	22.654494250814185	1905.9051578132394	372.29170867198883	476.77825379778	6160.856153707936	24.645473990188773	2617.6482327602375	506.2299524363612	473.388342481425	1714.6754622459468	13.662424800585782	5461.274002567312	723.6992627243114	470.31248430202817	5746.622827552758	4.016011958698045	3830.2058012897432	154.02978246869083	478.336513788056
207.75	9100.880835935714	22.15911763656483	1120.164084078378	220.0813049224778	477.00243944538244	7552.988059811326	22.66940470635322	1904.6401766171346	371.8006474423177	476.54815023318764	6162.5641278575	24.007400100426157	2616.3904363998436	505.78640487128825	473.3729784505493	1714.7608744822815	13.65871481520843	5461.424068764356	723.493269347021	470.2439800539492	5746.331807850528	4.00602313884413	3830.4031343239585	153.90945779190727	478.3678264105636
210.25	9101.108217209287	22.16838907778833	1120.155014132977	220.04947841395503	477.01719339461505	7554.759037674065	22.67269087656282	1903.408042555363	371.3468751872665	476.37274125517644	6164.951877683618	24.153755352986074	2614.8230742382466	505.17315827281556	473.09209429085024	1714.960603991005	13.648919851764186	5461.498862282632	723.3122007808882	470.40389224933597	5745.988533074664	3.9993391528472713	3830.759864239246	153.72544216478775	478.339157175702
212.75	9101.118431622586	22.16135983843683	1120.1430996545068	220.0437083008982	477.04148656712846	7556.3606124827975	22.67894461797128	1902.1614757460254	370.8954876678497	476.3731658147434	6166.309163780199	24.47462012649051	2613.9041378112356	504.8736788079402	473.21857456183926	1715.1273922296778	13.650695797227927	5461.617983765476	723.1028606007472	470.62288159202126	5746.095187254308	3.993907961598485	3830.6012494326233	153.84441605795604	477.95913240318697
215.25	9101.095873624894	22.16249257126848	1120.1116349323759	220.0230906813107	477.0451213181698	7557.712353952182	22.67438976063711	1900.9434523775617	370.47204394372415	476.4459061317724	6167.635707157089	24.33388784151872	2612.923652967841	504.57881824301126	473.2066433876278	1715.1465422539968	13.648314942725001	5461.6512152798905	722.8957814216612	470.6695177124099	5746.5052221344795	3.9892619778213474	3829.8914717557004	154.14699861199907	477.88313336388694
217.75	9101.14081366715	22.170478597032496	1120.043692220891	219.93244028501948	477.0615237904141	7559.218321738945	22.652887772503433	1899.8284114279352	370.0790786393795	476.7329697555781	6169.239394003623	24.602174768581826	2611.789016695456	504.25363584284645	473.09561436312185	1715.2273812816718	13.644115528053549	5461.6392916597315	722.6713473427342	470.6788271356055	5746.547997980255	3.988888702889623	3830.0093799067213	154.09812930564595	478.5757747195076
220.25	9101.235962472894	22.167072332635037	1120.03228497844	219.93015113560307	476.99392784170664	7560.755720445287	22.63074171728312	1898.6306030936053	369.7031227270294	477.0307399313049	6169.161672174854	24.83397429576492	2611.823417637413	504.2883877613168	473.32528621335956	1715.3495184499973	13.643950140803582	5461.665820662011	722.4513462379072	470.90149019113824	5746.18121228004	3.9979284484827384	3830.72469058548	153.7550537505861	478.48078520927
222.75	9101.240630087228	22.156933788517286	1120.0386823551426	219.8972498987669	477.1608248996583	7562.226564058714	22.637506807324232	1897.4728150270207	369.34093425113474	476.8698313633814	6170.8319554159225	24.329318477494947	2610.667550786528	503.8680047141732	473.1558114060046	1715.4948008094511	13.637095291615983	5461.7964465606065	722.2109174962751	470.8528603109191	5746.072170460472	3.99021069340139	3830.6630947453727	153.7806668920978	477.96951381377784
225.25	9101.203503041104	22.161026529658187	1120.0036876017762	219.92508523767853	477.0971946629635	7563.739813354949	22.63069946647393	1896.4836204922444	369.02627729090295	476.92399450468383	6171.228221102439	24.75560818899647	2610.439269953482	503.79738719781716	473.3461019326172	1715.7090462069746	13.64446683954898	5461.762390162262	721.9876773619959	470.96747031984904	5746.463893004995	3.9894665731920855	3830.2681285947324	153.99681375563947	478.01933031912756
227.75	9101.222314643108	22.166423179162305	1119.9207402255665	219.89909652836488	476.9277599128678	7565.192597536221	22.651289807859378	1895.4543733963037	368.6933521262229	476.5228559574465	6172.9119793483815	24.516343575737867	2609.2659065401367	503.4253863657533	473.13821609427663	1715.8516913077108	13.639975804917576	5461.768784386807	721.776507163668	470.91604091961545	5746.722663454337	3.9826227632588216	3830.131049872886	154.03521401787054	478.2401669745912
230.25	9101.10287735915	22.17028811793929	1119.8394928692771	219.93912571495898	477.0315739173951	7566.738242910646	22.632734106754544	1894.4642281973936	368.3819813002052	476.9216512537726	6172.4903060121205	25.478581625561336	2609.505285422932	503.54929252325775	473.6755681766969	1716.0897951986337	13.635366632139702	5461.794844465665	721.5797674360643	470.9310668464752	5746.690439082255	3.986724488917057	3829.9849054807223	154.01600960118841	478.25458110933255
232.75	9101.27186209068	22.163950370870648	1119.8131687435018	219.93723139199068	477.0663843181289	7568.095590265478	22.653241865308857	1893.5159513689682	368.0641627772688	476.4122824942647	6171.025627758361	25.627966012745883	2610.511790534716	503.9302087873272	473.9277423370976	1716.360825951595	13.638327533911653	5461.84645252815	721.3617262136976	471.005280731699	5746.599632980387	3.9973551374390532	3830.041921233289	154.009995473454	478.2958072757833
235.25	9101.288268830565	22.166270044975228	1119.7111170681	219.9329159883979	477.0666460333144	7569.330088072408	22.65977384235024	1892.5732618039174	367.80047429655673	476.35956612610926	6169.589703952826	25.604732876446025	2611.6511933873576	504.3285230194194	474.24735497769433	1716.652662333893	13.644209915645298	5461.980343833128	721.172323615721	470.75931028736113	5746.215957648899	4.00385657311889	3830.3444805024487	153.84423630425746	478.25621772524084
237.75	9101.309700575772	22.159350392240334	1119.694917998799	219.9376173074394	477.208937729838	7570.4226216557845	22.660120642149785	1891.5623243591144	367.53714733831026	476.4734442042739	6168.320357127111	25.587257632429505	2612.620902382408	504.70080322437445	474.4967885172752	1716.7302791151665	13.649518183114571	5462.036854019528	721.0257241742559	470.8518989018967	5746.254931141286	4.011085323180957	3830.416189433096	153.7999844480437	478.3376195909371
240.25	9101.370939252818	22.146870806689474	1119.6866472461188	219.9355450784903	477.26914688559185	7571.408220511182	22.6545869983642	1890.6507111205133	367.2978951612297	476.57393230051616	6167.067384958402	25.588834617694335	2613.469430587077	505.0373086814132	474.2933410854102	1716.8927640175243	13.648853178757106	5462.203176106579	720.8568780821632	470.93714376456245	5746.054824016659	4.023181001848317	3830.6820327131045	153.64844175291537	478.3909434466798
242.75	9101.231227619692	22.15683084061756	1119.6128192419262	219.93331303648583	477.1978679882884	7572.569368033844	22.63091032104459	1889.8135537065257	367.0700653891158	476.8488062512299	6165.928795452227	25.584990793106247	2614.2704866389768	505.3775013166521	474.4930354251063	1716.975494343257	13.644290346716327	5462.33485780341	720.6803107677667	470.9226921475671	5746.022209894772	4.026851247416521	3830.547923328153	153.69535298898657	478.0969790624396
245.25	9101.20041888689	22.145899898716358	1119.7426014060536	219.91952051280722	477.3289507564081	7573.486133758343	22.61528219519558	1888.9750317433445	366.8345210297101	477.0248872336572	6164.963668606085	25.589012787256735	2615.11955760917	505.69338658385107	474.40693932558577	1716.9989865280515	13.651184412928727	5462.381489160658	720.5286696914143	470.89966884073607	5746.143042664395	4.024722627364903	3830.2331778482235	153.89578068802598	478.08450320283737
247.75	9101.235940521123	22.15064153962753	1119.6994821511678	219.93899692521873	477.24043258362	7574.321795586951	22.61626103010862	1888.2724350685767	366.61685417420625	476.80357833402024	6163.868559961023	25.306315573569666	2615.8291074730137	505.99832925255015	474.6526347836033	1716.9543834045817	13.658959481148026	5462.432490384398	720.3539625818446	470.96771335340645	5746.266804867651	4.027893741467754	3829.9553034010123	154.04285534629642	478.1554495098357
250.25	9101.248959762632	22.154920201956244	1119.6795972636528	219.97302125078278	477.1377314783905	7575.313842160705	22.621418691114677	1887.421747244461	366.3771821767785	476.8407109752474	6164.4078086125055	24.71291323539773	2615.320063768765	505.8239945270665	474.3982092334783	1717.0352917732118	13.659291056124477	5462.526654255352	720.1515714477385	470.77842849859564	5746.117548549065	4.025375998536891	3830.0857057163153	153.96643243897654	478.4915732136901
252.75	9101.179891957834	22.160036471643902	1119.683656931134	219.98892724003412	477.13528203084445	7576.457979412576	22.60992260270273	1886.7220319535036	366.213387350163	476.9603858521623	6165.454398716668	24.906965865822645	2614.474290846733	505.53443880365063	474.0047867797152	1717.1190930166022	13.655301100756777	5462.546410033773	720.0071480666893	470.84981053726847	5745.771910195233	4.020619043205944	3830.583377332752	153.72560731809344	478.50544612401353
255.25	9101.31084604179	22.16351376032133	1119.6793524998773	219.978477286445	477.0467498070847	7577.550904505869	22.62301320451973	1885.9539971247389	365.97943512688704	476.80923705801473	6165.6696495474725	25.315007573964188	2614.490097754449	505.529289374603	474.3241302214269	1717.1205902385032	13.664753833077251	5462.555221636579	719.814910824448	470.5123121250268	5745.865785074385	4.024660328049872	3830.322437827624	153.82931070867983	477.87059221711763
257.75	9101.216213262383	22.15654148786356	1119.5754750432604	220.00656579781318	477.09458317082675	7578.50940935931	22.602806762885667	1885.3262102210717	365.78112831393145	477.1553388292349	6165.243518014392	25.332404772545143	2614.6155806411557	505.5973749893319	474.1884037666663	1717.2051374728833	13.665059408386023	5462.664881610732	719.6734624551872	470.50969696428854	5746.2913268064585	4.028527010926063	3829.8012434371503	154.09207890207344	478.1198456869895
260.25	9101.181136825004	22.159357191673966	1119.5622394361262	219.97900357008552	477.18356813935304	7579.453173201763	22.614168106368698	1884.593740661796	365.5711740842981	476.90825336817	6165.241932506659	25.315964853433723	2614.8210173249213	505.6628664009232	474.3958673256531	1716.9247278873977	13.660013711936974	5462.733445922485	719.5454601845225	470.5500583534259	5745.979136592708	4.021759754917187	3830.2757673045526	153.87414216255723	478.5289979232211
262.75	9101.276994654654	22.144126628112506	1119.6280675680887	219.93004900803982	477.3491499333627	7580.275208629061	22.605040324578738	1883.9514208759483	365.3953038721225	476.931337415048	6164.910886099123	25.336777939049636	2614.9109439726053	505.6971906500855	474.17169788485535	1717.1084496993128	13.66130870964391	5462.7861319559015	719.4015273424408	470.48286696756276	5746.1785831452125	4.022558219055584	3830.468597734345	153.78495889781357	478.21274647518806
265.25	9101.257594343602	22.139603110189125	1119.589225872695	219.96465904627593	477.3704556063738	7581.02431774063	22.616598413037256	1883.3292050379669	365.190481981301	476.7022882616738	6164.670877683514	25.325594967682413	2614.9196243541637	505.7020316772535	474.19229308432347	1717.2613195661597	13.667464212077766	5462.874981169438	719.2811043144803	470.5646465074069	5746.187100647832	4.023213075485789	3830.3469747839054	153.84330327034283	478.2017492165194
267.75	9101.199122552161	22.13358933144172	1119.699902596826	219.97969268748045	477.5108154177832	7581.69334409848	22.602846468674677	1882.7495612443422	365.00280397852316	477.04050111689173	6164.5096190609365	25.322801168902174	2615.0176657500606	505.75890066105853	474.32967629471415	1717.2653266456564	13.67076558234876	5462.938983681343	719.1385076961536	470.6758819907715	5746.268652800364	4.029303875381789	3830.0909939377066	153.96500849290672	478.0141711040417
270.25	9101.063915035666	22.136315563749513	1119.711600719313	220.01013522101942	477.4809078561803	7582.378872138615	22.614390480066646	1882.1574931622984	364.84760397411804	476.80965206887385	6164.411148300103	25.29475257418007	2614.9835945371947	505.8099127280518	474.540298685702	1717.2811704714954	13.675434583484924	5463.033895650524	718.9918194873883	470.6751912233033	5746.378666267627	4.0327462870579	3829.714440270924	154.11034507780462	478.12683686234845
272.75	9101.250492806132	22.13636584144612	1119.6726500262603	219.9628439496158	477.357356169476	7582.953370686812	22.594327191932933	1881.5255511482478	364.6921787581058	477.175930397226	6164.555601151107	25.310969435048126	2614.9565062261195	505.88157628679465	474.42063686513956	1717.145857420764	13.677272502798072	5463.195721888312	718.8597648883857	470.5359268406496	5746.334124399771	4.030149453839173	3830.0569596584132	153.98303217954637	478.52756976410177
275.25	9101.29057910436	22.14339467368941	1119.592988151066	219.95654416354353	477.3115244198334	7583.5442463295185	22.6044432013355	1880.9472276615502	364.4989039043496	476.942851248164	6164.561003274326	25.291370196349447	2614.9100303873197	505.92432594547427	474.66400481399177	1717.212871324049	13.678707940515013	5463.3001057723	718.7225478989899	470.53038735085704	5745.966621432963	4.019485070941622	3830.7470694353756	153.66408663209276	478.5577437232356
277.75	9101.504218630302	22.159337956822416	1119.5317644992983	219.97025115057946	477.1333138584944	7584.194641092511	22.591157947029153	1880.3817086799093	364.36891471009045	477.12153148464984	6164.702114007578	25.302362212536718	2614.836305846171	505.92256550270486	474.56639538839636	1717.2276070349944	13.676122007822476	5463.373662068644	718.5832884528518	470.56692096151863	5745.765983317558	4.013349983783416	3830.7713577520854	153.60239687920617	478.1506267933473
280.25	9101.658815502049	22.15935951278073	1119.5393642671781	219.97548626570946	477.1454365780128	7584.7295449642625	22.60520957997996	1879.8530730869622	364.2614809284853	476.80329437504963	6164.856900744692	25.2836765730917	2614.7342766142247	505.9472984725426	474.7533947746351	1717.1098356847617	13.679292853864506	5463.451992725854	718.4369571252995	470.50596761024747	5745.950673217998	4.016277091234483	3830.6181647213507	153.63784988054067	478.3118083807474
282.75	9101.587687605597	22.15688068095001	1119.4801600924238	219.96361181825972	477.1301900789211	7585.419155328753	22.60102999434885	1879.332228597921	364.1301580616411	476.9963455772253	6164.944097661855	25.29707108151521	2614.626416671738	505.94679395742435	474.4852227837963	1717.306227204357	13.676680709446616	5463.569366054351	718.2481822039825	470.5675810910052	5745.950268151719	4.011574429714849	3830.666062626537	153.5883292842585	478.3471930252064
285.25	9101.517253265907	22.15302565234624	1119.4766342817393	219.97838801589472	477.2591738661018	7586.128425464306	22.579236715650673	1878.9333971395156	363.9836475436406	477.26506137231667	6165.080942039282	25.317015683691228	2614.58429656047	505.95995658641385	474.2605240819331	1717.378207130297	13.680040391514053	5463.780400478859	718.1029496865372	470.54344044602703	5745.906277161637	4.008595875040167	3830.7639779045103	153.55024020608522	478.3518716933775
287.75	9101.4617207801	22.16306445565478	1119.4325487928656	219.986886206678	477.0933353987224	7586.629814485227	22.58653381140674	1878.5011775093765	363.87611097158054	477.01936197022724	6165.0721094916	25.311888047364807	2614.402427358746	505.961771195706	474.496250517208	1717.3942341139775	13.682093505992253	5463.811695291965	717.974821521321	470.69906181768664	5746.076932259211	4.017263423325846	3830.472987737727	153.6935443814632	478.04899568914277
290.25	9101.476609335921	22.16286789529	1119.5191586867288	219.95994892576138	477.0423988634748	7587.226558720441	22.62043237604249	1878.0968331508848	363.72882552572173	476.68603653631976	6165.367598649442	25.300431406651988	2614.321533523206	505.9529881899227	474.4752599522638	1717.2880144954001	13.684863687909827	5463.902100245072	717.8393753440577	470.66128539198934	5746.237135984497	4.0237452043447846	3830.2016292874387	153.85568112696757	478.2204022178062
292.75	9101.46531911831	22.172316471493623	1119.5520605560064	219.97206572453473	476.9702468725749	7587.637620111535	22.600646971160263	1877.6062545167265	363.62454473972144	477.0089501700332	6165.4077984909745	25.317098354331318	2614.1497836080293	505.918122584958	474.3218426737792	1717.5848337484929	13.68415957650519	5464.0311437107475	717.6789283140438	470.5020394425268	5746.105242642998	4.024089808197307	3830.314109271482	153.81899396259146	478.2271267729404
295.25	9101.647426890851	22.174608564804213	1119.4892669767614	219.97959357796157	476.884815438006	7588.160962293287	22.61865073908723	1877.2066665191344	363.5563912392657	476.63186612305424	6165.5526660306095	25.315495952871455	2613.9953441664	505.8874613559572	474.4157363719771	1717.4806388699822	13.684031669756939	5464.08235545419	717.5589309628597	470.609436272265	5746.029858373004	4.020838273576832	3830.237586178563	153.88331192777832	478.2560215893045
297.75	9101.51272876413	22.175742502330397	1119.5265603702812	219.9670295040388	476.89535657345607	7588.593341754069	22.59502134561401	1876.9038706907481	363.4400915742301	477.0628758719672	6165.442309726693	25.32895738557046	2613.775784508207	505.90839436298694	474.1932923827134	1717.6723581090303	13.687402416012894	5464.116954079456	717.414194951675	470.6970772211137	5746.117226270474	4.0225270055006	3830.3747326993825	153.82708782772838	478.38831197329324
300.25	9101.520381273775	22.177499954097577	1119.5128079190947	219.9686825802825	476.8566157431092	7589.0409020534435	22.601812056456346	1876.51176636151	363.3495725558042	476.9126813389079	6165.440213337614	25.31651757144286	2613.657962180868	505.917495334412	474.3928850458145	1717.769814796806	13.686089279616754	5464.170929383932	717.3418433431093	470.5338020057619	5746.063387821244	4.02147857071173	3830.6732065300203	153.67753793154623	478.3965742607282
302.75	9101.596431295206	22.1775381675775	1119.538198548774	219.96459999344899	476.9210044348561	7589.674032596623	22.581680587332794	1876.1095773728914	363.2347618490922	477.1046741019128	6165.713311533577	25.31542267316373	2613.5679282671276	505.8839763478736	474.36207667547797	1718.0642105077197	13.694508660711923	5464.27074795283	717.2429445192724	470.34979966103356	5745.882287070949	4.022839075716682	3830.703213729484	153.67856757940103	478.1889335909072
305.25	9101.633880766865	22.17828787521106	1119.4958780734723	219.9516534116051	476.8711709663193	7590.124523047698	22.597779212197445	1875.746595559438	363.1629912989062	476.8999288907894	6165.83734411585	25.3080598286021	2613.455914004395	505.8349468159952	474.42732831256365	1718.3260883017433	13.696937612402033	5464.364799452034	717.0904299042176	470.41955774795827	5746.252484593768	4.027233145870945	3830.2503690531034	153.8639484581921	478.0544648477685
307.75	9101.756157902873	22.177724299830857	1119.5567210090837	219.96729074047943	476.95635953177526	7590.500318008192	22.57973656390202	1875.3639550771122	363.0362363646901	477.180665147118	6165.987134905313	25.31276851028376	2613.229003665642	505.79415407266725	474.39840649905267	1718.47281635009	13.702886335065411	5464.461858518065	716.9819199561035	470.2552675458924	5746.443870868805	4.030210537711085	3829.921801025984	154.05503433167567	478.11618052074715
310.25	9101.698835514611	22.171321010623284	1119.6413594787637	219.9919395705652	477.04691258966466	7591.060417543264	22.58847716901662	1874.9709243345953	362.9980382622024	476.98072436739733	6166.029350375802	25.29893762137331	2612.958162418779	505.792773740619	474.614928214103	1718.5463794402542	13.70338379333658	5464.5586913822835	716.8616153816969	470.21198671450287	5746.160218778588	4.02370441360979	3830.171475326193	153.91511222428582	478.482008707758
312.75	9101.619911669555	22.16592610843334	1119.6942072760053	219.97801258737564	476.99167791019914	7591.501859122098	22.592017783413073	1874.5637742642932	362.9538491186812	477.0017287738515	6166.167270627851	25.297745208597984	2612.7486202264777	505.72581827787803	474.5643881199382	1718.7247162298877	13.700059875621154	5464.654682451315	716.7416028708477	470.19046249253046	5746.194358292856	4.024386372891757	3830.261632524618	153.80709183161974	478.1391065631879
315.25	9101.360011742658	22.16958925623022	1119.6630832221472	219.98070199090242	476.9672422433314	7591.93846135746	22.589589867250083	1874.3743805787042	362.86867278075283	477.03530487819745	6166.5908939396295	25.2931453724462	2612.613894738982	505.6777410710307	474.5426667806584	1718.784696346554	13.70669617954287	5464.782752224627	716.5896666088609	470.129292624537	5746.442233463552	4.027433481256781	3829.984462653179	153.93672024521283	478.15982259007524
317.75	9101.376563787986	22.176357972840844	1119.7661456480744	219.98692712469557	476.97095815477047	7592.275124672354	22.610045547358972	1874.148542668189	362.7937440286326	476.7732125962946	6166.616011464367	25.284038211028914	2612.406979261188	505.63567276724575	474.7044945236447	1718.878557298486	13.709893527763976	5464.896581978202	716.4885416817879	470.3023649293928	5746.596446859435	4.024681483120681	3829.8764667758433	153.9947544053161	478.24090161620444
320.25	9101.403655582802	22.16036075388716	1119.7623556502147	219.9939635573187	477.14891324526127	7592.499254404164	22.58760785572272	1873.8758936636154	362.7193078337645	477.10200925219414	6166.735007135133	25.290102126989737	2612.2202628472533	505.6004290807724	474.5730979928839	1719.1202740452281	13.710053349695029	5464.950278991009	716.3613815215743	470.30375114454085	5746.540786047201	4.026045553856733	3829.9607846310632	153.93016626048527	478.277053844557
322.75	9101.365890349338	22.150960762867943	1119.7200910548188	219.9906301130946	477.2533731392395	7592.850716549373	22.587614673534095	1873.6206196282787	362.6427815508123	476.8860210363207	6166.966542192485	25.26655778730531	2612.0500922854976	505.5559043286698	474.9592189951425	1719.0824902959025	13.705858485174337	5464.963489539925	716.2195342610668	470.302735409358	5746.352671879164	4.022532689029653	3830.16739263029	153.8442914318586	478.3546067833577
325.25	9101.329144503043	22.153069783993736	1119.8075687253975	219.9981085640809	477.16024502246046	7593.224782938542	22.58399138284948	1873.3856489032055	362.5986059407026	477.0506097498529	6167.248966141037	25.278929201477453	2611.830337379705	505.51667074358863	474.7809278369334	1718.8828966626158	13.697192670354097	5465.028619411632	716.1160703483984	470.32154241453713	5746.277574343399	4.0152650295726895	3830.249273145419	153.79194833269082	478.2495152018459
327.75	9101.37190018755	22.15894327859067	1119.8570252081051	219.97372817733955	477.0578406301071	7593.48189207787	22.614508579264374	1873.0402600766056	362.50181743979726	476.4932286020359	6167.6017370498	25.27145307121791	2611.6084437690024	505.42600824745864	474.89643692618773	1718.899850049637	13.699384386090895	5465.080046321185	715.999637503598	470.4012974053652	5746.456169198759	4.016228761027184	3830.0086523793557	153.82166426435862	478.0814803441301
330.25	9101.304254306342	22.157988039377457	1119.8597088852928	220.02743929235433	477.1161707824628	7593.771077473996	22.608880061013245	1872.774875848836	362.4247499057803	476.7881393388436	6167.885875314384	25.272540461454568	2611.4200423895286	505.38617179022066	474.7974463056927	1719.1955525426351	13.703231906977383	5465.072880166474	715.8960692650254	470.3342928656223	5746.750387409915	4.014236159318472	3829.783607334008	153.92774686015693	478.1884293493467
332.75	9101.090549728986	22.166424511500754	1119.7725568981643	220.00114465543498	477.0356423990817	7594.11717899284	22.59472568828415	1872.5233333903338	362.3449176451521	476.9649799808086	6168.102745583296	25.267351412834444	2611.1824880706304	505.3494862857977	474.8609642800876	1719.221672534306	13.697905796765468	5465.115733881118	715.775901017395	470.35537523888746	5746.81974637103	4.0222162061033195	3829.852806707578	153.89892123771057	478.2577714811195
335.25	9101.451776591963	22.172125737330607	1119.713799163348	219.99561060893046	476.92974355295354	7594.525119020207	22.60781968744869	1872.2517031300931	362.3019798893369	476.7581569950534	6168.389632419629	25.266367353138897	2611.018726471996	505.28336887518714	474.8702508115572	1719.302129392999	13.703545765078584	5465.117254104368	715.6380426841966	470.5216016065028	5746.583494292268	4.016849199737919	3829.9620447360617	153.80473131310757	478.32866301824527
337.75	9101.610902016371	22.17131476985126	1119.628651811796	219.9991425094841	477.03000783261604	7594.847272010936	22.59959386841877	1872.027249930035	362.24401600498675	476.9389348926902	6168.502964910282	25.2663804074512	2610.84924112611	505.222586417762	474.84768242461934	1719.2833190819545	13.697488156056684	5465.130829531077	715.5079447432635	470.4824396544281	5746.6459469855645	4.01400338158777	3830.0306625012786	153.6859567176464	478.2523183232363
340.25	9101.580325913148	22.169187903387098	1119.6389487655215	219.96561426750696	477.04417357006764	7595.2293859943575	22.57071805020957	1871.7497942506834	362.21162760327934	477.3554122722387	6168.819132942956	25.2796829372375	2610.6363176928935	505.1981789395638	474.8061956467802	1719.4054158163726	13.694480552442307	5465.167158530266	715.4127818304993	470.3738061993847	5746.715398316305	4.020988541535062	3829.9929179242476	153.6772974963439	478.22980504913926
342.75	9101.76628022802	22.170314904874658	1119.628097972568	219.98091847702486	476.9774974360138	7595.689927551627	22.580710387766306	1871.5496733767297	362.1845702499231	476.9690547478165	6169.022143920419	25.263288011492673	2610.4475588009877	505.1960395493383	475.0740611065229	1719.479541319435	13.702871290259225	5465.205191227249	715.2805436153027	470.5417291643663	5746.99075862463	4.020063587374909	3829.7162811319245	153.80371268470702	478.1817441699937
345.25	9101.919390373778	22.16882187999277	1119.6011866148924	219.98382018345686	476.9938939849917	7596.0013563246075	22.6197460953447	1871.3601753002997	362.1379337394993	476.48942418189347	6169.338152835305	25.229574768257415	2610.222917273531	505.1611115674706	475.34522983857295	1719.6274922919902	13.71207407531988	5465.101736088672	715.1663862113595	470.5092354147033	5746.847893719783	4.021378322882585	3829.66260072035	153.8222493080369	478.2119235621884
347.75	9101.962608583806	22.165618922141515	1119.5554006626483	219.99800105818738	477.12556371379753	7596.115922862695	22.602171819412522	1871.254308518963	362.1020390179741	476.8776008858762	6169.758273628042	25.237811791536323	2610.036467406444	505.1204802646489	475.2259965997433	1719.7731575660362	13.717712667032922	5465.093975041716	715.0380049393181	470.60740269453896	5746.866717831649	4.023589325881916	3829.3565648783438	153.94706036505514	478.16827053611075
350.25	9102.136325269263	22.14871566137418	1119.535530305715	219.98082926289771	477.2974418462727	7596.1465892349825	22.57536484723156	1871.0060791091707	362.05981717900664	477.19318191445836	6170.053472687192	25.246176767725256	2609.808343584897	505.0843559302088	475.05962025925606	1719.8980930906066	13.715405216926916	5465.13964500712	714.9143782156016	470.7385662644757	5746.882066187486	4.025851165156718	3829.6770555305898	153.79869907741096	478.4525561909922
352.75	9102.313252219556	22.145096460796438	1119.53290053389	219.98820745356232	477.2871240542255	7596.432336357709	22.60156744647641	1870.8165281349402	361.99857211147287	476.69447402908463	6170.366395954623	25.241849917970715	2609.5809157621543	505.04195803204095	475.18630430528805	1719.9288645858435	13.71980766486102	5465.09949192126	714.8256692833019	470.87185371561367	5746.822022650861	4.030421904173116	3829.9202879993077	153.65347805547646	478.35036712049305
355.25	9102.359833074595	22.146333863336846	1119.509966699519	219.97073324546466	477.27142381487795	7597.077252709616	22.590637117413127	1870.677578886899	361.9621897114973	476.9545893041925	6170.648004658227	25.246769978694083	2609.4538433804773	504.9718707727424	475.043661134229	1720.0409705449333	13.72057220587336	5465.124869412006	714.6971408368235	470.96160791098066	5746.678517712771	4.031676353307132	3829.927535399233	153.63632045525455	478.1827168698789
357.75	9102.480247408334	22.15132096326192	1119.546195207066	220.0047226188539	477.2432393336067	7597.10357644329	22.590937829114473	1870.44685232374	361.9108438754297	476.92615114854516	6171.166464956093	25.235448170036705	2609.289499262982	504.9401343443975	475.15511508842906	1720.1065845519515	13.72421888240137	5465.0355735455005	714.5612532420425	470.7987104177612	5746.765342450057	4.028138630623849	3829.761811847514	153.6660304709645	478.2643210940621
360.25	9102.27170349836	22.149739806053283	1119.5069534566844	219.99710643013148	477.34889112563036	7597.396231716192	22.569040102951927	1870.3209356624045	361.8535633406642	477.27305864825763	6171.326419072342	25.234687137842148	2608.9906514619415	504.92259689998264	475.23426412524344	1720.2830176463106	13.729518418910772	5465.003165994808	714.4227513924109	470.79356237539156	5746.805475865757	4.031785711153819	3829.9659264647858	153.5751250793205	478.4554512144546
362.75	9102.464694485228	22.161233645969237	1119.4598155872368	219.99653987909988	477.0934845522055	7597.804984735351	22.572413520974496	1870.1731075965188	361.8032225555074	477.0714266892118	6171.433800500937	25.22543975878266	2608.878069193043	504.8701843853847	475.3233160834615	1720.5266015270008	13.733708968394335	5465.00740342551	714.3560569583946	470.7939262000417	5746.886856291341	4.03062126726476	3830.215418408562	153.4330404958785	478.37389147158876
365.25	9102.426465048009	22.154231602540587	1119.492930262665	219.99058068884858	477.2614354205169	7598.141079142734	22.595716584708793	1870.0120372370616	361.75383230783416	476.8849304886276	6171.654155614536	25.21389848546657	2608.7216972071515	504.82863693343495	475.55271379290093	1720.5554198062257	13.731677642913668	5464.984908830926	714.2195624290736	470.7713373540226	5746.73189649303	4.023607474569186	3830.1192107431657	153.46394998749363	478.3466966734875
367.75	9102.307530001322	22.154638995668158	1119.4822264110712	219.9825291469495	477.15899441599504	7598.337321800325	22.58034187002885	1869.8109692808002	361.72322348448563	476.9267359397324	6171.979134736875	25.211160185890463	2608.4686104688626	504.8160645602431	475.5222598285773	1720.6952847902055	13.737319222322007	5465.118446991401	714.1323398730651	470.8539606068677	5746.629480546647	4.029352096833057	3830.275904027859	153.3597813656247	478.42448033537306
370.25	9102.308333733732	22.148859540186223	1119.522387116613	219.97199532771376	477.29547330666713	7598.589576337351	22.605561584973277	1869.6572913800862	361.68103898562936	476.6817075905429	6172.267988711799	25.219505043185002	2608.2506400903926	504.7689647861021	475.38244984724037	1720.8766287387307	13.73804190865856	5465.105433638504	714.0404535296802	470.988307328805	5746.587734532497	4.013158492775618	3830.4131816293125	153.27964781787682	478.39443662316603
372.75	9102.2308914917	22.142018615530272	1119.5586581349576	219.97790721743044	477.34422268779906	7598.6072131481715	22.59173151650255	1869.478928523068	361.6682558426986	477.02518472829587	6172.5867103276505	25.22378705271822	2608.0043655426266	504.75136619369863	475.29095325004755	1720.888317836002	13.731105852242525	5465.0759294522995	713.9045299504387	471.12864066863676	5746.582429254037	4.015454071154642	3830.303345285602	153.33362056987107	478.2035044422288
375.25	9102.004556909062	22.14995441805128	1119.4835986477071	219.97154465919425	477.28914909206947	7598.835622408971	22.56818152147826	1869.3958281853152	361.649001994213	477.2113994479711	6172.866073255891	25.22835129456964	2607.7176345077255	504.7213318040115	475.30067505050533	1720.9417588602767	13.721674498216405	5465.169579127153	713.8167338672758	471.1099540997858	5746.669129876666	4.017117524019735	3830.106717889149	153.4569411437846	478.3073140541737
377.75	9101.986883066693	22.15818814420509	1119.5175092755417	219.93730319203593	477.00091011921575	7598.939355344094	22.5784067716065	1869.2876852599088	361.6251708759226	477.00536588560544	6172.987810321143	25.22238720947219	2607.5584342841207	504.6664685305361	475.4455410708774	1721.265536023885	13.721326301610558	5465.164165942727	713.7071705469103	470.94326492005416	5746.5839619913095	4.014408703374869	3830.2373061819762	153.438775097292	478.41209707725005
380.25	9101.90838103279	22.162035581288606	1119.5058824435446	219.91692682761047	477.08325608859826	7599.264075016172	22.598061643873336	1869.1195661297063	361.5771066402443	476.76642914208514	6173.139781476205	25.202284013846924	2607.363945209306	504.61776272302785	475.6384177997964	1721.3624730920517	13.713262219364712	5465.040130833574	713.6102333112797	470.9979977278577	5746.359617632352	4.01493484279401	3830.495364715524	153.35921337029734	478.3858405335088
382.75	9102.09554184394	22.175567272863237	1119.433874584202	219.8888949421296	476.8368229429398	7599.487129949996	22.59272957929344	1868.9779400373409	361.5858494371344	477.0396875321339	6173.32356891988	25.20140197267675	2607.108677189655	504.5664636181122	475.5415796876031	1721.4591077758644	13.712959684274182	5464.922860419452	713.4977400682689	470.8558232537344	5746.413473018469	4.0172353325080525	3830.306325808073	153.47768133725071	478.1342252165939
385.25	9102.021146249162	22.158290466808992	1119.4081983621745	219.93718965997968	477.2397358424683	7599.693795380497	22.562252355759135	1868.8671763543452	361.5797213859152	477.28609034912995	6173.477972062965	25.22999685818344	2606.939502697256	504.52012393472137	475.252555452807	1721.6795917243953	13.711753346270726	5464.901259946945	713.4237466851488	470.7342211572547	5746.6150783780595	4.019595320041246	3829.907067151863	153.68826283329986	478.1618214541118
387.75	9102.128778744831	22.158155627544545	1119.4435712108543	219.90584804978232	477.2325997493758	7599.92144988826	22.58137422410122	1868.7575737929744	361.5694309169546	477.037205897934	6173.803927410747	25.21821207942329	2606.8033889537633	504.48342967370803	475.396432570726	1721.8047223101785	13.71537337892998	5464.860339251056	713.3218532554615	470.6420283295803	5746.554101850765	4.01434010591853	3830.0915575585486	153.60803313210147	478.5715295402178
390.25	9102.03205296345	22.147589314905993	1119.3643221305545	219.95095592653036	477.3719108694357	7600.142911309922	22.553787749707876	1868.6772429514679	361.5475447722281	477.4666113250576	6173.999606763327	25.228183514868142	2606.6281960531696	504.3911301111569	475.2548642400003	1721.9711910443348	13.712970857211447	5464.8538772551	713.2202864717309	470.74617314508964	5746.219159875636	4.01314458755518	3830.669352337662	153.3170350552335	478.6607072782615
392.75	9102.080349899627	22.130595972131864	1119.349244707334	219.94357381398692	477.505525420013	7600.173081078152	22.55560357540832	1868.5338224136228	361.52563848030366	477.21045766575213	6174.220883597277	25.21412423720007	2606.4350183507927	504.34947932426815	475.3767412031709	1721.9881818246013	13.710510600908524	5464.828154136468	713.0908746563756	470.3694083025769	5746.293448581015	4.014509022490993	3830.5469075043416	153.42633601454426	478.0323698297625
395.25	9102.13040228019	22.139516553143277	1119.2960491508763	219.97501280999322	477.36974243565237	7600.390922139673	22.583322168565704	1868.5102830650728	361.46762809304886	476.8780393522817	6174.293251515485	25.224729524253526	2606.2094759818133	504.3308589426339	475.2951469259464	1722.1179875004123	13.705538547507413	5464.764340519103	713.018685811642	470.59232067106893	5746.54984640212	4.011810925681213	3830.140738779938	153.64065943463234	478.15833694038963
397.75	9102.09997931159	22.14112401221367	1119.2275371402795	219.9926018956758	477.4130335030947	7600.37440717796	22.569812040335478	1868.4504799547549	361.4343622391366	477.1486004706236	6174.378898292624	25.2280371482879	2606.007184843186	504.32443369849346	475.3021473823472	1722.2194239764776	13.709315731254415	5464.726595707896	712.930083362025	470.6172011926048	5746.6777235875425	4.012428993936715	3829.6368690611557	153.86358139836602	478.154394160789
