0.0	-1.0	-0.4519886248689331	0.0026444140035576736	-0.0016094862826868883	1.4555936279776817E-4	7.010686393497545E-4	0.005317663019013005
2.5	-0.8345778717152342	-0.5575838737595386	0.0014149797287830459	-4.4674272458902954E-4	9.466677747387501E-4	6.561894852867797E-4	0.003410149237452731
5.0	-0.6080948237771284	-0.6927136745443284	0.0015840419727279475	-3.2088215347552014E-5	0.0013141128154859952	6.422438304683428E-4	0.0032458112732755345
7.5	-0.5035109896296684	-0.7526464474113971	0.0024206423005394277	5.150555567672494E-4	0.001691513363547038	6.241936534190039E-4	0.004398685479062024
10.0	-0.14791630202011327	-0.9621079705652211	0.0018012437430108444	0.0012842407700658417	0.002279986892773481	5.922891959415833E-4	0.00510969026024078
12.5	-0.906313001001261	-0.49835450210580234	0.002892845393575297	0.002099558344287078	0.0031092120834632754	6.055506141553685E-4	0.006059382434578836
15.0	-0.48648665763838733	-0.6923354484821336	0.001984623832500073	0.0022970553754168167	0.0034717179594811382	5.83106615620534E-4	0.00654697336630765
17.5	-0.9166427705746714	-0.508677616190102	0.0022615607034838837	0.00278337563869288	0.004865077651481571	5.551212736122726E-4	0.007499357375762348
20.0	-0.2755967818095766	-0.6858836009572159	0.0017409670120111303	0.002373088933042511	0.004560329067559874	5.514761025256274E-4	0.006354110657262091
22.5	-0.4156264786786494	-0.6425748478277976	0.0021444186209122937	0.0028960763332504056	0.006181448071811266	5.611322399841442E-4	0.005646689652963571
25.0	-0.24964940450719414	-0.6801779397937578	0.003454004433903979	0.004774618322667419	0.009468039010172144	5.911151112449095E-4	0.009098640142550848
27.5	-0.25325424738798386	-0.6792830542368371	0.004516182000245923	0.005810636399757621	0.012802602366240187	5.514090753928903E-4	0.00830980085159761
30.0	-0.15829767193010447	-0.6927970399830512	0.008620956526097774	0.010891548979192988	0.02447589519987349	7.341999512489117E-4	0.0160696525858758
32.5	-0.12938178587536978	-0.683008094157792	0.007592616509048601	0.009556251714212389	0.02260019233823622	6.732156733868081E-4	0.01075160161426138
35.0	0.191731517279517	0.8889781008445986	0.009791710081135606	0.011732926257404566	0.027017830258744623	7.230129266602511E-4	0.011055914610585292
37.5	0.23044118565094796	0.8820060675792587	0.019113062357172507	0.018939809471331726	0.04184244185282828	9.78102529818981E-4	0.022474576576403952
40.0	0.212790329613093	0.886024027517178	0.01566364757909351	0.015085535708087718	0.028958521543983658	8.20429410339639E-4	0.01554355511146136
42.5	0.41835315273012247	0.8321552119729554	0.028531883995775966	0.02523763010692184	0.03477010988016299	0.0010523297652330536	0.02481722875861049
45.0	0.3896030266322465	0.8417295260146103	0.02247804636966661	0.017751967996393614	0.0219659393735168	9.198383952180282E-4	0.018565237287024233
47.5	0.8233419169766467	0.6666539166780666	0.07142385172794563	0.04148504763744756	0.03565260679816365	0.001884286560385272	0.05544969508933511
50.0	1.0	0.564905547384495	0.05249548631474688	0.013532423971912361	0.0057431050368448745	0.0011767001241007953	0.027712075227906058
52.5	0.5340810707954647	0.8653164763650054	0.12188976745853246	-0.0027063623814308144	-0.013785071130792706	0.0019051822460890082	0.051442707029004046
55.0	-1.0	-1.0	0.40270347922952066	0.1930173118525102	-0.037458820535082454	0.9989721075171978	1.0
57.5	-0.9999199164504115	-1.0	4.4963344062095564E-4	5.560828362531143E-4	0.0014281748420382693	3.3375118170027914E-4	9.197710913268777E-4
60.0	-0.9996409769761923	-1.0	4.55187398574523E-4	8.792198414253518E-4	0.0019837129142059916	3.702251237640317E-4	9.885592501537943E-4
62.5	0.4011292106621829	-0.945752514028009	5.538266324634855E-4	0.001117441681057692	0.003245303358785031	3.57978638728468E-4	0.0016972729052153355
65.0	-0.30481565438039754	-0.40789295711625323	0.0013135596789961305	0.0027113465371458568	0.005251619562386938	3.727539928586296E-4	0.0028722960269571586
67.5	-0.15280728427151666	-0.43531902613825935	0.0018664093961720477	0.004363912872296235	0.007500338055400089	3.945014821823466E-4	0.004614339757650769
70.0	-0.14257443248976998	-0.43653230146803307	0.0027826716572143923	0.00919408599312073	0.014589077929673707	4.747113394091115E-4	0.008802494182667632
72.5	0.20286101350221186	0.45222355526759433	0.0038516991831772786	0.011323672738179691	0.01876146833715082	5.331784537362086E-4	0.009373224146196905
75.0	0.1594575390973914	0.46492506458112354	0.0031459933423674913	0.009025375735707072	0.015191815460698884	4.0267940594474404E-4	0.006781535662701504
77.5	0.0865200426614875	0.484982964207717	0.005472775679035987	0.01295396540963631	0.022517136187625717	4.794933146969797E-4	0.009207024233616598
80.0	0.2473091449433823	0.4457785592764835	0.0033121450552967492	0.008511492040764677	0.013176774112864404	4.1485991090794874E-4	0.0069878211888989945
82.5	0.044755297369823165	0.5085263569597827	0.0033250009837839526	0.007659025733550818	0.012820802823406141	4.5558862723316275E-4	0.006568353591863075
85.0	0.1577210472507542	0.4765645819404886	0.0037190940422278215	0.00718498087747829	0.010597894905178087	4.4487661622407895E-4	0.006383227109106804
87.5	0.11819822768563629	0.4885911751384497	0.009157366129930771	0.016142705271673528	0.021992105656647994	6.589169297387535E-4	0.014757874684734116
90.0	0.16398131505675992	0.4738011246134706	0.008920215502495832	0.013634968623808627	0.0167381682996127	6.377271827480361E-4	0.01502421854041698
92.5	0.09141639378982386	0.4993261829841575	0.0026097077587869523	0.004706679502074939	0.0065356432376508485	4.1864202221573044E-4	0.005231945724849673
95.0	0.21465328173464387	0.45743592362608	0.0032211811389029612	0.005495797590264087	0.006760853960756629	5.090968588801117E-4	0.009170223126338353
97.5	0.21949739629340426	0.45565843673147227	0.004373521867230808	0.006688114301244145	0.0077385271308076375	4.1365537534875536E-4	0.00721555497948941
100.0	0.4017619262044016	0.38373195158347095	0.005496648413343477	0.006765232017987346	0.006663648392166812	4.2792886729293056E-4	0.011230815956279467
102.5	0.3575434463702606	0.4037238898998734	0.021099130841662744	0.022964877514785372	0.01698056455350222	0.0011138680348301317	0.053035660764598265
105.0	0.23726926046490307	-1.0	2.2299215057108127E-4	6.215637392167103E-4	0.0020059147257850732	0.9962879032024847	1.0
107.5	-0.6321541816039407	-0.4302732660444222	1.7188738380877937E-4	5.29264020538346E-4	0.0016091599090570046	1.1511415753424208E-4	4.014755945152696E-4
110.0	-0.25871627119265345	-0.594961682295018	2.2753701696700564E-4	4.8615389076242673E-4	0.0014699480054559005	1.3104762488687968E-4	4.480144893250914E-4
112.5	-0.29179662943439866	-0.5789001083067054	2.2551914308994469E-4	5.457716643297327E-4	0.0015629061695516865	1.2151823876337115E-4	4.2009320321509977E-4
115.0	-0.2623894665497079	-0.5928684639103932	2.5065231599826133E-4	6.261575808145833E-4	0.0016218757126330154	1.4358477920255107E-4	5.512130898657115E-4
117.5	-0.3622395570301973	-0.5524657999153636	2.5727236182331156E-4	8.212641057752532E-4	0.002289184991328801	1.7985730900805356E-4	5.668177104523766E-4
120.0	-0.2568537821354821	-0.5756757069228204	5.200389212739909E-4	0.0015443901484199633	0.0035355254306973917	1.635038807124982E-4	7.104070353140825E-4
122.5	-0.1495470491370775	-0.5679835988881428	9.41358708390543E-4	0.0023553638068860923	0.004402986925657187	1.6683882338500185E-4	5.831791403813654E-4
125.0	0.17253939882802427	0.40675779751047664	7.457587049728927E-4	0.002279727262803578	0.00406740468875981	1.5625742038392359E-4	3.189475346548624E-4
127.5	-0.007265408382544442	0.47878190293673806	9.219519291148462E-4	0.002715777587184658	0.004888035287173407	1.3473111734945662E-4	2.8874316194457705E-4
130.0	0.043384463847089334	0.46791555185052225	0.00140727728622807	0.0037884333169090835	0.007250069314785377	1.3857067125030222E-4	3.7422888468922964E-4
132.5	0.04693740535617599	0.46722144836845064	0.0018460262968704431	0.0038573327690275922	0.0073949505227145695	1.6957470479905603E-4	7.392389533089664E-4
135.0	-0.05997560807045668	0.486578859915844	0.001686188663067579	0.0024880442666640216	0.006046807824052813	1.304291828048904E-4	2.846734093135141E-4
137.5	-0.12531475153595065	0.4933350451395594	0.0021727477560849026	0.0022054600867232373	0.00798185233196284	1.5024466998817115E-4	2.449497834023878E-4
140.0	0.73551542442803	0.3624086769429466	8.412469324659619E-4	0.0019183847996651292	0.0027060249426788443	1.71640323714609E-4	4.3151626255452473E-4
142.5	0.7287533472697529	0.3657365508900743	4.151841932534843E-4	4.54074359362643E-4	9.307504463225874E-4	1.5934196914736543E-4	2.1367877415735218E-4
145.0	-1.0	-1.0	1.817314931871021E-4	4.494789674790677E-4	0.0016337627602153772	0.9961484885252309	1.0
147.5	-0.42568174504490447	-0.9560117294578625	1.0633421257293961E-4	2.1897273227526536E-4	0.0016716398528869821	8.885744539631065E-5	1.870650180920596E-5
150.0	-0.08739123004507737	-0.7928979901779583	8.680170997098021E-5	1.7087315525012595E-4	0.0023897834435382464	6.138955208985275E-5	1.2306419434863597E-4
152.5	0.10386866228108188	0.5061233634150231	5.961667679270766E-5	9.332491745315334E-4	0.007882694545783364	6.12655780327775E-5	1.408842318350206E-4
155.0	-0.035186686013496525	0.51773485510693	-1.8733370629861926E-4	4.3122239326541403E-4	0.01436083930978161	3.5098297839905024E-5	1.5053436582156208E-4
157.5	-0.014048678314906514	0.5173276208246279	-9.395603042714687E-4	5.64825836450645E-4	0.008933479252705765	6.3720052408834E-5	1.8088923756752432E-4
160.0	-0.018232190740851018	0.5174498774955699	-0.0010828819219325955	1.1117653602605624E-5	0.0036257951114768475	7.737476534288734E-5	1.5910615444029633E-4
162.5	-0.24339564981117814	0.506556306734107	-0.003560465181542507	-5.735055086944972E-4	0.002013749532580675	4.8262790774830965E-5	1.478923987761959E-4
165.0	-0.40779386643174037	0.323544133303217	-0.004047114619712898	5.497432027304434E-4	-0.0013025547219784907	1.65759107187298E-5	1.2204811337348827E-4
167.5	-0.6757223035986805	-0.6715005294299567	-2.670640309805744E-4	3.4438709908498046E-5	2.3410739411758048E-4	1.2949168081613568E-5	1.0231080041692149E-4
170.0	1.0	0.0840545385493565	-1.9954592862255873E-4	1.2923777948025665E-5	2.8292480655516217E-4	2.297476776699248E-5	5.6073986163432216E-5
172.5	-0.48987125753621147	0.03992551084951835	-2.069595377611998E-4	-3.76588007224043E-5	4.273216556873357E-4	2.5126669834212676E-5	1.1469430636004294E-4
175.0	0.07259232864749121	0.32145035583722115	-1.742655929117017E-4	-2.481908780810006E-5	4.1527702879674274E-4	1.2849396874723118E-5	1.2886359611621697E-4
177.5	0.31217749124408944	0.3725214476031738	-1.5217769899070514E-4	5.649012440189853E-6	4.12253548966556E-4	4.8516339801803626E-5	1.6861732995737618E-4
180.0	-0.3623122115377829	0.2463860640348054	-9.797115833555426E-5	1.2849209793569393E-5	3.686784463086978E-4	6.351797256010737E-5	1.028306403494941E-4
182.5	0.21754351966254723	0.2657205980323393	-4.231596791085656E-5	1.7470451098088486E-5	3.9332607079434407E-4	4.1357155371873906E-5	1.1656718133406874E-4
185.0	-0.135639924532746	-0.2001019080640621	2.719214640937784E-5	1.6326017453287306E-5	3.6834499610448687E-4	2.6047824929568905E-5	8.011998039612763E-5
187.5	0.3109203792577977	-0.13821061443987792	7.410867055376145E-5	1.8346821370632933E-5	3.303204121755315E-4	6.697454799700806E-6	1.2682292883743669E-5
190.0	0.31669259761071233	-0.13861600314664654	9.215536121409359E-5	4.7390561225399675E-5	6.027621030805948E-4	-6.387197144994537E-6	-5.867155575344829E-5
192.5	0.2171671259586196	-0.11495359345529181	1.3950411644796166E-4	8.069139189716117E-5	5.777175321186686E-4	1.5520085947238906E-6	-5.187420724502166E-5
195.0	-0.18751662139285974	-0.012732658931294513	1.7171825614119762E-4	5.7013496846283765E-5	5.275934437850888E-4	1.6164791474756102E-5	-7.15915918117885E-5
197.5	-0.04095466028789337	-0.026205097896714748	1.2845751382822073E-4	5.308539141365242E-5	5.084858974234899E-4	3.518293531372835E-5	-5.0898234320961797E-5
200.0	-0.17887406815887102	-0.017517417200377996	3.3493798809781363E-4	1.7294841574867612E-5	3.567483258790035E-4	3.5781095167972924E-5	-1.3807116431776043E-4
202.5	-0.027367920501506722	-0.2692636595937931	1.901068589936812E-4	1.1927248623172983E-5	1.8931309777743064E-4	-1.647367509616846E-5	-1.1770594456537086E-4
205.0	-0.38676351266694825	-0.36479731775178104	9.216355311122385E-5	-3.9323813020454944E-5	2.385286659451331E-4	2.5804978578556847E-5	-1.0523321797323663E-4
207.5	-0.27372152741185435	-0.20745529308619876	6.496813824049404E-5	-2.0460848326111666E-5	1.0139841321625792E-4	2.2889106726616928E-5	-1.4200649791657217E-4
210.0	-0.08547369601743814	0.17202309670846247	8.997276212020676E-5	-2.4735954926356996E-5	1.0027613598415522E-4	4.728275841803114E-6	-2.898129767981665E-4
212.5	0.3874027280362891	0.18783957113023825	9.227097267557066E-5	3.0644155100705075E-7	9.749021618323249E-5	-2.193931134161657E-5	-2.3334668650613812E-4
215.0	0.10393420607695852	-0.024844627357129286	1.0524716700518409E-4	4.095801862623116E-6	9.415504654472441E-5	-1.385730787599239E-5	-1.2675086588394697E-4
217.5	-0.028936041519252463	-0.03638424703170568	1.5766901100095043E-4	-4.5498445722991736E-5	3.8235906845866525E-4	-3.5724798935399946E-5	-2.4298747948752345E-4
220.0	-0.04163396876564289	-0.04081186769610382	1.645629951465479E-4	-9.165656983233973E-5	3.7519915309770525E-4	-7.055039876286207E-5	-1.9095058929000084E-4
222.5	-0.04494853961932366	-0.04230169642023921	1.1610145984750974E-4	-1.3358782518366996E-4	3.6140365199842465E-4	-1.0605073925995875E-4	-2.425127349332715E-4
225.0	0.03602404771386413	0.022543889774316185	1.7090171336481847E-4	-2.1117829141894203E-4	4.489478965044384E-4	-1.4591779387662635E-4	-2.348961362325302E-4
227.5	0.1629079249876973	0.07221615508556878	7.986621244425715E-4	-5.563597834454435E-4	0.0014806508165428277	-1.2817871255174494E-4	-1.7669895266183818E-4
230.0	-0.10563758792899555	0.04377187223633841	3.885942079270214E-4	-3.655864241818309E-4	5.178974803478385E-4	-1.3084827788830447E-4	-1.8108397134131892E-4
232.5	0.16593091850191857	0.16645893357107874	6.836491191142488E-4	-1.586531127000781E-4	7.794178130996501E-4	-1.2775450595906365E-4	-1.7488017529622383E-4
235.0	-0.12196911376866613	0.16990498314544036	0.0017856814838664063	6.90012803388011E-6	3.29920145737818E-5	-1.0021934335655681E-4	-2.4322335624276392E-4
237.5	0.883877730921349	-0.5928785688190134	8.658372644975007E-4	-1.6621212394809882E-5	-1.2631570073080004E-4	-1.1991910135384928E-4	-6.432842388434698E-4
240.0	0.34338813844184163	0.5	0.002594149579987647	-0.0015252600068962193	-0.0012017902377359137	-3.8286789232497054E-4	-0.009081481775306158
242.5	-1.0	0.5	1.677074093841743E-4	6.824782112347801E-5	-0.0012464746974855637	-0.9952095631832485	-1.0
245.0	-0.3003005418906553	0.5	8.405430349595168E-5	2.6815180864668382E-5	-0.0015282692210045377	-8.241237604243399E-5	-3.0752638034288034E-5
247.5	-0.30068637001876897	0.5	5.185060320683341E-4	6.335876187053878E-4	-0.004587559995147228	-9.39699778026546E-5	-3.9812553184195165E-5
250.0	-0.300897842464564	0.5	0.11109370522711944	0.2739447400222299	-0.698053719287643	-0.9504945353675649	-1.0
252.5	-0.3010351586377439	0.5	0.05241627801964097	0.18231977653462877	-0.31967455627705005	-2.017095063769445E-5	6.67414545216195E-5
255.0	-0.30113812979207544	0.5	0.10968355277523477	0.25968545196052994	-0.492362073726403	-2.1356420068706194E-7	9.659938835277138E-5
257.5	-0.3012230886307143	0.5	9.689209947916889E-5	2.0355744787911185E-4	-8.027898136161284E-4	1.712181593697995E-5	1.5242541395992122E-4
260.0	-0.30129447660692826	0.5	0.016876652298831275	0.08602430367618619	-0.21350475918955264	1.510216808235901E-5	3.4743174615798345E-5
262.5	-0.30135765862838965	0.5	-0.0015245729850561583	0.04246021983263112	-0.06680102392113019	2.0159795607752092E-5	1.170513993097664E-5
265.0	-0.301414756090299	0.5	-0.012153652478465954	0.16392090006039806	-0.2401249397918698	1.19323470839505E-5	8.55651585623432E-6
267.5	-0.30146731983683733	0.5	-0.06111215638379984	0.22313557392735578	-0.4212476092811921	-6.289758844832521E-6	8.452836218669589E-5
270.0	-0.3015160579543931	0.5	-0.02938121803086285	0.1333554164189116	-0.32409042010307576	-0.002809717874371161	0.262972520937428
272.5	1.0	0.5	-4.577283781833208E-5	-3.609772279984767E-4	-8.463972978543165E-4	1.3176834641216317E-5	7.683289492633308E-5
275.0	0.9997679023947494	0.5	5.007700370810561E-6	-2.5583313592774813E-4	-0.0013759349105645106	2.656011711414446E-5	1.969120526553352E-5
277.5	-0.23798181923510234	0.5	0.004192542845834481	-0.019354138427161414	-0.06484286071355873	1.0277628213545751E-4	-0.0020272043391038833
280.0	0.2647298759269589	0.5	0.0221987413193696	-0.12136609593961456	-0.555173628321168	0.1674522204268413	-1.0
282.5	0.3393010140414811	0.5	0.015220904065986635	-0.058460445579191854	-0.3180964897193656	1.2567121524306809E-5	1.4152963794280909E-4
285.0	0.3396248873911016	0.5	-0.00123961607963085	-0.060352216608821806	-0.1955770340766847	1.9700049294768586E-5	7.460639656815182E-5
287.5	0.33978774434909503	0.5	0.055990554398211295	-0.26634902389730364	-0.5850117511031027	-2.9319866363505372E-6	9.809375877540096E-5
290.0	0.3399020974374484	0.5	9.541446015121954E-5	-2.4314034689892146E-4	-3.4234665532007494E-4	5.425998511041412E-6	6.0512725279432974E-5
292.5	-0.42577165201348927	0.5	1.500788496678945E-4	-2.47630121029726E-4	-4.985886415518843E-4	4.998364656635173E-5	3.1436539374232766E-5
295.0	-0.4254296342005624	0.5	1.9321356167142147E-4	-1.7802588074910898E-4	-6.2953422816239E-4	4.067574161174353E-5	6.569200648038197E-5
297.5	-0.3691656054084636	0.5	0.2019364172266014	-0.057283882756589466	-0.7043992834641585	0.05220418308203962	-0.5627798483707741
300.0	0.33753041597422695	0.5	1.7723836565532603E-4	-2.3093271192453253E-4	-2.4238065078203166E-4	4.415052268479334E-5	9.166812116636796E-5
302.5	0.3377325628373998	0.5	0.17218961939604183	-0.14394773717084205	-0.7700092691962646	8.250516994050989E-5	8.257852772924619E-5
305.0	0.33786256095282374	0.5	1.6602896600501334E-4	-2.2179455272416216E-4	-7.508878254493235E-5	7.835512358843905E-5	1.0269486024045438E-4
307.5	-0.0913698929072451	0.5	1.9182046392465278E-4	-2.3292631699103135E-4	-5.641347208420331E-4	0.010654337719873131	0.027688883878005943
310.0	-0.09121272709541507	0.5	0.10551938465926866	-0.15102610894433882	-0.7525872858263223	1.333602615082175E-4	1.0748774871136368E-4
312.5	-1.0	0.5	1.8601700390719633E-4	3.757538572739031E-4	-3.8505607139886994E-4	0.8045957856065097	0.6170529937108021
315.0	-1.0	0.5	1.8402510349090689E-4	3.4119168823415046E-4	-4.3981844358395957E-4	1.2821425366058082E-4	2.2311376365172372E-5
317.5	-1.0	0.5	0.17855319090577165	0.4843947050615365	-0.9516038549982636	1.0523491050857071E-4	4.37882821331973E-5
320.0	-1.0	0.5	9.036815985850443E-5	4.203002471051544E-4	1.104868209109603E-4	9.713041812901318E-5	3.387006557036953E-5
322.5	-1.0	0.5	-0.0030059121819039744	0.39271374638663126	-0.609447346932832	1.0	-0.9241086607190239
325.0	-1.0	0.5	8.988908770893904E-5	4.981872485210431E-4	6.564742009544114E-5	0.781256479113362	0.8962840860460713
327.5	0.34665503862812197	0.5	1.4991572068077724E-4	5.708712507360715E-4	-2.635006357746992E-4	-2.7035877083243998E-6	7.286684625422287E-5
330.0	1.0	0.5	1.4059699616986686E-4	6.750638406658142E-4	-0.0010702090038623067	3.1059224429488816E-5	7.464043119490743E-5
332.5	1.0	0.5	1.8394980594210717E-4	1.531005237914941E-4	-0.001162559022820063	3.0198321438949325E-5	1.02070543613382E-4
335.0	0.9998753775170737	0.5	1.9932656118304426E-4	7.434541206727823E-5	-0.001300448088086775	4.908062220791251E-6	6.903126985868349E-5
337.5	0.8286506136165855	0.5	2.898670553142286E-4	5.938984654507386E-5	-0.002396771415289442	8.673317754199849E-7	8.788431973593582E-5
340.0	-1.0	0.5	0.11551458402827904	0.0933447578728093	-0.8902663224498769	3.39010351926291E-5	9.793606501686526E-5
342.5	-1.0	0.5	0.14371254040935325	0.26692574614221276	-0.9886379672236016	0.0011065828850396584	0.35794206945257906
345.0	-0.9999999969653387	0.5	0.105571029545709	0.5810958839796188	-0.9162031988823007	0.0214780394520134	0.41721350664404483
347.5	-1.0	0.5	1.1266525954421348E-4	4.7950729625345824E-4	-4.387736709092661E-4	0.02962829515913411	0.6490480949224096
350.0	-0.8596086438567843	0.5	-0.005739745837081448	0.49365652188211084	-0.6545429473048323	-1.984271505172094E-5	2.1609080435735122E-5
352.5	-0.8596334185487844	0.5	7.429033865614009E-5	5.430199122481457E-4	-1.7661514631981879E-4	-2.503657977972925E-5	6.954421744249165E-5
355.0	-0.393716677018827	0.5	3.9725446762208144E-5	5.570305187651453E-4	-2.4387972298565468E-4	-5.367585296795003E-5	1.2553603006113168E-4
357.5	0.39156531981641646	0.5	0.028594325575048454	0.6407992928082199	-0.7286626620670592	-0.007761389490370143	0.38223762265011435
360.0	0.39153624735058695	0.5	1.0841490984476969E-5	-1.4051413379228896E-5	-3.9651839353740167E-4	-6.198912081912354E-6	2.9885334409624303E-5
362.5	0.39150322867242	0.5	1.0022443833645946E-4	-6.914335025409726E-5	-5.876465958252936E-4	-6.238278602573593E-6	3.108218734482565E-5
365.0	0.3914647147002217	0.5	3.807917520072077E-5	-2.1190822389165247E-4	-0.0011786020728224336	7.03639725737615E-6	4.8484880662273295E-5
367.5	0.39141900395573537	0.5	8.570776236029036E-5	-1.9194528789591648E-4	-0.0017331085992511074	-1.8875654697899956E-5	2.402127895341395E-6
370.0	0.391362390125448	0.5	9.797962941125437E-6	-2.1325782151359902E-4	-0.00147124024382787	-4.057639032150821E-5	2.0929914048008885E-5
372.5	0.3912869580156133	0.5	2.1055903225166647E-5	-2.5220376796231266E-4	-0.0018086556043692458	-6.392989841911326E-5	6.300107043609062E-5
375.0	0.3911812272824841	0.5	-5.986079349948007E-6	-0.0015991762505484217	-0.011414689227078396	-5.953774702971012E-5	3.1281669430263854E-5
377.5	0.39100446904043895	0.5	0.04913087668331851	-0.19595033087913313	-0.865294624621078	-0.024654091601267435	-0.9093518546362507
380.0	0.3905763963448932	0.5	0.03217269431558606	-0.2064448354181469	-0.7899301821338599	-1.9241165410541503E-5	1.9387568747951058E-4
382.5	0.16307092908370555	0.5	0.12855361370117147	-0.20038818002270536	-0.9369302411010375	9.739081231356332E-9	2.02244831760993E-4
385.0	0.1291443300731047	0.5	0.029067312643695702	-0.16700799777382	-0.6106626084489969	0.06291334131491262	0.5518648663994469
387.5	-0.27226851707886734	0.5	6.66651584596805E-5	-2.348602939578951E-4	-4.650703585603657E-4	0.03861584156724844	-0.18228007019333145
390.0	-0.27257454457368074	0.5	1.4362550237642636E-5	-2.790063211427017E-4	-6.995334828622038E-4	0.07940321458129138	-0.9268681499417152
392.5	0.2864799163445157	0.5	-0.06296111759794847	-0.16529026912142133	-0.7344290680769195	0.014188534440646194	0.06617733663577388
395.0	0.11205571920444482	0.5	2.1923934834413147E-5	-2.3015787525174485E-4	8.0730685871993E-5	3.974660412508582E-5	1.57135137980592E-4
397.5	-0.41532901903958486	0.5	2.2833602919669075E-7	-2.545654584988121E-4	-3.311913245842374E-4	0.17768667673771124	0.6830776582928825
400.0	1.0	0.5	-0.009050766993368395	-0.06728296094076275	-0.36746537790718126	0.8434562746916212	-0.828130857377203
402.5	0.1329915266556968	0.5	6.107548538707258E-5	-2.1413542319988308E-4	-5.730520297907501E-4	1.6578500726062728E-5	1.859017131277033E-4
405.0	0.13311511974510445	0.5	0.0033862725723448482	-0.044491061827996066	-0.48908389309468936	2.2725088669507558E-5	2.0001503364546928E-4
407.5	0.13322048481198773	0.5	3.108639043145534E-5	-1.7785131595729375E-4	-3.863332138573179E-4	4.783553685229624E-5	1.7892100124106066E-4
410.0	0.13331360767862632	0.5	-0.0296438292801153	-0.092707396265921	-0.6120122248309727	6.000216276489416E-5	1.6152014891923609E-4
412.5	-1.0	0.5	-7.190904790858444E-7	3.4055092070347604E-4	-8.847846119590046E-5	6.598207731730014E-5	1.6846180564260508E-4
415.0	-1.0	0.5	6.437872887264215E-5	5.530019607394718E-4	-2.510434878908375E-4	2.4401227781216434E-5	1.5159319344584804E-4
417.5	-1.0	0.5	7.023250355348804E-5	6.023494219311072E-4	-5.365886373717174E-4	-5.822148468092142E-6	1.2084210384654046E-4
420.0	0.8171340341357725	0.5	0.023318242056124178	0.42468231060454237	-0.791690217825446	-2.4894251740272958E-5	1.438663560042503E-4
422.5	0.8186451810871322	0.5	9.614205305158463E-5	1.3575800046904316E-4	5.881010117586333E-5	-4.2515605500886595E-5	1.377443377072883E-4
425.0	-1.0	0.5	9.612391028240654E-5	3.73370393403871E-4	8.940203333101882E-5	-1.0199764346504848E-4	8.21400336625616E-5
427.5	-1.0	0.5	1.2354337195264917E-4	4.8231303639448454E-4	2.732311137470033E-4	-8.956344977656213E-5	9.229633703483374E-5
430.0	-1.0	0.5	6.373929244935138E-5	5.281634816762022E-4	-4.965650513482088E-5	-9.761129897310636E-5	2.607366713369518E-5
432.5	-1.0	0.5	-3.2921533071343586E-6	4.601010731235003E-4	-3.2496062193294243E-4	-1.2259928878067828E-4	2.9096204528686214E-5
435.0	-0.2620360873609781	0.5	-0.13592455379994656	0.6701634128602401	-1.0	-0.9948139189419178	-1.0
437.5	1.0	0.5	-2.0884025733998268E-5	9.689454320770786E-5	2.7569825868655417E-4	-6.191168955372468E-5	2.0763882831295765E-4
440.0	0.999914092394453	0.5	-3.210386680876812E-5	-1.7716229324737688E-5	-3.2579523396617985E-4	-3.680573983141123E-5	1.9922477176840308E-4
442.5	0.9995102821746121	0.5	-9.899693888639568E-5	-6.036762843791608E-5	-6.668753001902957E-4	-4.6898032023196815E-5	2.0679274580804121E-4
445.0	-0.8613239751454047	0.5	-2.0934020234368044E-5	3.392645954921159E-5	-4.990208651380641E-4	-4.637176150970585E-5	1.818083275814017E-4
447.5	-0.8614032170980075	0.5	-8.961373249373006E-5	3.837891213168922E-4	-4.8266992237641686E-4	-5.582016026006619E-5	9.987555340473767E-5
450.0	-0.8614559536327472	0.5	-0.2747473406932195	0.8065811774231759	-1.0	-7.14044297000389E-5	1.330537899824653E-4
452.5	-0.8614964358334887	0.5	-6.323381365527122E-5	3.8304350782658353E-4	8.013006855441977E-5	-7.602869280790932E-5	1.8517134794104924E-4
455.0	-0.8615292507877347	0.5	7.798143895471824E-6	4.769006683614874E-4	-2.858748681929029E-4	-4.3895731307459636E-5	1.323326491029511E-4
457.5	1.0	0.5	-0.022754998948672417	0.4726581317729572	-0.6831811680164419	-2.2185579945628533E-5	1.0866529739302915E-4
460.0	0.9999283416141108	0.5	4.3211427712137954E-5	-1.833556850857505E-5	-5.581171134951871E-4	-3.043247486004487E-5	1.535808472787232E-4
462.5	0.9997224457600533	0.5	-1.3991410229731195E-5	-1.552397422617093E-4	-7.824920437430697E-4	-6.260219542700197E-6	1.1825176328177318E-4
465.0	0.023597100911448683	0.5	3.892020824179581E-5	-1.5896433592248286E-4	-8.588896048844372E-4	-3.042518851308676E-5	1.2239255343453467E-4
467.5	0.8377027237735073	0.5	-0.01505831246498956	-0.09464295705867418	-0.45614281329677553	-1.5310156951470546E-6	1.002824145007577E-4
470.0	-0.0687251231326724	0.5	-0.04765018935644218	-0.20275208339946704	-0.716492667288323	-1.5726016738364846E-5	2.011239249583559E-4
472.5	-0.3967984232129814	0.5	-7.266649118100212E-5	-2.805445739588722E-4	-3.65429731255863E-4	-3.5052741942255845E-5	2.2047392255820258E-4
