0.0	-1.0	-0.4519886248689331	0.0026444140035576736	-0.0016094862826868883	1.4555936279776817E-4	7.010686393497545E-4	0.005317663019013005
2.5	-0.8345778717152342	-0.5575838737595386	0.0014149797287830459	-4.4674272458902954E-4	9.466677747387501E-4	6.561894852867797E-4	0.003410149237452731
5.0	-0.6080948237771284	-0.6927136745443284	0.0015840419727279475	-3.2088215347552014E-5	0.0013141128154859952	6.422438304683428E-4	0.0032458112732755345
7.5	-0.5035109896296684	-0.7526464474113971	0.0024206423005394277	5.150555567672494E-4	0.001691513363547038	6.241936534190039E-4	0.004398685479062024
10.0	-0.14791630202011327	-0.9621079705652211	0.0018012437430108444	0.0012842407700658417	0.002279986892773481	5.922891959415833E-4	0.00510969026024078
12.5	-0.906313001001261	-0.49835450210580234	0.002892845393575297	0.002099558344287078	0.0031092120834632754	6.055506141553685E-4	0.006059382434578836
15.0	-0.48648665763838733	-0.6923354484821336	0.001984623832500073	0.0022970553754168167	0.0034717179594811382	5.83106615620534E-4	0.00654697336630765
17.5	-0.9166427705746714	-0.508677616190102	0.0022615607034838837	0.00278337563869288	0.004865077651481571	5.551212736122726E-4	0.007499357375762348
20.0	-0.2755967818095766	-0.6858836009572159	0.0017409670120111303	0.002373088933042511	0.004560329067559874	5.514761025256274E-4	0.006354110657262091
22.5	-0.4156264786786494	-0.6425748478277976	0.0021444186209122937	0.0028960763332504056	0.006181448071811266	5.611322399841442E-4	0.005646689652963571
25.0	-0.24964940450719414	-0.6801779397937578	0.003454004433903979	0.004774618322667419	0.009468039010172144	5.911151112449095E-4	0.009098640142550848
27.5	-0.25325424738798386	-0.6792830542368371	0.004516182000245923	0.005810636399757621	0.012802602366240187	5.514090753928903E-4	0.00830980085159761
30.0	-0.15829767193010447	-0.6927970399830512	0.008620956526097774	0.010891548979192988	0.02447589519987349	7.341999512489117E-4	0.0160696525858758
32.5	-0.12938178587536978	-0.683008094157792	0.007592616509048601	0.009556251714212389	0.02260019233823622	6.732156733868081E-4	0.01075160161426138
35.0	0.191731517279517	0.8889781008445986	0.009791710081135606	0.011732926257404566	0.027017830258744623	7.230129266602511E-4	0.011055914610585292
37.5	0.23044118565094796	0.8820060675792587	0.019113062357172507	0.018939809471331726	0.04184244185282828	9.78102529818981E-4	0.022474576576403952
40.0	0.212790329613093	0.886024027517178	0.01566364757909351	0.015085535708087718	0.028958521543983658	8.20429410339639E-4	0.01554355511146136
42.5	0.41835315273012247	0.8321552119729554	0.028531883995775966	0.02523763010692184	0.03477010988016299	0.0010523297652330536	0.02481722875861049
45.0	0.3896030266322465	0.8417295260146103	0.02247804636966661	0.017751967996393614	0.0219659393735168	9.198383952180282E-4	0.018565237287024233
47.5	0.8233419169766467	0.6666539166780666	0.07142385172794563	0.04148504763744756	0.03565260679816365	0.001884286560385272	0.05544969508933511
50.0	1.0	0.564905547384495	0.05249548631474688	0.013532423971912361	0.0057431050368448745	0.0011767001241007953	0.027712075227906058
52.5	0.5340810707954647	0.8653164763650054	0.12188976745853246	-0.0027063623814308144	-0.013785071130792706	0.0019051822460890082	0.051442707029004046
55.0	-1.0	-1.0	0.40270347922952066	0.1930173118525102	-0.037458820535082454	0.9989721075171978	1.0
57.5	-0.9999199164504115	-1.0	4.4963344062095564E-4	5.560828362531143E-4	0.0014281748420382693	3.3375118170027914E-4	9.197710913268777E-4
60.0	-0.9996409769761923	-1.0	4.55187398574523E-4	8.792198414253518E-4	0.0019837129142059916	3.702251237640317E-4	9.885592501537943E-4
62.5	0.4011292106621829	-0.945752514028009	5.538266324634855E-4	0.001117441681057692	0.003245303358785031	3.57978638728468E-4	0.0016972729052153355
65.0	-0.30481565438039754	-0.40789295711625323	0.0013135596789961305	0.0027113465371458568	0.005251619562386938	3.727539928586296E-4	0.0028722960269571586
67.5	-0.15280728427151666	-0.43531902613825935	0.0018664093961720477	0.004363912872296235	0.007500338055400089	3.945014821823466E-4	0.004614339757650769
70.0	-0.14257443248976998	-0.43653230146803307	0.0027826716572143923	0.00919408599312073	0.014589077929673707	4.747113394091115E-4	0.008802494182667632
72.5	0.20286101350221186	0.45222355526759433	0.0038516991831772786	0.011323672738179691	0.01876146833715082	5.331784537362086E-4	0.009373224146196905
75.0	0.1594575390973914	0.46492506458112354	0.0031459933423674913	0.009025375735707072	0.015191815460698884	4.0267940594474404E-4	0.006781535662701504
77.5	0.0865200426614875	0.484982964207717	0.005472775679035987	0.01295396540963631	0.022517136187625717	4.794933146969797E-4	0.009207024233616598
80.0	0.2473091449433823	0.4457785592764835	0.0033121450552967492	0.008511492040764677	0.013176774112864404	4.1485991090794874E-4	0.0069878211888989945
82.5	0.044755297369823165	0.5085263569597827	0.0033250009837839526	0.007659025733550818	0.012820802823406141	4.5558862723316275E-4	0.006568353591863075
85.0	0.1577210472507542	0.4765645819404886	0.0037190940422278215	0.00718498087747829	0.010597894905178087	4.4487661622407895E-4	0.006383227109106804
87.5	0.11819822768563629	0.4885911751384497	0.009157366129930771	0.016142705271673528	0.021992105656647994	6.589169297387535E-4	0.014757874684734116
90.0	0.16398131505675992	0.4738011246134706	0.008920215502495832	0.013634968623808627	0.0167381682996127	6.377271827480361E-4	0.01502421854041698
92.5	0.09141639378982386	0.4993261829841575	0.0026097077587869523	0.004706679502074939	0.0065356432376508485	4.1864202221573044E-4	0.005231945724849673
95.0	0.21465328173464387	0.45743592362608	0.0032211811389029612	0.005495797590264087	0.006760853960756629	5.090968588801117E-4	0.009170223126338353
97.5	0.21949739629340426	0.45565843673147227	0.004373521867230808	0.006688114301244145	0.0077385271308076375	4.1365537534875536E-4	0.00721555497948941
100.0	0.4017619262044016	0.38373195158347095	0.005496648413343477	0.006765232017987346	0.006663648392166812	4.2792886729293056E-4	0.011230815956279467
102.5	0.3575434463702606	0.4037238898998734	0.021099130841662744	0.022964877514785372	0.01698056455350222	0.0011138680348301317	0.053035660764598265
105.0	0.23726926046490307	-1.0	2.2299215057108127E-4	6.215637392167103E-4	0.0020059147257850732	0.9962879032024847	1.0
107.5	-0.6321541816039407	-0.4302732660444222	1.7188738380877937E-4	5.29264020538346E-4	0.0016091599090570046	1.1511415753424208E-4	4.014755945152696E-4
110.0	-0.25871627119265345	-0.594961682295018	2.2753701696700564E-4	4.8615389076242673E-4	0.0014699480054559005	1.3104762488687968E-4	4.480144893250914E-4
112.5	-0.29179662943439866	-0.5789001083067054	2.2551914308994469E-4	5.457716643297327E-4	0.0015629061695516865	1.2151823876337115E-4	4.2009320321509977E-4
115.0	-0.2623894665497079	-0.5928684639103932	2.5065231599826133E-4	6.261575808145833E-4	0.0016218757126330154	1.4358477920255107E-4	5.512130898657115E-4
117.5	-0.3622395570301973	-0.5524657999153636	2.5727236182331156E-4	8.212641057752532E-4	0.002289184991328801	1.7985730900805356E-4	5.668177104523766E-4
120.0	-0.2568537821354821	-0.5756757069228204	5.200389212739909E-4	0.0015443901484199633	0.0035355254306973917	1.635038807124982E-4	7.104070353140825E-4
122.5	-0.1495470491370775	-0.5679835988881428	9.41358708390543E-4	0.0023553638068860923	0.004402986925657187	1.6683882338500185E-4	5.831791403813654E-4
125.0	0.17253939882802427	0.40675779751047664	7.457587049728927E-4	0.002279727262803578	0.00406740468875981	1.5625742038392359E-4	3.189475346548624E-4
127.5	-0.007265408382544442	0.47878190293673806	9.219519291148462E-4	0.002715777587184658	0.004888035287173407	1.3473111734945662E-4	2.8874316194457705E-4
130.0	0.043384463847089334	0.46791555185052225	0.00140727728622807	0.0037884333169090835	0.007250069314785377	1.3857067125030222E-4	3.7422888468922964E-4
132.5	0.04693740535617599	0.46722144836845064	0.0018460262968704431	0.0038573327690275922	0.0073949505227145695	1.6957470479905603E-4	7.392389533089664E-4
135.0	-0.05997560807045668	0.486578859915844	0.001686188663067579	0.0024880442666640216	0.006046807824052813	1.304291828048904E-4	2.846734093135141E-4
137.5	-0.12531475153595065	0.4933350451395594	0.0021727477560849026	0.0022054600867232373	0.00798185233196284	1.5024466998817115E-4	2.449497834023878E-4
140.0	0.73551542442803	0.3624086769429466	8.412469324659619E-4	0.0019183847996651292	0.0027060249426788443	1.71640323714609E-4	4.3151626255452473E-4
142.5	0.7287533472697529	0.3657365508900743	4.151841932534843E-4	4.54074359362643E-4	9.307504463225874E-4	1.5934196914736543E-4	2.1367877415735218E-4
145.0	-1.0	-1.0	1.817314931871021E-4	4.494789674790677E-4	0.0016337627602153772	0.9961484885252309	1.0
147.5	-0.42568174504490447	-0.9560117294578625	1.0633421257293961E-4	2.1897273227526536E-4	0.0016716398528869821	8.885744539631065E-5	1.870650180920596E-5
150.0	-0.08739123004507737	-0.7928979901779583	8.680170997098021E-5	1.7087315525012595E-4	0.0023897834435382464	6.138955208985275E-5	1.2306419434863597E-4
152.5	0.10386866228108188	0.5061233634150231	5.961667679270766E-5	9.332491745315334E-4	0.007882694545783364	6.12655780327775E-5	1.408842318350206E-4
155.0	-0.035186686013496525	0.51773485510693	-1.8733370629861926E-4	4.3122239326541403E-4	0.01436083930978161	3.5098297839905024E-5	1.5053436582156208E-4
157.5	-0.014048678314906514	0.5173276208246279	-9.395603042714687E-4	5.64825836450645E-4	0.008933479252705765	6.3720052408834E-5	1.8088923756752432E-4
160.0	-0.018232190740851018	0.5174498774955699	-0.0010828819219325955	1.1117653602605624E-5	0.0036257951114768475	7.737476534288734E-5	1.5910615444029633E-4
162.5	-0.24339564981117814	0.506556306734107	-0.003560465181542507	-5.735055086944972E-4	0.002013749532580675	4.8262790774830965E-5	1.478923987761959E-4
165.0	-0.40779386643174037	0.323544133303217	-0.004047114619712898	5.497432027304434E-4	-0.0013025547219784907	1.65759107187298E-5	1.2204811337348827E-4
167.5	-0.6757223035986805	-0.6715005294299567	-2.670640309805744E-4	3.4438709908498046E-5	2.3410739411758048E-4	1.2949168081613568E-5	1.0231080041692149E-4
170.0	1.0	0.0840545385493565	-1.9954592862255873E-4	1.2923777948025665E-5	2.8292480655516217E-4	2.297476776699248E-5	5.6073986163432216E-5
172.5	-0.48987125753621147	0.03992551084951835	-2.069595377611998E-4	-3.76588007224043E-5	4.273216556873357E-4	2.5126669834212676E-5	1.1469430636004294E-4
175.0	0.07259232864749121	0.32145035583722115	-1.742655929117017E-4	-2.481908780810006E-5	4.1527702879674274E-4	1.2849396874723118E-5	1.2886359611621697E-4
177.5	0.31217749124408944	0.3725214476031738	-1.5217769899070514E-4	5.649012440189853E-6	4.12253548966556E-4	4.8516339801803626E-5	1.6861732995737618E-4
180.0	-0.3623122115377829	0.2463860640348054	-9.797115833555426E-5	1.2849209793569393E-5	3.686784463086978E-4	6.351797256010737E-5	1.028306403494941E-4
182.5	0.21754351966254723	0.2657205980323393	-4.231596791085656E-5	1.7470451098088486E-5	3.9332607079434407E-4	4.1357155371873906E-5	1.1656718133406874E-4
185.0	-0.135639924532746	-0.2001019080640621	2.719214640937784E-5	1.6326017453287306E-5	3.6834499610448687E-4	2.6047824929568905E-5	8.011998039612763E-5
187.5	0.3109203792577977	-0.13821061443987792	7.410867055376145E-5	1.8346821370632933E-5	3.303204121755315E-4	6.697454799700806E-6	1.2682292883743669E-5
190.0	0.31669259761071233	-0.13861600314664654	9.215536121409359E-5	4.7390561225399675E-5	6.027621030805948E-4	-6.387197144994537E-6	-5.867155575344829E-5
192.5	0.2171671259586196	-0.11495359345529181	1.3950411644796166E-4	8.069139189716117E-5	5.777175321186686E-4	1.5520085947238906E-6	-5.187420724502166E-5
195.0	-0.18751662139285974	-0.012732658931294513	1.7171825614119762E-4	5.7013496846283765E-5	5.275934437850888E-4	1.6164791474756102E-5	-7.15915918117885E-5
197.5	-0.04095466028789337	-0.026205097896714748	1.2845751382822073E-4	5.308539141365242E-5	5.084858974234899E-4	3.518293531372835E-5	-5.0898234320961797E-5
200.0	-0.17887406815887102	-0.017517417200377996	3.3493798809781363E-4	1.7294841574867612E-5	3.567483258790035E-4	3.5781095167972924E-5	-1.3807116431776043E-4
202.5	-0.027367920501506722	-0.2692636595937931	1.901068589936812E-4	1.1927248623172983E-5	1.8931309777743064E-4	-1.647367509616846E-5	-1.1770594456537086E-4
205.0	-0.38676351266694825	-0.36479731775178104	9.216355311122385E-5	-3.9323813020454944E-5	2.385286659451331E-4	2.5804978578556847E-5	-1.0523321797323663E-4
207.5	-0.27372152741185435	-0.20745529308619876	6.496813824049404E-5	-2.0460848326111666E-5	1.0139841321625792E-4	2.2889106726616928E-5	-1.4200649791657217E-4
210.0	-0.08547369601743814	0.17202309670846247	8.997276212020676E-5	-2.4735954926356996E-5	1.0027613598415522E-4	4.728275841803114E-6	-2.898129767981665E-4
212.5	0.3874027280362891	0.18783957113023825	9.227097267557066E-5	3.0644155100705075E-7	9.749021618323249E-5	-2.193931134161657E-5	-2.3334668650613812E-4
215.0	0.10393420607695852	-0.024844627357129286	1.0524716700518409E-4	4.095801862623116E-6	9.415504654472441E-5	-1.385730787599239E-5	-1.2675086588394697E-4
217.5	-0.028936041519252463	-0.03638424703170568	1.5766901100095043E-4	-4.5498445722991736E-5	3.8235906845866525E-4	-3.5724798935399946E-5	-2.4298747948752345E-4
220.0	-0.04163396876564289	-0.04081186769610382	1.645629951465479E-4	-9.165656983233973E-5	3.7519915309770525E-4	-7.055039876286207E-5	-1.9095058929000084E-4
222.5	-0.04494853961932366	-0.04230169642023921	1.1610145984750974E-4	-1.3358782518366996E-4	3.6140365199842465E-4	-1.0605073925995875E-4	-2.425127349332715E-4
225.0	0.03602404771386413	0.022543889774316185	1.7090171336481847E-4	-2.1117829141894203E-4	4.489478965044384E-4	-1.4591779387662635E-4	-2.348961362325302E-4
227.5	0.1629079249876973	0.07221615508556878	7.986621244425715E-4	-5.563597834454435E-4	0.0014806508165428277	-1.2817871255174494E-4	-1.7669895266183818E-4
230.0	-0.10563758792899555	0.04377187223633841	3.885942079270214E-4	-3.655864241818309E-4	5.178974803478385E-4	-1.3084827788830447E-4	-1.8108397134131892E-4
232.5	0.16593091850191857	0.16645893357107874	6.836491191142488E-4	-1.586531127000781E-4	7.794178130996501E-4	-1.2775450595906365E-4	-1.7488017529622383E-4
235.0	-0.12196911376866613	0.16990498314544036	0.0017856814838664063	6.90012803388011E-6	3.29920145737818E-5	-1.0021934335655681E-4	-2.4322335624276392E-4
237.5	0.883877730921349	-0.5928785688190134	8.658372644975007E-4	-1.6621212394809882E-5	-1.2631570073080004E-4	-1.1991910135384928E-4	-6.432842388434698E-4
240.0	0.34338813844184163	0.5	0.002594149579987647	-0.0015252600068962193	-0.0012017902377359137	-3.8286789232497054E-4	-0.009081481775306158
242.5	0.034593949830169425	0.5	1.551758557163633E-4	-2.3022750961513888E-4	-9.259873670339608E-4	-0.995201175638159	-1.0
245.0	-0.6585669832267489	0.5	8.403223290303427E-5	1.289766163155121E-5	-2.5145025783142945E-4	-8.093263894403145E-5	-3.07360584624286E-5
247.5	-0.632408588961457	0.5	2.3076132437637709E-4	8.852173255917493E-5	-9.660660398378286E-4	-9.249682073120651E-5	-3.978695937451815E-5
250.0	-0.6326137938570442	0.5	0.10599394811306223	0.2464958471146447	-0.473774468606177	-0.9503866880864753	-1.0
252.5	-0.2899663133896704	0.5	0.03917799517187655	0.14149722205307713	-0.18247353209467304	-2.0594920695517774E-5	6.666034145702494E-5
255.0	-0.5678554739514122	0.5	0.1320328791373488	0.3690368566929632	-0.4671583060643364	-1.2474567249393672E-6	9.645234932529309E-5
257.5	-0.5937292997836522	0.5	4.7226227691610174E-4	0.0018355347731485584	-0.0028477975014132547	1.5396510342234946E-5	1.5219502528363615E-4
260.0	-0.5937770015532196	0.5	0.025093310526907175	0.21376274178895016	-0.2617702784809942	1.3056180074833778E-5	3.443125298156351E-5
262.5	0.204606202216714	0.5	-0.0036717533129402807	0.08938928111857686	-0.10911124751278538	1.7335677762229833E-5	1.1304625692229472E-5
265.0	1.0	0.5	-2.1946065266904047E-5	1.6140716412753155E-5	1.742310836050176E-4	8.901754525789482E-6	8.031857273501666E-6
267.5	0.9996207175740549	0.5	-9.074214470117402E-5	-1.1681098906258868E-4	-1.2478073789587595E-4	-1.1325521231871357E-5	8.381103566394024E-5
270.0	0.999796336660427	0.5	-0.08098070231538816	-0.33939238585464526	-0.6505206662519827	-0.007556996386954681	0.2777402866361958
272.5	0.4791759813841403	0.5	-0.04352331327531714	-0.3376091616059547	-0.44970567407617157	8.195761781944964E-6	7.260088144541594E-5
275.0	0.5961460052754701	0.5	-0.0029285757237906837	-0.18539129825468428	-0.2549870359032536	2.220222755567424E-5	1.577818028017282E-5
277.5	0.2560931082504668	0.5	0.04896305799760706	-0.37094672731553335	-0.4758333177062334	0.14342914667792347	-0.8436273602881633
280.0	0.5840610170374632	0.5	0.014500544300096733	-0.19628330688476847	-0.29624280736909797	2.2351061138794677E-5	1.2604125505050488E-4
282.5	0.48907988271212843	0.5	0.0076302219338050545	-0.0865951570852126	-0.1281683417507976	1.1570522576847757E-5	8.159099690727187E-5
285.0	0.13555595879521032	0.5	-0.002074261281932938	-0.07073906551695348	-0.09781294231070241	1.867023767501373E-5	2.6073798720958993E-5
287.5	0.13919243596676378	0.5	0.05483524909833278	-0.36366222196633097	-0.4756849751908944	-3.954556474600349E-6	5.66815253026604E-5
290.0	-1.0	0.5	1.1600023994912997E-4	4.0949946874586484E-4	0.0011532569174860616	5.316591233094609E-6	2.375663196275601E-5
292.5	-0.9999052105639145	0.5	2.1112397996181272E-4	2.809159460903124E-4	6.107494657334741E-4	4.979432320789892E-5	-2.2790236985107498E-6
295.0	-0.9993774490427445	0.5	0.00485186560046644	0.011875614445151544	-0.013660424215446382	4.076402056241498E-5	3.408527048604284E-5
297.5	-0.17121793178026293	0.5	0.3576819892727696	0.6464312444395334	-0.8789941781467623	0.04982689972396106	-0.9665130148730061
300.0	-0.9074339250114104	0.5	1.3440518012123134E-4	4.601802518764002E-4	0.0016486355481843881	4.640330562715356E-5	1.5331025702852485E-4
302.5	-0.907509224496725	0.5	1.8336209666420194E-4	5.350321676974026E-4	0.0011115938451611933	8.426181847966683E-5	1.349684893099909E-4
305.0	0.31974912985810605	0.5	0.17692524951108246	0.5845229495916524	-0.7705806547086514	0.09922118610307441	0.29694274987390123
307.5	0.8017448546690813	0.5	0.001028214813409951	9.649358530736664E-4	-0.0028548479841540115	3.078226839648839E-4	7.042320675500338E-4
310.0	0.8026782660017966	0.5	1.076156644910265E-4	-2.2395008457660217E-4	7.791975307412332E-4	1.2988544192726236E-4	9.393828325140944E-5
312.5	-1.0	0.5	0.0635787932464471	0.07339583070482825	-0.4247613899002436	0.6050430367617288	0.49206132928588975
315.0	1.0	0.5	1.1785897280351001E-4	-2.326658106307787E-4	9.100002628693822E-4	1.3581711005833608E-4	4.144763362086806E-5
317.5	0.861671069856312	0.5	0.12373496654463792	-0.3865981111490314	-0.6990856890028793	1.1180775831631131E-4	6.088908598001704E-5
320.0	0.021268076938036156	0.5	4.850861518776333E-5	-2.4365055359464881E-4	0.0010439288454275938	1.0344940959180358E-4	4.9717816836579514E-5
322.5	0.021359678577918366	0.5	-0.014566470024934669	-0.20246691776364328	-0.41963888612561084	1.1759578378589506E-4	3.214189501861034E-5
325.0	0.021451525350960163	0.5	0.008897444594053446	-0.12624528000117205	-0.32508961544559034	1.1679943447490915E-4	7.752323401869308E-5
327.5	-1.0	0.5	0.027885206415641586	0.043085895297170954	-0.27789195155006297	9.548094003075305E-5	1.1469535791256192E-4
330.0	-1.0	0.5	0.02679882464490538	0.23786302681510424	-0.48064299280708805	1.2825528467618467E-4	1.1114420857906855E-4
332.5	-1.0	0.5	1.7642252398930087E-4	5.728550915564069E-4	9.713118201303096E-4	1.266767879539047E-4	1.3592166719160549E-4
335.0	0.7096565678603071	0.5	0.13670939280770122	0.5522188109521359	-0.816731687180822	1.0102221660676083E-4	1.0185172936396981E-4
337.5	1.0	0.5	2.497996392817303E-4	1.9734427499359358E-4	4.885206616019661E-4	9.742037503497088E-5	1.2067365234412359E-4
340.0	-1.0	0.5	0.07892745018186366	0.0819573505779058	-0.48943792357373966	0.34140533062856715	0.38897262533824073
342.5	-1.0	0.5	0.1302486378786418	0.30294934741305773	-0.731804466640587	7.61103567422558E-5	8.768926266627382E-5
345.0	-1.0	0.5	1.3903076661379109E-4	5.624788790325561E-4	0.0012442399134201705	0.7958135150143029	0.7841081389227686
347.5	0.39146540426803556	0.5	0.05697925544707612	0.5064457768162812	-0.741513154567672	4.1696061399857545E-5	9.196532690089172E-5
350.0	0.6260066760501466	0.5	-4.154429850673389E-6	9.565940949224088E-5	7.588859750710741E-4	1.1869263129668293E-5	1.2123453435868844E-4
352.5	0.7909143357868882	0.5	4.2577792856436886E-5	7.60974631342776E-5	6.191287280341949E-4	5.503664318955186E-6	1.580079187011692E-4
355.0	0.6345186734199018	0.5	8.466668502166751E-6	1.3973408019363245E-5	5.626309837601219E-4	-3.189427670721181E-5	5.817793853173572E-4
357.5	0.6347177981040909	0.5	0.006901277147666274	-0.1607258876300601	-0.5183265686461626	0.026511630383184766	0.9845370442396111
360.0	0.013344375107712109	0.5	-0.01430738178799093	-0.19788515900450226	-0.47225476491512364	1.7579569379570682E-5	-3.14112199533592E-5
362.5	0.013520965495352767	0.5	0.04491645821485618	-0.2535231817773682	-0.5999768218572887	0.03403258255422061	-0.5058952191366498
365.0	-0.43997640869156396	0.5	1.8816638051699645E-5	-2.46617116903324E-4	8.206834962126527E-4	3.163489041395313E-5	1.2120305748272368E-4
367.5	-0.05876520995173257	0.5	0.013975264781202488	-0.04539950493746487	-0.3742812779310442	6.970859843300807E-6	6.797553876750511E-5
370.0	-0.0577641008987017	0.5	-6.264479560559984E-6	-1.4897643231181934E-4	0.0010213958171806387	-1.3411186944271267E-5	8.207544283788236E-5
372.5	-0.05682271478245141	0.5	-4.816385058194787E-4	-0.00102966225013113	-0.01635071480796637	-3.598499550815318E-5	1.2128834558715894E-4
375.0	-0.055340219609642284	0.5	-0.0023984185701807497	-0.0022475356558171997	-0.1297804178022355	-2.9993221784603323E-5	8.773766398793301E-5
377.5	-0.053991400676645866	0.5	0.03252908133732928	-0.028046244187190386	-0.4586699342298982	1.760793450301127E-5	6.104680563154983E-5
380.0	-0.04985945477382662	0.5	0.01870148874364007	-0.01755789916648553	-0.38799342471811954	5.989307505402807E-6	4.434496606476095E-5
382.5	-0.14306920433685844	0.5	0.10721491120857118	0.024514836149054618	-0.6766129922444261	2.4321335949969717E-5	7.466482065882397E-5
385.0	0.40671416379220227	0.5	0.02400533731727399	-0.035623758244612495	-0.39058317135246484	5.0104820628343206E-5	9.665488756794981E-5
387.5	0.40690701199774953	0.5	0.014300782372204798	-0.04119378897505216	-0.3469534157477316	8.961577930983868E-5	5.7080007508938664E-5
390.0	0.129976089836433	0.5	2.6706824328137595E-5	-2.3280886040645998E-4	7.359200326077312E-4	0.6741837554398662	-1.0
392.5	0.13010323849317723	0.5	-0.07111217471717962	-0.2711216849916563	-0.751560653204741	6.825371285248745E-5	2.4311053214995515E-4
395.0	0.13021419195765543	0.5	3.5830581773880746E-5	-1.524006574387586E-4	0.0015394794020497215	3.735222404634468E-5	1.5660611557493731E-4
397.5	0.13031017430163114	0.5	1.2957610284062231E-5	-2.162190702306935E-4	0.001119060494892768	3.7376855617794086E-5	2.228976441100278E-4
400.0	0.13039836540145075	0.5	-0.00695399223823074	-0.08075296209041438	-0.30858967274703675	8.921851506962063E-5	1.588138515390008E-4
402.5	-1.0	0.5	9.875603707469015E-5	3.7830385245079244E-4	8.730590891975189E-4	6.881745425413416E-5	1.3661927834723986E-4
405.0	-1.0	0.5	0.012075260234256265	0.2076822648113209	-0.628423831871685	7.396713931885949E-5	1.6097139510062552E-4
407.5	-1.0	0.5	7.070605236595648E-5	5.839451626180364E-4	0.0013227262258226479	9.825168253610484E-5	1.4671804323109218E-4
410.0	0.206865390831704	0.5	-0.023136592375095726	0.27247203082634713	-0.4881926144448027	1.0895074497283566E-4	1.3397631848833987E-4
412.5	1.0	0.5	-1.1759511004950331E-4	0.0011057878689853774	-4.4966088171023564E-4	1.1373918572598185E-4	1.4429354154899918E-4
415.0	1.0	0.5	6.846896966961385E-5	5.463583583095752E-4	-2.8504485716431937E-4	7.102285867586824E-5	1.2998450132811697E-4
417.5	-1.0	0.5	7.905826498054128E-5	5.132682652620915E-4	8.934534125500999E-4	3.9828289958162175E-5	1.0127664101476365E-4
420.0	-0.7417672216274265	0.5	0.027158926798822966	0.30559002441202615	-0.6594191954772022	1.9124867595469024E-5	1.2597391542679148E-4
422.5	-0.7418633805571041	0.5	1.2942579857555368E-4	5.679678455784388E-4	0.0013697581762199113	5.190825478184381E-7	1.2133132928747085E-4
425.0	-0.7419249053713172	0.5	1.1610664833401176E-4	5.70418102478043E-4	0.0013978398134531728	-6.028887138718958E-5	6.701182813271185E-5
427.5	-0.5495515270959505	0.5	1.421692764790624E-4	5.990685170491074E-4	0.001589163040209586	-4.905929043108608E-5	7.834272365313541E-5
430.0	-0.4762868748506515	0.5	8.209044662041438E-5	5.92607421166758E-4	0.0012712071292707197	-0.9354812928874338	-1.0
432.5	-0.4763257476768934	0.5	1.916438138390039E-5	4.8506440429519585E-4	9.973274429481587E-4	-3.125495679952706E-5	2.463056409397649E-4
435.0	0.14729612771167866	0.5	-0.13216915058540613	0.6123698271310519	-0.9252310069347908	-4.187668477211378E-5	1.726334699782956E-4
437.5	1.0	0.5	-2.710286691076679E-5	2.2357519018277537E-4	0.0010004610791719771	-3.106237003895066E-5	1.5777974542856006E-4
440.0	0.9998434942980914	0.5	-3.0154621342036202E-5	-6.202166544263386E-6	6.187820671678034E-4	-6.9833907986639804E-6	1.6371500401400157E-4
442.5	0.23844464931725962	0.5	-8.128164817261019E-5	2.6524488634021915E-5	5.253183156313407E-4	-1.8089109547948443E-5	1.8030627716743213E-4
445.0	0.3286246772765735	0.5	-0.05111539254139364	-0.043686499600142085	-0.7122128087785214	-1.701712044882394E-5	1.6122583518889117E-4
447.5	-0.8458409186380085	0.5	-4.7217377748958584E-5	4.0891796982655144E-4	0.0016570715573665713	-2.5876750832525285E-5	8.323599127226546E-5
450.0	-0.8459362897879436	0.5	-1.1403957580650492E-4	4.883862790091436E-4	0.0012730012205107867	-4.4812538331376E-5	1.189296496371132E-4
452.5	-0.8459964434671364	0.5	-1.3098725798198896E-4	5.138208642064897E-4	9.153600176349012E-4	-5.096585894248515E-5	1.7287871042394903E-4
455.0	1.0	0.5	-0.12037432555934424	0.544951567468154	-0.8945872032679213	-1.781007871546932E-5	1.2151821898586057E-4
457.5	1.0	0.5	-3.529257519852893E-5	2.654570949758981E-4	5.662543169979259E-4	2.398229394231052E-6	9.891336264903353E-5
460.0	1.0	0.5	-0.011044414132203573	-0.060931868507804465	-0.25998460765591125	-6.411937338796025E-6	1.4476746614579567E-4
462.5	1.0	0.5	-0.07060821479341935	-0.3584519604793469	-0.7380845877315542	1.933718414273428E-5	1.1037109009894887E-4
465.0	0.34800989647495867	0.5	4.924781618729249E-5	-2.0652626039246148E-4	0.001541931534097271	-3.858936987702945E-6	1.1537086591280332E-4
467.5	0.301054264978125	0.5	2.1147222065896033E-5	-2.0083725122223438E-4	0.0013483458247880158	2.4528643781456292E-5	9.399528577278578E-5
470.0	-0.5256157813373118	0.5	-2.1747579055924718E-5	-2.665266848879701E-4	9.795297405172697E-4	8.16624278886734E-6	1.954549105856716E-4
472.5	-0.5255389395502926	0.5	-0.10574365856991962	-0.19928431525018045	-0.7773498437571468	-1.0243540843086853E-5	2.155199078810722E-4
