0.0	9099.418066063323	22.25731802665025	1120.6933888360566	220.22955860160326	475.83155697097334	7532.238992647228	23.328030473719508	1920.2574150551195	376.3915273644486	477.03904651828964	6142.372839484403	24.829793275532577	2633.2967253844545	509.80603074750763	472.759987078265	1711.7896954696919	14.28832167829073	5446.177791241422	743.0687074360393	467.8036244905155	5755.297940884698	4.186472360382533	3807.2857401239567	166.3907589063491	475.82727561466896
0.25	9099.448757048749	22.257547681974597	1120.66980458523	220.23498453564903	475.8212094112102	7532.270981610529	23.125356436977928	1920.1891300218333	376.37543549684	477.07279571002994	6142.462893998708	24.747034184016446	2633.238330312119	509.7902441972746	472.8139547923654	1711.7754768759019	14.286823144155676	5446.212380546958	743.0550621539555	467.8084579444728	5755.223448206471	4.18636378015699	3807.3305761076326	166.34643142918273	475.8724660775058
2.75	9099.575511192916	22.24872706993395	1120.709107129662	220.2638015298247	475.9770953755704	7534.184729211827	22.71201065429595	1918.7076654771317	375.8324484574179	476.9351927893186	6143.463870185447	24.501097654139315	2632.4224201486145	509.5172536865771	472.84364941140433	1711.9220223271661	14.279521685826246	5446.467739740759	742.8203243489846	467.80695294025367	5755.170642903879	4.176771756047322	3807.7824733159214	166.15093915108852	475.81601880374967
5.25	9099.593067362399	22.250693599395603	1120.6812060067218	220.26502018995603	475.9139598572174	7536.278883608857	22.86350119580407	1917.0979131031456	375.2276487449627	476.6642092978681	6144.667042879076	24.399695302141605	2631.35438048687	509.1717567650765	472.70109667649007	1712.1242546577232	14.270138411003314	5446.749061288465	742.5766675442352	467.82857399654415	5754.796253544928	4.155919858920162	3808.3176060638107	165.91804843520802	475.91936462841574
7.75	9099.707439510084	22.25829059322062	1120.7358289569975	220.2971075095908	475.80330750714586	7537.90999696755	23.038554487870435	1915.7821708924291	374.81828089071917	476.40971728023055	6145.958574795781	24.327732193198333	2630.1526736644973	508.79471791580005	472.6557074320275	1712.0942877786613	14.266187086863317	5447.077808681636	742.3520230263567	468.0502919132308	5754.716119543487	4.145500857268522	3808.8195463788093	165.68043876454007	475.74787634257035
10.25	9099.758938007039	22.24969143898317	1120.7425854679843	220.3470308870783	475.89560735081534	7539.30248473498	23.213203886640656	1914.8050365828185	374.4980295783059	476.10957010609377	6147.772663339949	24.229184324026317	2628.765604771264	508.32399262071607	472.5860970151901	1712.0336271764604	14.2611864530577	5447.338270668183	742.1011187528701	468.31000558679153	5754.575294405092	4.138611514363645	3808.947384603847	165.6800330570327	475.7700832834252
12.75	9099.785838640513	22.260140979787643	1120.652664529042	220.28594856124926	475.7874651539259	7539.922949208598	23.219621816343366	1914.3054177653053	374.32554238335405	476.0922699421046	6149.974540991284	24.227381714534626	2627.2114406300916	507.8100962254987	472.3401593205713	1712.1909104890342	14.251385786633081	5447.63134422595	741.8371527107471	468.36926477359066	5754.719396746702	4.1237413984561355	3809.1742595840606	165.522280861832	475.77313460666727
15.25	9100.012158676269	22.2555584610748	1120.670668161504	220.31480502786852	475.92861151740067	7541.515155250418	22.928998093007078	1913.0650704819975	373.9163597533469	475.9050775957873	6151.374763664058	24.45443779837788	2626.1425025886692	507.5008569176098	472.2432146626695	1712.1645400114778	14.240327355310855	5447.899352652376	741.5114896002316	468.4100027957449	5754.670148262802	4.125505863831408	3809.1992326296663	165.49884868433364	475.75838672300057
17.75	9100.04206318817	22.25353300029379	1120.6647097884872	220.28662486784518	475.8271702832486	7542.6446630034625	23.042804762796294	1912.060199075308	373.59310267187453	475.91403729299526	6152.881326653504	24.42043573629031	2624.912551726661	507.10342107081	471.9656462276893	1712.2330993257037	14.229256942752805	5448.118479551789	741.187821065642	468.64741545981997	5754.561744171003	4.125506826912352	3809.258204435119	165.4456383808298	475.83521275336375
20.25	9100.124442885734	22.25507481823842	1120.5671101440032	220.27749338188497	475.84706314867907	7544.4369400303	22.97000197117824	1910.7463006892178	373.1647395640027	475.85619393571477	6154.449790588275	24.489119941415	2623.838946574181	506.8187245037227	472.01448275548984	1712.2103734909897	14.221271072265633	5448.392254704735	740.8962779158949	468.58220134157	5754.549145172766	4.126850754415376	3809.6103542700675	165.27783931505178	475.9951516167268
22.75	9100.349535850639	22.262314077075146	1120.4938388593139	220.26557188308817	475.7629960667086	7545.344240336152	23.28677566179942	1910.106470126167	372.9831273175111	475.7568644056037	6156.030233869348	24.41003068973849	2622.716090199018	506.48223817765694	471.7561869718969	1712.3359994812295	14.217520750216057	5448.617797842979	740.649995376482	468.44190280289683	5754.128198174425	4.117215492719924	3810.0666505438267	165.00974726803105	476.1249659246511
25.25	9100.582707700083	22.264355025862702	1120.468493084883	220.2983501241736	475.7402626286786	7546.245554552228	23.26550024388411	1909.6044878758055	372.8361221307348	475.7096274785961	6157.48454397248	24.436119316569883	2621.480435683211	506.09549659211837	471.48403714610157	1712.5296565493845	14.213524949293804	5448.779766796205	740.3908868980037	468.7214038696326	5753.9490328270795	4.118857747646423	3810.4562757093126	164.77487501797955	475.9773389800044
27.75	9100.62768249946	22.269037600109325	1120.4442951644266	220.28934518769816	475.62311235508184	7546.832392285691	23.350744898989966	1909.192671567413	372.74033106992295	475.73636777188983	6158.954162181527	24.442407011385896	2620.3294354445234	505.7288464999171	471.22372201466845	1712.6653424802937	14.201387855523734	5448.957838065157	740.1206960525858	468.7568806202792	5754.0128641218425	4.116137510861343	3810.6920181708992	164.62344561481856	476.10907613295643
30.25	9100.526295999854	22.26533474276044	1120.4546958342528	220.30031038663128	475.6799424127274	7547.297356957901	23.37705795155439	1908.7599217550492	372.6596495375789	475.7234532695209	6160.389859912184	24.447788680518848	2619.2521687324333	505.3772889732649	471.0693058918953	1712.6779407700326	14.191460455648883	5449.205033511808	739.8261243041267	468.71246745727956	5754.127179155091	4.110185999865405	3810.8337600724117	164.5109066831117	475.965591567793
32.75	9100.518900530373	22.2789318414521	1120.4966773982292	220.26221159204295	475.5965847530933	7547.611096626691	23.43509817753069	1908.5260923884705	372.6175423564206	475.74438629752433	6161.90287959601	24.457419135234108	2618.1559913100796	505.0440302638719	470.9184395167497	1712.8240930831955	14.199971629752264	5449.2973659049485	739.5167607531577	468.61236609572916	5754.166388281406	4.099039304391568	3810.9862636550934	164.44865776038623	476.04646728661936
35.25	9100.620274422727	22.27655992615636	1120.4798258846308	220.26919144751088	475.5122321747712	7548.010492845315	23.53570424373076	1908.2780159316997	372.60809679848467	475.68279347316206	6163.232412593586	24.87256547788892	2617.1460477946607	504.72015341284373	470.75483418664044	1712.6106671581376	14.191804738494586	5449.450449498965	739.2315256199869	468.4157534503324	5754.097189755283	4.09901686287054	3811.134560422234	164.31784801217668	476.1094954582321
37.75	9100.577656740834	22.285220136308993	1120.4165631829883	220.24539173476242	475.57241400393264	7547.9701093819285	23.702928326541375	1908.4188788479948	372.7013576080323	475.8904320694597	6161.965384769278	25.788550826567413	2617.8096487234275	505.0400100701513	470.9255623972606	1712.9403560386406	14.192296450195368	5449.585376063173	738.9664671427895	468.49544278554293	5754.1869245143125	4.116335538520655	3811.2939568040965	164.16128932230583	476.0700872955901
40.25	9100.698345840261	22.277794861444256	1120.3525176404582	220.22888346725057	475.60047543519505	7547.454126081944	23.72178286041523	1908.6922666827436	372.85369310821625	475.8492453128881	6160.320485619905	25.797292176267764	2618.998184202051	505.50704406748196	471.1704602211963	1713.2309888459702	14.195280000739734	5449.7622742919	738.6536417304466	468.5284199873279	5754.112365970812	4.125755908246416	3811.3859796546703	164.0399470602046	476.2129806017175
42.75	9100.667483686942	22.28419999129635	1120.3453859874294	220.22765367938163	475.486349755832	7547.07802535853	23.771233877503043	1908.9101711782716	372.97829566272816	475.88598950765606	6158.856198009969	25.756220245271972	2620.1829702072796	505.98542057481137	471.6529836497337	1713.35135370611	14.182356842692855	5449.955268087719	738.398159067005	468.57624254537575	5753.883369797102	4.137133575541789	3811.8062819004695	163.8167353578747	476.2263797389094
45.25	9100.772025457078	22.27897954760198	1120.340304462267	220.243130827724	475.6975760220165	7546.417583539029	23.865274570949875	1909.4045152562203	373.185329749827	476.03146236808385	6157.271364373331	25.700793842133706	2621.233490278018	506.378951935871	471.88716984000285	1713.1960213626935	14.191425640493486	5450.185721312682	738.1236080548266	468.48717398760186	5753.89880199107	4.141497491617705	3812.3006414215142	163.58294101576686	476.3520170043859
47.75	9101.014323515057	22.267635763727416	1120.3577637783292	220.24469634064562	475.7956353793302	7545.647928411395	23.958417468675076	1909.9712263597435	373.4265927506028	476.01760335206876	6155.764902865786	25.636777023274433	2622.347990593456	506.8274610546962	472.2858048869064	1713.3177050403333	14.191560253073412	5450.31567521164	737.8860765533982	468.48792197581105	5753.704268410219	4.141343860594589	3812.6891829751553	163.34103792170066	476.36659583891804
50.25	9100.861476548596	22.266787772788447	1120.2986557615923	220.1881780231366	475.73475367358355	7544.268046973793	24.22349285101692	1910.9558741415701	373.80697854562305	476.2500459795744	6154.816526510818	25.48578138097091	2623.2125706247275	507.1538484095369	472.5898712368366	1713.286699350416	14.189340988239737	5450.581214138643	737.6386423594068	468.52131260401353	5753.47918335509	4.134742801377431	3813.2629341407924	163.04813707346423	476.4697987241116
52.75	9100.895803070498	22.273127586030004	1120.3661482091431	220.17403750251586	475.6883397178696	7542.7956516761615	24.185514551811874	1912.1498167037025	374.28207168269387	476.4292979129092	6153.883458783999	25.490574729269955	2623.9067517179415	507.47839904341805	472.7083785029657	1713.2645601858735	14.190142727756895	5450.824433043891	737.3633591457688	468.56086952104226	5753.208227874647	4.143148023597462	3813.82685506879	162.74923140328679	476.59249352627285
55.25	9100.71165854826	22.247604470278695	1120.400228477511	220.17239351671375	476.14307424951636	7541.595656461812	23.55673275811666	1912.900292317773	374.5582986350068	476.4215440777197	6152.605701809914	25.16758353782914	2624.9717588696963	507.85143374331926	473.0194854234894	1713.3443587742959	14.190508909435017	5450.97527319245	737.1364940897244	468.60520713640796	5753.031803543326	4.144310788607776	3814.441818031502	162.43964430342825	476.5834382032798
57.75	9100.523663157428	22.221899529740426	1120.3970104034242	220.1791216583695	476.28711571637206	7542.998955403471	22.722387563396815	1911.837568875347	374.16746800932975	476.3515770368496	6153.948494573405	24.069119988904728	2623.9876207756192	507.53169510221704	472.8417904766634	1713.3908316179507	14.18049358859477	5451.137995101359	736.8803280249615	469.0103390379436	5752.713228882625	4.130649056755394	3815.2786669446705	162.00332779655488	476.92580062288846
60.25	9100.396409492972	22.22077381796474	1120.4149865703016	220.13376295281049	476.27216080495566	7545.095206726256	22.72368818016708	1910.3270236238452	373.6379585196837	475.93806970930535	6155.92310589778	24.04495419886993	2622.367435278118	506.98586168643385	472.623440046266	1713.3115866305216	14.17421997771626	5451.374377172043	736.654043841486	468.86592877009264	5752.128239520783	4.108260760030295	3816.0654854789072	161.56643568301962	476.88793520946246
62.75	9100.427275097547	22.22060239197864	1120.4436242697848	220.11883435017208	476.26568891976297	7547.278189242778	23.095618473164404	1908.861645896592	373.09309631580703	475.63746294418627	6158.0911826904385	24.091536703042195	2620.703000043395	506.4031574912139	472.1677422890672	1713.4156126647274	14.172196421710886	5451.617668532532	736.4447858834277	469.10641048345883	5751.782590196638	4.09809294598576	3816.6701368353356	161.25211924127228	476.83965781961933
65.25	9100.43475353138	22.223515381857123	1120.3479222059386	220.1610071208101	476.2870681267281	7547.094866916877	23.694823984158546	1908.9819040472726	373.15227914810396	475.62913383816823	6160.231114023821	24.285328534815037	2619.111985013825	505.8813648784813	471.96736961183404	1713.4565049655475	14.158602877112859	5451.855235173704	736.1722136935067	469.1488824511424	5751.77592891805	4.0900275129706	3816.9803590673696	161.09010272551063	476.81273839933795
67.75	9100.53691083121	22.22373954158301	1120.3169936401966	220.14889600958614	476.3948016002443	7547.2530817786	23.364953490663027	1908.735919853182	373.0791974580461	475.6106407207556	6161.319177787806	24.6055430587527	2618.2295292377603	505.60372007564257	471.80932019561277	1713.5259583192487	14.154247410673497	5452.041782184255	735.9582027210878	469.23198559754803	5751.605178976436	4.078081683439026	3817.109002921042	160.9916959040119	476.8518094914571
70.25	9100.655716634805	22.207462946767546	1120.3084279252705	220.1570666818543	476.58565415303264	7547.584042180082	23.44544266128799	1908.4209009289846	373.006288449259	475.52476958466815	6162.319458081514	24.615588820290043	2617.6014606614085	505.3848124885637	471.5693934234789	1713.7095611884229	14.13977701544888	5452.177046795151	735.7054650398532	469.2790279228283	5751.590373013475	4.07635781264664	3817.374121801963	160.90157280157766	476.7162881877907
72.75	9100.775735987712	22.200353633998677	1120.229117175894	220.14260276075302	476.5867643648034	7548.034478013857	23.538558360727297	1908.1318526065716	372.901790955295	475.5442009590061	6163.131578209957	24.85641225336888	2616.8264569483654	505.1762608218844	471.46047750930916	1713.734806673785	14.135213789786583	5452.366800947315	735.4420091294695	469.11949218615257	5751.684908637749	4.080254376232489	3817.3212298793064	160.89777447295168	476.72017947737214
75.25	9100.833822701476	22.20439938861879	1120.1830383798697	220.17397019238118	476.55536637388735	7547.976282400399	23.712080549832436	1908.3139951725263	372.97565992655854	475.68708514228234	6162.672300082545	25.383699624858245	2617.1787710361255	505.29160876018483	471.43861995907355	1713.8202672684454	14.135319600036985	5452.5278190555	735.1534847353821	469.3424030891793	5751.680027037742	4.086762671976948	3817.406591202517	160.86498217208535	476.77821163828503
77.75	9100.577138372513	22.21711534775893	1120.0680374679466	220.15237259414198	476.4763863121873	7547.661740864514	23.67505231776573	1908.5402374418159	373.0843284452824	475.66437083283427	6161.761774195182	25.430253437038466	2617.6726064921463	505.509285332412	471.30771180450114	1713.883793506288	14.13438011764499	5452.652289687531	734.8853752871322	469.2495672769519	5751.8207140660115	4.091195536587881	3817.2901102916135	160.85400975499462	476.7311068328405
80.25	9100.659863424336	22.211041034044534	1120.048670146973	220.16233086403028	476.4804742751415	7547.596228469484	23.67133591795687	1908.6416802450403	373.15386519852285	475.712862782533	6160.8553351671035	25.413950442476633	2618.3658857459545	505.75590341138474	471.6369906156001	1713.8599056571147	14.127384154671976	5452.825102011023	734.6521464900309	469.31191345237306	5751.789307553218	4.097398479376764	3817.3518180045685	160.79348076681364	476.7918193658108
82.75	9100.674413326908	22.200760803961646	1119.9990116608742	220.19140417955327	476.5704956794167	7547.2029779594795	23.701835441522903	1908.9754005155426	373.2791060833605	475.9112530098	6159.952204323133	25.396678487286117	2618.932783060859	506.00614312590966	471.60482767893666	1713.9730516410784	14.130440984528317	5452.921927786213	734.3824808074424	469.1856206593081	5751.7279370911365	4.101851895537048	3817.564292119113	160.6688934697613	476.9300195405143
85.25	9100.555045829788	22.209035607042473	1120.010550880823	220.17619797031418	476.40639483174243	7546.863537258476	23.611487440023883	1909.1262900059294	373.3501440483647	475.87428858430627	6158.928381370322	25.41902070592424	2619.4912297043197	506.2233523387696	471.83352165115264	1713.8571553247423	14.120536967271097	5453.086056476269	734.0988254545127	469.1713484647478	5751.450478849506	4.101650941718408	3817.9900808485663	160.44600812760217	476.88488069781135
87.75	9100.634797417417	22.214243338936182	1119.9891630476357	220.19918353809365	476.41462786382135	7546.561311479356	23.658773919797973	1909.2813121883805	373.43825877821325	475.92649639694497	6158.051593785908	25.401189253417193	2620.040624685789	506.4616328620149	471.8050390658812	1713.810734709183	14.11695997075033	5453.19406752997	733.8371155899479	469.2552752975768	5751.396947171677	4.105122185005888	3818.273063774371	160.34603771568152	476.90388486969806
90.25	9100.73717703762	22.216048701867738	1119.9991694649468	220.1668387272514	476.44068176300516	7546.13235824066	23.647030766055813	1909.4771875676383	373.4864251923329	475.9941422739195	6157.229603629195	25.394288430358458	2620.6155725907274	506.68335072633636	472.04695528672096	1713.7106233446057	14.122838746147696	5453.427450467	733.6017731157306	469.27663309120067	5751.20385189984	4.1074396006374	3818.5032077634314	160.24279417640196	476.8555743318038
92.75	9100.781194220732	22.208258275145443	1119.938785368558	220.1839362436755	476.61153645042805	7545.577579783721	23.648378955773893	1909.669501862611	373.55062245262314	476.0306566395676	6156.564936238397	25.384767491379474	2621.134737458016	506.88539463603246	472.08259086421594	1713.716266634852	14.11744741693617	5453.617310030109	733.3833852313621	469.2402290386875	5751.188855642482	4.102818139691962	3818.685736702404	160.13223825902605	477.10971756911243
95.25	9100.671169531392	22.20239883564952	1120.0331455664025	220.21710717712324	476.7222524494593	7545.41334135755	23.631613337331846	1909.7407282496197	373.58582989967346	476.1650934806127	6155.756192029572	25.376794743291555	2621.77516504392	507.05835023561286	472.2205417145778	1713.7264319282265	14.116530534592714	5453.854349190087	733.1394852201923	469.25917197786805	5751.056182452829	4.101122330573654	3819.1442258228403	159.9017055326634	477.10342137389574
97.75	9100.763453089568	22.20381475547714	1120.0829806823451	220.21964709051628	476.63076544967697	7545.101578105274	23.703284988164825	1909.9528955424048	373.6890436490725	476.07158949062625	6155.083663050922	25.357039701669528	2622.248152456534	507.2646379948541	472.2500871917518	1713.9910651403518	14.125962834261172	5453.979956604137	732.8948770472615	469.4892844557872	5750.855653977912	4.105510689154348	3819.600310071203	159.70712053928617	477.16027528128166
100.25	9100.726034854144	22.20471572668277	1120.109678664227	220.2016602164686	476.6121657839305	7544.90891500331	23.747245749231062	1910.236442836072	373.7804002529222	476.1947555882211	6154.358770179939	25.32229324721908	2622.7777977135397	507.45349373259313	472.42400915059017	1713.9420748856614	14.133744566357967	5454.1260508538835	732.6675920992266	469.66867902674306	5750.654201269855	4.102192235608123	3820.1260977497004	159.50859749700376	477.0908589725865
102.75	9100.735610785467	22.19658737758883	1120.255398261817	220.23641944423412	476.73376590846885	7544.299318413048	23.82809742850128	1910.6818920968312	373.972409388376	476.2199172895252	6153.636094933802	25.282326040816585	2623.1902254412416	507.599902363456	472.46625757659365	1714.069718905116	14.134108592520676	5454.345442747458	732.4377432340543	469.8364897939164	5750.828801295256	4.100396163048625	3820.2136422121125	159.45456311368122	477.0202561577111
105.25	9100.692147576308	22.188875574031776	1120.2627548834969	220.24179729400328	476.735889358012	7543.515053544962	23.788645621141555	1911.0721624500427	374.11271512084977	476.1217344871417	6153.029811220952	24.91625892909661	2623.5977486173706	507.7737482739276	472.8341226707002	1714.0616015346518	14.12771913978031	5454.5544939752635	732.2160230083846	469.9538503882767	5750.80233922267	4.100822654759854	3820.1763611199267	159.42137802753035	477.0486877291352
107.75	9100.734480829	22.184138155006348	1120.2394547941576	220.23500361764673	476.89443131232474	7543.157691639765	23.50162656534439	1911.4355308738373	374.19742852483216	476.2779322748053	6154.205048386464	24.226646356907832	2622.4030087225015	507.3973380076947	472.6944694547947	1714.0062777104758	14.116020579234796	5454.770740797708	731.9980215960359	470.1365892170507	5750.499986044093	4.095283056019784	3820.9230368135477	159.02506329073466	477.7413812680384
110.25	9100.752747272087	22.187165903983452	1120.193292255284	220.27543606392794	476.75853829838934	7544.125691432517	23.11270789032933	1910.6928002170341	373.9514680192218	476.19859954497156	6155.484822891244	24.48476773356377	2621.535086795631	507.10036474976926	472.7759277626178	1714.2157973503536	14.10730529765524	5455.014589131934	731.733172918462	470.0158821263456	5749.821245871176	4.091123182454844	3822.053800912559	158.4451983102752	477.53434332438087
112.75	9100.725615276478	22.187204724581186	1120.1890569676532	220.2779498658576	476.7197195788915	7544.875852992197	23.305474756432165	1910.1247782508822	373.73087317479644	476.1967937240585	6156.529472038288	24.408229064461338	2620.650593292017	506.7830335199485	472.6859358874758	1714.0852289026666	14.098012644414277	5455.257228902392	731.5004298337268	470.0982957968294	5749.527459065431	4.087162941206688	3822.7065506324448	158.06839692232896	477.57034720756326
115.25	9100.861080138642	22.18747310493774	1120.2065081864866	220.29403150726367	476.75335337739375	7545.572346669088	23.305707611680614	1909.7370160942635	373.5792874622158	476.0671933021625	6157.926074113392	24.412370484073378	2619.698967189197	506.46720156568307	472.69572303763385	1713.9374520366914	14.094428387165888	5455.472041909464	731.29891068561	469.8984961570846	5749.450522062986	4.07076169574249	3823.1862864986842	157.8094959045532	477.4381308792581
117.75	9100.900761453448	22.18893077389906	1120.197872909366	220.27311958060065	476.7611257161152	7546.223173363004	23.30175721205128	1909.2250523914518	373.46013810794113	475.93587640781783	6159.235286921723	24.431692578462588	2618.739928012907	506.1822445635851	472.3956874943474	1713.8016169905345	14.092805964593047	5455.71891825956	731.0257413912611	469.798393902541	5749.321843425399	4.060945863876485	3823.3492122716216	157.70409226337827	477.46379387858855
120.25	9100.808151977666	22.187887984805393	1120.2601002860808	220.27375808199693	476.67332978859264	7546.900348046044	23.278300732656707	1908.6449327067894	373.30880901500996	475.95678432308114	6160.477911584116	24.45750397606321	2617.9593162423075	505.88114440484685	472.31532412791074	1713.7493797987645	14.089269281288054	5455.9775864112835	730.8134213993943	469.9022308842319	5749.300509856614	4.055556417805519	3823.575179835977	157.59331042996288	477.4854616986355
122.75	9100.62910494604	22.198330617224162	1120.1738854944786	220.26260302733178	476.5373660674337	7547.414705464203	23.360822650528007	1908.2670185232819	373.16250046320846	475.91774904684974	6161.503869596224	24.448918626577758	2617.150693641893	505.5716663673454	472.26241160766875	1713.6216464146337	14.086211716188156	5456.087285985419	730.5836431448839	469.84879727228775	5749.130284483238	4.052429706424116	3823.779882939506	157.52029618338088	477.5943063022648
125.25	9100.515704151945	22.190364492512728	1120.1581195275646	220.26213675761798	476.69412627325767	7547.8160659954165	23.497022405496153	1908.0154210723792	373.1058453293973	475.96384368657755	6162.669900962402	24.701160058915033	2616.391194978396	505.2969425690054	472.1982193393863	1713.7334440246873	14.074305441494428	5456.355103301015	730.3287946349221	469.901687954452	5748.651999086114	4.048319017893517	3824.352940065225	157.25791511141387	477.7501451997877
127.75	9100.472634440797	22.19081060566721	1120.0557627522305	220.2015456337898	476.7701136077119	7547.406487316163	23.62315910373719	1908.1454110436803	373.18558703244463	476.14701851538297	6162.514167384438	25.301184874343836	2616.641345133445	505.3527465758883	472.2375223639453	1713.836059368378	14.07153563702693	5456.507201042311	730.0810754732726	469.9900973649678	5748.34845073245	4.046951736420118	3824.969178987515	156.91606604790002	477.8700916702026
130.25	9100.662199846685	22.18621538650171	1120.1060516402827	220.1656657550784	476.8031158590897	7547.321505434401	23.5219503994764	1908.2142456051965	373.16988509447816	476.2104868151396	6161.731454544405	25.35667069678938	2617.3104475413274	505.5790915892025	472.1882502208539	1714.1795540897037	14.061290284346244	5456.685725529526	729.8402338844459	470.0306041546516	5748.253278130004	4.0543551626652805	3825.448399996134	156.66275301044803	477.74998292767265
132.75	9100.789970114241	22.189176689907445	1120.1966556111845	220.11756548603654	476.72709521523444	7547.1538650793345	23.55178845329001	1908.2164791767318	373.18344816762414	476.38160023671924	6160.851990405963	25.347035114024173	2617.968338127088	505.82811020513594	472.2578039733654	1714.1203640608808	14.060112215364999	5456.72779324846	729.5887489838044	469.8269651368002	5748.247160794146	4.053437908952102	3825.5675151108467	156.58413046084723	477.7540629853334
135.25	9100.944618151862	22.187177833094577	1120.1719055739295	220.11231617064624	476.84844397585624	7547.097923092587	23.50838541375221	1908.2865338812258	373.19760166502044	476.50471093105114	6160.140304478893	25.353984433449803	2618.526377562786	506.0968316295677	472.2921604382068	1714.1126926404456	14.05920076865775	5456.89551126213	729.3781940953502	469.9845636515985	5748.179683906022	4.0477222480634145	3825.9303850506344	156.4184593815033	477.86412361002823
137.75	9100.978216552263	22.183351241546706	1120.121499152785	220.07923143087837	476.8364712285099	7547.099600932114	23.414543387585965	1908.149703945919	373.14152187580567	476.673444138636	6159.094986216571	25.365583789321768	2619.06546343039	506.3711976527124	472.28860308372174	1714.1425171356984	14.058677069993134	5457.0465420601195	729.1610208930775	469.89765441508206	5748.095479631249	4.047218274903704	3826.372317742262	156.21206112501946	477.82531327420855
140.25	9100.839556525594	22.17766177399521	1120.073194007122	220.07066361544395	476.9559299212572	7547.43371541983	23.617467630951882	1908.0080562507187	373.0690307689098	476.4086150851618	6158.224112960784	25.307214619794074	2619.6410516337514	506.5918504629494	472.6578729846223	1714.3122266406504	14.054914833781806	5457.24414974421	728.9050069827017	469.7669449364172	5748.100086994934	4.049908438320018	3826.640815601137	156.05584042230777	477.84869816691156
142.75	9100.912007509321	22.174781045638642	1119.983329481932	220.08887219246668	476.9568167835794	7546.338619404926	24.083041115540517	1908.7623999252603	373.34821971415954	476.4720872552227	6157.628185195664	25.22167233741886	2620.061143518039	506.7959740598346	472.91408254660973	1714.5217655204967	14.057271728082307	5457.4043980773695	728.6914950892954	469.88311517447033	5747.927508304442	4.047665425629987	3826.9629088414445	155.88566029834746	477.90114241114475
145.25	9100.841490587176	22.179056164730277	1119.9854732912736	220.09566323131196	476.87673905296543	7545.016677948094	23.630640932739134	1909.801528743872	373.7389370482265	476.8125441427014	6156.939709205746	24.870408001200786	2620.445445234753	506.93032331587204	472.9938202890173	1714.5959245548768	14.049887960927423	5457.573535137553	728.4912809454994	469.8598008284572	5747.771257491394	4.044861994582196	3827.2343828050434	155.72792355048924	477.9079201043193
147.75	9100.880744031763	22.165558302935704	1120.0325811874488	220.11901527377984	477.02374506867955	7546.423200806942	22.834427952902697	1908.8739027318707	373.4052524561222	476.65468972457904	6158.52948103671	24.074755280741936	2619.3257291596915	506.54855087810586	472.7121102684787	1714.5878422125109	14.04799188341385	5457.760622284437	728.2902406646161	470.12564910180396	5747.48861281351	4.032770366035756	3827.950149948655	155.37030306252078	478.42409530237853
150.25	9100.970982122206	22.160764022435213	1120.0343940631149	220.11902749192322	477.055884328744	7547.472012129742	23.211326162944307	1908.0925054363781	373.1368855826426	476.81290240039937	6160.637942131863	24.141301988579567	2617.8447817229817	506.03948070626893	472.33401728875697	1714.6033225855447	14.045425192242618	5457.99224758359	728.1064767184646	470.3895746086908	5747.31026015684	4.017282063665656	3828.589434467797	155.0393525881515	478.06438057563963
152.75	9101.033608890857	22.154015284052466	1120.0019409317374	220.12004492781617	477.1808393751482	7547.906744241488	23.44390454522229	1907.7862730098188	373.06491335640726	476.8541119355125	6162.478738860909	24.592830317254833	2616.5805185250892	505.6231751870422	472.118793332588	1714.5524270245398	14.031229554200888	5458.100197769762	727.8735528755146	470.32313663434303	5747.083960716991	4.013363901091543	3828.6523186641925	154.97722095712533	478.00854345924427
155.25	9101.035014301178	22.147440013263534	1119.9721470394709	220.12405200379777	477.20499401546124	7547.736563763784	23.509590191473727	1907.833321380437	373.0499017089773	476.97274150697825	6162.165008850749	25.37674120734065	2616.776220897942	505.75039274067706	472.0972887257378	1714.6272993392895	14.033270996504141	5458.210957607573	727.6996023545125	470.5184987316956	5747.211972322566	4.018121351823958	3828.6124563163526	154.97681344942035	477.95458915390776
157.75	9101.032559855383	22.14556559900669	1119.9380827284813	220.10815881990425	477.3863014336289	7547.699635950355	23.44346762699285	1907.8244450483653	373.0361622137568	476.8694831031487	6161.3262520545595	25.38945131469151	2617.439147435548	505.9942896120517	472.3927615157375	1714.5663934957552	14.03087943988604	5458.348319303322	727.4864145306879	470.2963455389898	5747.531994510812	4.021778900078976	3828.4824014107285	155.04313588114528	477.97024046761095
160.25	9101.03499816094	22.135520341484195	1119.9424015184413	220.12511607291574	477.54988037837165	7547.76844401906	23.45533167438531	1907.8233526712422	373.0567764697969	477.0303178967798	6160.5612298358155	25.356726303828502	2618.138895393583	506.2653530801022	472.67355176814675	1714.6461004219316	14.032021141090251	5458.491561208426	727.3178955533127	470.28177806657794	5747.376712946404	4.022762533157006	3828.671262143195	154.94542660201293	477.94624871675813
162.75	9100.97985610565	22.119177892475577	1119.9550062354028	220.13425087787294	477.74571019549126	7547.976204715243	23.377483651528415	1907.8455899369183	373.05294242127707	477.1062170461692	6159.546859181078	25.34104775099808	2618.751176189069	506.5122323407142	472.89460692915344	1714.7113436855418	14.03827164953063	5458.718224329166	727.1401468788595	470.3964814185524	5747.396288701489	4.024785864271478	3828.7197148156465	154.9476657638345	477.99187638273355
165.25	9101.069574593268	22.117114013695424	1119.9084918531837	220.14048371293006	477.6849690751304	7548.275760706088	23.223082419437244	1907.6182320869616	372.97235129073806	477.03865528670843	6158.76841721047	25.267490636100902	2619.3665612460513	506.78106074621513	473.21937893513575	1714.7792753530737	14.03892690506273	5458.890730473176	726.9410682554662	470.5196452315045	5747.523334906048	4.026280253902655	3828.7009190346876	154.94698034388344	478.0890101054177
167.75	9101.063226846141	22.12305651179354	1119.8949751929247	220.11440519435874	477.6321988622583	7548.9497718587745	23.054123649692436	1907.1671329501507	372.79629805064417	477.07379564100364	6158.395386164191	24.88344621028941	2619.7817307594833	506.927566210929	473.4869582380231	1714.635456825034	14.031627851754552	5459.054262514286	726.730428427568	470.5334184502273	5747.53495232113	4.026223925035261	3828.851138819984	154.82597295641136	478.08704820200506
170.25	9101.073645941024	22.11544113270489	1119.8957817781204	220.11973211358125	477.7034943147946	7550.102602432962	23.344691884320284	1906.2296546069392	372.45887056712803	476.7726884100773	6159.350684375267	24.479067040510817	2618.991308779149	506.64099061151893	473.3610082331114	1714.7284390487675	14.028931576025453	5459.204025188692	726.5151290474766	470.4475801958158	5747.519633263202	4.013986620135211	3829.022226865528	154.74427697508807	478.17533713580235
172.75	9100.912509219072	22.11316883459526	1119.9293734313737	220.11780573432043	477.64957054468965	7549.006311017831	23.851718355033903	1907.2197947853012	372.81899010500837	477.1393667527277	6159.668621750519	24.925682792906926	2618.677941706727	506.5194318006341	473.1294701293182	1714.6321412591074	14.02495211643367	5459.367158673814	726.3278123560123	470.4748204813393	5747.285112962807	4.015901545486837	3829.1983221943474	154.63584427353177	478.0104186711214
175.25	9100.884172343849	22.120215436443264	1119.953443085976	220.106043535733	477.62230133572797	7549.312490318727	23.207083604485927	1907.0415425301067	372.7179564125933	477.08879710309384	6159.900624775732	24.98603687324062	2618.570972296562	506.47522969669063	473.11234826002334	1714.717145188958	14.019981674779594	5459.504825838118	726.08571465275	470.5149810930143	5747.347600547728	4.011572124048665	3829.0013844804057	154.71841971604022	478.0082022238561
177.75	9101.042956043671	22.127361587839893	1120.032640058706	220.0903507678487	477.5305649783622	7549.358921992823	23.569989214549697	1907.0564455318254	372.72487031875056	476.8910025310977	6159.521968095324	25.15827866839157	2618.7522616181145	506.5389242819488	473.0832345372753	1714.5317514852081	14.010461962031707	5459.668657125652	725.8239115307241	470.3188928092835	5747.4249522549335	4.017251486894537	3828.878886846976	154.81511391547576	478.0032488058872
180.25	9101.14406955816	22.130744770475545	1120.009919720135	220.09937627936557	477.42637120403293	7548.766808673808	23.534716644032013	1907.5393303258568	372.8669592466034	477.0137448719463	6158.914456262549	25.162032110388886	2619.14187619058	506.69241068212733	473.1561641108458	1714.5801637328902	14.004330821468901	5459.867721179219	725.6097852601525	470.23082802067194	5747.289779923695	4.022689993129209	3829.0141201478564	154.76416915190163	478.12992369154557
182.75	9101.169873314975	22.14423142164012	1120.0336640955477	220.10564723860423	477.3130376430532	7549.048806992839	23.323192395216868	1907.2921092989072	372.78864956360064	476.87763739497615	6158.6718030673355	25.088333196868565	2619.4126428689897	506.824135724418	473.1463094878977	1714.5615917445573	14.001562752925144	5460.052835723033	725.399718791261	470.38175722034987	5747.1907766236445	4.027609112137572	3829.192280295588	154.65419332587777	478.0062905037311
185.25	9100.950757775216	22.155351717438293	1120.0295955822573	220.06554675452145	477.137538813313	7548.660813593582	23.538689533268904	1907.4191778069041	372.88872631744584	476.9852702194384	6158.170486817769	24.978692362571422	2619.5576838758384	506.90169923425555	473.3660817511476	1714.5702824024495	13.996483737785843	5460.232532457642	725.1800646303932	470.44708469759036	5747.116761785019	4.026558649891243	3829.2035182578743	154.6123092786203	478.1753806922584
187.75	9100.896136965544	22.164118536616837	1120.1261318155823	220.05410193651693	477.12225770341024	7548.690660162068	23.46533201661436	1907.400078015285	372.8633006137259	476.94382977107796	6158.594551874619	24.711629137407485	2619.30596024282	506.75018690118645	473.33993671604134	1714.508504416392	13.992833354092616	5460.371329300427	724.9756152565269	470.5780458687575	5746.780264610303	4.031348358117314	3829.5611885131457	154.44570051488807	478.34155459201526
190.25	9100.873078829583	22.16892825359821	1120.088305289117	220.0625659533332	476.98697685249124	7548.3866760436995	23.708129273223168	1907.7388361712283	372.977093148234	476.7758507186659	6158.901550781267	24.766547713304607	2619.002286493573	506.6235726745802	473.0534462405845	1714.5868249161845	13.987351754508255	5460.553735590607	724.7823707432292	470.6016451493002	5746.649637243071	4.02707436751269	3830.077534027834	154.1545595193391	478.39801252912366
192.75	9100.742588705578	22.172014555969714	1120.072340734647	220.10084126312464	476.9444705781548	7547.823557300617	23.703630259870263	1908.2533840228584	373.13961045447115	476.7701501069666	6159.305118717024	24.772253228982457	2618.6980151901907	506.54475891705385	473.1386846491032	1714.676002150097	13.987994070661102	5460.715456359368	724.5896244819	470.5596832210344	5746.5096813466735	4.024183642600883	3830.478111744873	153.9576567912144	478.4269240936192
195.25	9100.697496501143	22.179502467624005	1120.0938936178934	220.1166221678161	476.9160213154792	7547.452615229705	23.542482963037152	1908.5510021456405	373.2686446464677	476.92955724981664	6159.837379575377	24.80681746282601	2618.4991697416635	506.4591843018953	473.07615891066837	1714.6205294015524	13.976922256794595	5460.900217748236	724.4260665585742	470.483918561791	5746.1004591982455	4.017435227114886	3830.9538759024035	153.7504405092895	478.4872344785762
197.75	9100.732457115926	22.17705078219252	1120.1281886182637	220.09644891552708	476.96000368533845	7547.574408305289	23.35915599529349	1908.4387896023436	373.20702587799036	476.8528034449126	6160.1186921475655	24.861770954740525	2618.3337409091105	506.4262564173816	473.15473783400694	1714.5963384144293	13.972773751127495	5461.073529762537	724.218514951362	470.37850866162694	5745.885179416296	4.011340095128913	3831.1605597900357	153.60898371928658	478.39631169833126
200.25	9100.813182871434	22.184231714283065	1120.1813160845413	220.10533898775995	476.85638107775185	7547.729902316545	23.393156255418877	1908.3361935112919	373.1536355279461	476.97374067986294	6160.286265174	24.844760102543336	2618.1783552035904	506.40039043514116	473.30757813921394	1714.564673856441	13.976623606400208	5461.270212976301	724.0138560352642	470.48249919878174	5745.720041947569	4.013288957578962	3831.564826897978	153.37575611222744	478.6592787884911
202.75	9100.752718298203	22.182758819756717	1120.1859973895744	220.07453955314892	476.7995477345299	7548.121021711788	23.354284392196593	1908.1205006083555	373.0833494541471	477.0046405581451	6160.23871250543	24.77135472657293	2618.0952925646834	506.3934549055563	473.474597617013	1714.5133401136904	13.969314966127003	5461.434241179828	723.8042688167096	470.6615126571992	5745.467197651703	4.014862829913345	3832.117671092197	153.11709121859028	478.5762747947638
205.25	9100.85151595794	22.165894103872443	1120.2556690380611	220.0563475400017	477.09561380211244	7548.196170692045	23.330072004138863	1908.0675136307261	373.06262755328333	477.1919414158687	6160.7321309081235	24.600724139563408	2617.732142854612	506.26620468672326	473.39462407727996	1714.4596946577753	13.969015065902422	5461.6102317195555	723.5920877525327	470.4942050241336	5745.539413613925	4.0028213289219465	3832.2631876887363	153.03516826668064	478.5499502836081
207.75	9100.806402470722	22.157483653622787	1120.2239921122782	220.07668840160983	477.04541642114646	7548.812129761147	23.168693387068764	1907.7160210628608	372.8918502918694	477.11879031287475	6161.514977857319	24.576022548786238	2617.1602874946866	506.061674290422	473.5163834459509	1714.538708286527	13.964000284817395	5461.772527532885	723.3821967908061	470.42331323984405	5745.2583815041835	3.9971068440268462	3832.4330389046877	152.9293758117644	478.5784151822176
210.25	9101.018332505537	22.167956238133772	1120.2220754017994	220.047036006487	477.0455193566178	7549.367476427296	23.267717116231967	1907.3854987099187	372.75167561648254	477.0354877637416	6162.304805357898	24.757744691653134	2616.7791559055327	505.85994477216525	473.39681873715733	1714.7195169737843	13.954361926895105	5461.870182152555	723.2013703008038	470.56778090735844	5744.918080530888	3.997234810349328	3832.7647391948794	152.76107960590326	478.60278682778755
212.75	9101.01219018265	22.16486285071313	1120.2182655309625	220.04281647820562	476.99772273481625	7549.483411111766	23.504991308052173	1907.2402121137306	372.684015998428	476.89646533311526	6162.385246649959	24.993969908837425	2616.806350866842	505.8909919811005	473.4347987466761	1714.8504774671649	13.955549198596591	5462.0254398706265	722.9963472775761	470.65687888389766	5744.7221819689485	3.9952760332909385	3833.1848507911486	152.59687813921107	478.655017666411
215.25	9100.96656174551	22.170569433355343	1120.1990504762914	220.02403921744306	476.956490106019	7548.610834436035	23.693026523517883	1907.664382394728	372.8418295376841	476.94971772887226	6162.132888265733	24.960638620761898	2616.9965751335485	506.0041178182627	473.3958724163431	1714.818111301817	13.953235029894511	5462.11037846156	722.7952880493762	470.7086339457592	5744.742908308134	3.994328506846998	3833.217192690595	152.53726990010315	478.43405364831034
217.75	9100.982601989688	22.181093547188212	1120.1475374556826	219.93583719587852	476.930032004212	7548.204886095442	23.49856070121795	1907.968473720452	372.9404814253741	477.16094239950826	6162.353351902814	24.848033915865425	2616.8918520472926	506.0320106732308	473.1965175489662	1714.8301704891492	13.94863402964816	5462.164835751767	722.5802426016552	470.72097448869926	5744.8287160365735	3.996547658290954	3833.205442264392	152.56447933469352	478.6638652051767
220.25	9101.057844944988	22.179936345835394	1120.1493322021204	219.9343465005438	476.79408548311085	7548.207852731575	23.40997638833914	1907.918089558459	372.95011498550275	477.3504069971178	6162.530373974233	24.845079166882392	2616.7508680001056	505.98713083532124	473.08474219418827	1714.8746247288727	13.944440344055673	5462.260607898982	722.3729990829307	470.9651253024826	5744.681743768503	4.000440386976318	3833.444343806894	152.47145848689956	478.6692836423717
222.75	9101.032060461735	22.1741603922908	1120.172716186318	219.90392092664263	476.9675615001373	7548.254736481584	23.397216455149756	1907.829086005383	372.9414860688066	477.400659858974	6162.7235991887665	24.83786864589193	2616.698060522874	505.94042966018645	473.09151424421316	1714.9441809254997	13.937396673771772	5462.4608111390835	722.1464841447727	471.13741884905403	5744.377221141807	3.9963446592641625	3833.7258578385618	152.33772865242364	478.64562386805557
225.25	9100.963385407476	22.17583242854695	1120.1579219319658	219.93449907586552	476.8923154471748	7548.413264797618	23.410603236100513	1907.8595270766714	372.9599839310797	477.4151735293097	6162.935748892285	24.854863864333584	2616.6197910278993	505.9035478627949	473.0632429157961	1715.067275873251	13.941678242659052	5462.5087785592805	721.9386362084358	471.24815246738626	5744.427908905835	3.991368487371145	3833.964445736136	152.25188980534466	478.59657980579857
227.75	9100.944425650634	22.183909464957413	1120.096925108347	219.9116352265141	476.723330266517	7548.426798897514	23.495059977721738	1907.9129544228247	372.98144515883655	477.2124061668994	6163.108077622646	24.91631856688519	2616.5769147697392	505.91206045030754	473.0191401226813	1715.1152856370786	13.937018631138228	5462.603503314107	721.7428394424145	471.22098977316944	5744.582546920033	3.987633163645493	3833.9781181600656	152.22999715274537	478.61079575230997
230.25	9100.795704598271	22.189226031624408	1120.0351995522308	219.9531025658901	476.74438680744134	7548.379594057209	23.493713503928095	1908.1189438936924	373.0642774749587	477.37504830130825	6162.9995268855155	24.9329947974716	2616.605440808639	505.933198843507	473.13626924256664	1715.245965488123	13.928185580240388	5462.72511246159	721.5642224885644	471.2239241167318	5744.558973799775	3.985515605363704	3833.7629492077713	152.26171953975438	478.61714558883614
232.75	9100.945301805263	22.18226907696911	1120.0241801348202	219.95129641068294	476.78892962446275	7548.534010349992	23.431822521299974	1908.084727962423	373.0326995482352	477.06945641240924	6162.874033743824	24.93906810590796	2616.6514407049576	505.9348624410191	473.1914752097879	1715.4183959493882	13.924649944336455	5462.863550697	721.3613499009789	471.286241425577	5744.504654345459	3.9860204476207444	3833.7086701486273	152.32533403595488	478.6130414309032
235.25	9100.949232613331	22.18585673502001	1119.9330601024349	219.94608771512696	476.7681672595672	7548.311225691377	23.510490727301395	1908.2422815155244	373.1234091207534	476.9559519117224	6162.636096201757	24.998126212799495	2616.933332691267	505.9920543989539	473.37033950635765	1715.626806905399	13.92427380048704	5463.072157036928	721.18302493066	471.0221762441037	5744.166780158004	3.9844723820047157	3833.890790828414	152.23057025625212	478.576838234302
237.75	9100.963455258538	22.181292596810135	1119.924540483832	219.94914830590164	476.87896784557336	7548.336875024822	23.628352521859593	1908.0489822260065	373.1067185816778	476.81377712058554	6162.4097063000645	24.79400104970432	2617.1575697905223	506.06613177650496	473.612735974982	1715.6337590695857	13.923550661630253	5463.193231236275	721.0440421522071	471.09662513170906	5744.238657397036	3.9852901771932534	3833.875625638312	152.23791226209187	478.6580594290701
240.25	9101.019090563004	22.170399568934858	1119.9226689599504	219.94551035820047	476.9375051923081	7546.886682963257	24.03261055570611	1908.950706271069	373.48738140004656	476.86668722149807	6161.798990627423	25.25250984377313	2617.552475947984	506.2132186960467	473.5254164087144	1715.7368757387576	13.917567279442244	5463.415533004732	720.879815095716	471.1798480772663	5744.064935293157	3.9935033991297995	3834.0728806566276	152.1266117599243	478.753156779509
242.75	9100.870407721959	22.178667976600458	1119.8569873308381	219.94277839470465	476.89415542295467	7546.113637608961	23.665759649110967	1909.567953246584	373.7368529225354	477.0339005163697	6160.849270091095	25.247066489700128	2618.231232878043	506.48599602827335	473.8633200443765	1715.7649626012633	13.908455094424863	5463.600429500859	720.7062624806133	471.25679599944885	5743.815483830386	3.9948524720709835	3834.356483729931	151.97013966013432	478.7401887503333
245.25	9100.83329387181	22.167947986389223	1119.993316050509	219.9278117860516	477.01443850252394	7545.834792858823	23.31914232566434	1909.6494672387082	373.7744453022849	477.0658227889216	6160.002429160448	25.232020444975586	2619.009366411144	506.75363011160215	473.9516449540505	1715.734520326642	13.910770334942566	5463.701100485684	720.5558259662209	470.98466286634056	5743.977073054996	3.9907903417339337	3833.946488929421	152.22295159603405	478.17844813232654
247.75	9100.863862651373	22.172161426545546	1119.955646051001	219.9463657229563	476.93782488012965	7546.669966067892	22.939185862310595	1908.9925710298003	373.5091949029857	476.9336882609341	6159.021443117866	25.21328868627827	2619.651631312416	507.01077945313784	474.1067943156506	1715.6383383988434	13.913939458996095	5463.8025817650205	720.3831690416185	471.04560009359943	5744.357985309386	3.992965432683006	3833.143904872304	152.63599862032086	478.27754645208506
250.25	9100.862242974055	22.17823461402672	1119.9442157871733	219.98130139454264	476.8586712120388	7547.9244146964675	22.967556913951874	1907.9923356678976	373.1543090155964	476.63898014513404	6158.09742581939	25.201955661726455	2620.2290504412517	507.2122432922906	474.23198584178004	1715.6672254287123	13.913148914949028	5463.9479930536345	720.1857278477664	470.8460177288878	5744.458886603493	3.997719350554071	3832.7531265584303	152.8241583648178	478.4418391059289
252.75	9100.765700125186	22.178004392871703	1119.9634590545709	220.00148916976067	476.94142904859547	7549.315873557863	23.05700256179947	1907.151907242427	372.8813978731324	476.6290587631726	6157.311054722226	25.225826468674153	2620.7444481495786	507.3934241712453	473.85843736564874	1715.6835073779791	13.908934071305962	5464.028726100417	720.0538845196048	470.70897310475203	5744.651238361744	4.002287130717799	3832.1439083272367	153.14298426057857	478.08226403827297
255.25	9100.872363521228	22.175781042230064	1119.9729151981178	219.9952801786566	476.8973385001871	7550.110173417951	23.174533936702673	1906.6408613090894	372.68640814361873	476.7274575825282	6156.832592460869	25.22818824125413	2621.2888430766166	507.5522921648094	474.033249641704	1715.6044864065962	13.915813403765373	5464.103115549549	719.8815211203979	470.58059001090163	5744.958642781928	4.009344573276877	3831.423647355444	153.4848717434305	478.0092143388858
257.75	9100.754530097489	22.16386360917295	1119.8822083391099	220.0274392131322	477.00803601920734	7551.073122333368	23.00554035406413	1906.046188517411	372.4477614174805	476.92421602145237	6156.038984463054	25.2427907240936	2621.705874497939	507.6951415123603	473.78410048721076	1715.6045278917652	13.91294500384029	5464.2806603877225	719.7614336116204	470.5619286306043	5745.456639419102	4.014356672372235	3830.7239761365367	153.84632694022196	477.94132979444424
260.25	9100.698966584518	22.165508605912873	1119.8798813470937	220.00335679562986	477.10050640354444	7552.16051114673	22.992892046273994	1905.2424641806713	372.16254962596355	476.7818505873756	6155.695174440019	25.232167367904573	2622.185436641913	507.82750956842733	473.94744016128914	1715.23786367254	13.904776678401328	5464.416860578068	719.656908117918	470.5729698574713	5745.5033651872645	4.009567415201712	3830.4470556802735	154.01338827620378	478.150226072564
262.75	9100.775005536281	22.149947464993144	1119.9558311113133	219.95793287863486	477.2703738226897	7553.148620808729	23.19529343929477	1904.510286275261	371.9074708192981	476.60374842288957	6155.034862377646	25.251498260472253	2622.5404719800636	507.92470855376143	473.7497090802283	1715.334254457809	13.902994322652454	5464.535734052378	719.5390470075217	470.4814645978701	5745.764700913775	4.012111840568581	3830.481703741573	154.01284356385437	478.319758083797
265.25	9100.73528813152	22.145506138098384	1119.9275695355107	219.99589650288945	477.2929056141525	7552.836601908839	23.823825279365177	1904.6937073326756	371.95504217293205	476.6944969091625	6154.464749510653	25.255345921689813	2622.815505621706	507.99195721410604	473.6792478553322	1715.396662858408	13.906126868910743	5464.69407120869	719.4446947242375	470.55427807417146	5745.606503940382	4.013787724459966	3830.6571593041413	153.93289552842202	478.27794160352454
267.75	9100.65428406314	22.138064952995638	1120.0504211481223	220.0146016032846	477.45591146795067	7550.974040649599	24.24023767048473	1905.9866308145436	372.4231756052435	477.061768968058	6153.8928991008725	25.252239781521435	2623.238907536138	508.1326510198265	473.9594473510657	1715.306567136961	13.906481068660739	5464.831565259431	719.3280340403893	470.6573537962121	5745.577517917883	4.020767050801936	3830.5841638578345	153.9738629742113	478.0534759578453
270.25	9100.496287260505	22.140405131140948	1120.0744591738655	220.04850803847003	477.4248726401606	7548.875273994228	24.2311609136592	1907.453556241449	372.9899508364001	477.2919352281504	6153.297036179314	25.22515779643711	2623.593794234713	508.290626278998	474.12621792340656	1715.2241166211356	13.908212853594339	5465.003747228323	719.2079216208256	470.65286884474335	5745.704421315745	4.02512119832823	3830.1340774652012	154.16718973199272	477.9858712317422
272.75	9100.66005444255	22.14159216304186	1120.047669885348	220.0044982754564	477.28093658947006	7546.786043490048	24.093195706797736	1908.7981039803985	373.5183146445224	477.42426647806235	6152.869004179919	25.250112278229203	2624.011299280788	508.48864377822474	473.872123787772	1714.98655081156	13.907160457837694	5465.245099422761	719.1044288160862	470.51648264337376	5745.889881887808	4.024011061365691	3829.9753597331146	154.30201075277398	478.16472024466265
275.25	9100.677244562057	22.15128555615695	1119.9798869256713	220.0014062172662	477.2015963846494	7545.57458899407	23.85281427298806	1909.5782562466152	373.76531007703886	477.36330666937374	6152.255844136515	25.250362824511527	2624.4448249794787	508.6683478998003	473.8432180426577	1714.947583726145	13.905795781543985	5465.4299102372715	718.9989265026189	470.49498373020543	5745.759873483377	4.01531399803026	3830.147417313069	154.2540099054522	478.3121441388369
277.75	9100.864306711266	22.167197847028817	1119.932872332708	220.01915162550833	477.03819754981413	7544.525362632137	23.82343504936558	1910.2983841383204	374.04556555791396	477.3448635561522	6151.723352827729	25.259666252967314	2624.892713183447	508.8168995589685	473.83686494041575	1714.8511604808357	13.900498802021128	5465.58733145051	718.8935025930923	470.51486004287693	5745.380610752747	4.010459632377885	3830.4825152081103	154.04992627988884	478.3282341574597
280.25	9100.988009795929	22.16435349314851	1119.9576442134564	220.02916221352132	477.0913509861273	7543.877438947585	23.73740494832637	1910.6820435911736	374.2047755296893	477.1198063734813	6151.1949528674795	25.258893486974614	2625.3210641836404	508.9926879900322	473.7373531885459	1714.614972116474	13.900987601021928	5465.756947923274	718.7812923150988	470.4724620360117	5745.510633647616	4.014441828996096	3830.388774567534	154.06968686778131	478.02416234663036
282.75	9100.886411338228	22.16180550361452	1119.9149563689843	220.02171709383654	477.0666488787704	7543.079199232945	23.89762096561013	1911.29528513019	374.4231529519863	477.0414466176182	6150.561543521936	25.273687838170623	2625.7724663335007	509.1516996127849	473.59802244421905	1714.6874136044705	13.8957883510796	5465.969285174435	718.6289207683213	470.5156573544098	5745.649539325676	4.01138922232677	3830.105744565938	154.2002087436343	478.11356529787935
285.25	9100.784757498146	22.15891056300694	1119.928313887538	220.04084759555974	477.18298355590355	7542.3678510046975	23.757494313854284	1911.9831435310678	374.60632118095714	477.1805791674544	6149.940461785729	25.282872841716408	2626.3177296320027	509.33349628087115	473.4886390232111	1714.6292961146944	13.89654519534214	5466.279438412082	718.5224331828218	470.4762335794925	5745.599330495149	4.009710980403641	3830.1608414732623	154.19902999972106	478.2687518783848
287.75	9100.695635271795	22.169279970097016	1119.9027629241318	220.05389625438198	477.0209166485446	7542.039158296558	23.560469340342344	1912.2085251019382	374.66681981523544	477.2286222328588	6149.1754259466525	25.27976344472027	2626.7233943616006	509.5019871322886	473.5992610473873	1714.5079646610225	13.895975473444759	5466.416220063257	718.4343383617569	470.61733671145095	5745.5664691852735	4.018987348730643	3830.218018370996	154.18493580431905	478.15216901699654
290.25	9100.672249840607	22.166209483369176	1120.0111136564176	220.03233360414342	477.0089038556703	7541.973584861385	23.297725739529067	1912.3380968943147	374.6432820771924	476.9547930928739	6148.735860154293	25.29260247808885	2627.2166328996955	509.65204506165196	473.30821451065634	1714.2565868384222	13.896194971668754	5466.620111825355	718.3392113348963	470.56300777094464	5745.494213732282	4.0257500417282	3830.3489382293533	154.16374682990636	478.28228118158484
292.75	9100.625183009617	22.178695940676214	1120.0641113039585	220.0484113918417	476.880537362061	7543.485624144152	22.681705462868912	1911.0875310053243	374.193133626245	476.80271709778293	6148.055507210152	25.28901340081599	2627.6095026699772	509.7709379563291	473.3851574079739	1714.4008852504212	13.892985640425241	5466.869912281631	718.2196041342698	470.3871415872462	5745.203591287892	4.026296464224849	3830.713075481435	154.01995152493328	478.262799528439
295.25	9100.76853499	22.18189245424064	1120.0236810766298	220.0602944011764	476.77977678347025	7545.515265560804	22.68678400272207	1909.6240205357628	373.6774967489403	476.42050423013984	6147.577171976568	25.285342236429702	2627.948939332851	509.8673311527786	473.47655751360475	1714.1376979779393	13.89028533909026	5467.047891499056	718.1411748267133	470.4791947054425	5745.014599677015	4.0229962416249325	3830.795621171918	154.02419495436953	478.27473071593744
297.75	9100.600179880206	22.192125238663227	1120.0801667203284	220.04991429003928	476.68744194488005	7547.433189695021	22.900684305423766	1908.2675453152624	373.12399366816277	476.39556866151486	6146.907281417647	25.278316553921993	2628.176444668367	509.9983588962214	473.48673258841967	1714.1651661194235	13.891059584177784	5467.214052730472	718.0386885110108	470.5551448648076	5745.0154033154895	4.024542636314891	3831.0359425058887	153.9363862131328	478.33676864484386
300.25	9100.553533797749	22.176326047663064	1120.0993850455284	220.06042788958712	476.93198180658834	7548.024100405157	23.150489566347588	1907.8032866121648	372.9567111350081	476.78845203036377	6146.435380250894	25.308819934419226	2628.4408506299796	510.09255508492623	473.16639456681213	1714.0946914320382	13.88718133065299	5467.402229385846	718.0098072700155	470.38542593518235	5745.207928789397	4.024193084218596	3830.771179199034	154.08843127195377	477.9110044199607
302.75	9100.592037609338	22.180620778080854	1120.145457151329	220.06058715670076	476.8613800913245	7549.598002290889	22.755112684495447	1906.7409522193436	372.5554783769862	476.5244113005369	6146.234113064901	25.293167561347182	2628.736629834906	510.14499611551685	473.40890210981553	1714.2195805903846	13.89318013234056	5467.635196522313	717.9571646636601	470.1790213117755	5745.193131450693	4.026888813361037	3830.397559800984	154.31123190462915	478.04790411824433
305.25	9100.590228882545	22.18359791730359	1120.1253288671146	220.05212604069825	476.81133531675414	7551.234638062079	23.06907474699343	1905.5332713672558	372.1362442546459	476.39282033403117	6145.955416454421	25.283330075761683	2628.957365334519	510.1632388415156	473.41763204192864	1714.309012065471	13.893133147571145	5467.864349070976	717.851916921138	470.23543942432707	5745.518703150114	4.032050679655697	3829.961955826348	154.5083717585123	477.93341922849356
307.75	9100.67058295643	22.18223793866418	1120.2102627916538	220.07291311241264	476.910905129433	7550.913622011616	23.83650395222081	1905.6814576340614	372.16924269077987	476.79477769171234	6145.731373415186	25.310251366450117	2629.041881733362	510.1820276041061	473.24922081000335	1714.2806195745757	13.896679010586515	5468.099188463976	717.7907855520515	470.0685417379571	5745.564293987738	4.035582470488871	3829.8518175800627	154.61098126438353	478.0983565135179
310.25	9100.571646658918	22.175824311754454	1120.3188460781255	220.10245810764468	476.99249911780237	7549.560051926296	24.08730376914309	1906.7028576948355	372.62384213768115	477.0321561808091	6145.342279979993	25.306750685270263	2629.1242001910027	510.25584931383554	473.474047738046	1714.1758927552287	13.894876602625619	5468.3371136804135	717.7178246512323	469.9203669541219	5745.314982279669	4.030001715475455	3829.959181082907	154.56298334609488	478.14346645955055
312.75	9100.454316482477	22.174522907404484	1120.3934678016892	220.0924243794173	476.8820401316832	7547.975399604992	23.648998308493162	1907.794523914106	373.1002862161153	476.9864283432545	6144.968382180742	25.288019727975293	2629.325597923075	510.2867003728372	473.6492536057683	1714.173166109115	13.889256248850192	5468.5754134369545	717.6467351080092	469.89030927287	5745.428794049019	4.0318229971384465	3829.8162029890377	154.59230210070956	477.96480970594746
315.25	9100.150311536097	22.175773409917245	1120.388106680721	220.10054312604527	476.90871286434725	7549.147741224266	23.161170186072486	1907.0932546656022	372.7844049679867	477.19487329484076	6144.909504255334	25.2821779345733	2629.5802613481987	510.3285369643518	473.3600291431977	1714.0484911600258	13.893536295383779	5468.848726983169	717.5445361398451	469.95786523400415	5745.496273587763	4.035238311485919	3829.8238528360284	154.6010993964136	478.22408098990843
317.75	9100.122958483136	22.181960969872534	1120.5168414285438	220.1117403151266	476.9094943531145	7547.895382022519	24.175637803148877	1908.0469019544325	373.11197287218744	477.3216805074424	6144.46408531375	25.295234663173648	2629.7541777328997	510.3728455191452	473.5152486289535	1713.9536445715462	13.89447562934099	5469.112766232012	717.492509265216	470.10838264593224	5745.426939713223	4.03260340224696	3830.0846903391443	154.49698104729978	478.23209175478917
320.25	9100.10629429923	22.16673822593865	1120.5387393977514	220.12334555802175	477.07668844362337	7546.045531181465	23.909374103106728	1909.3084941957839	373.5700328263996	477.3746930885552	6144.036254264666	25.305604472716738	2630.0036893446068	510.4447412126483	473.34252616677054	1714.0022019206701	13.892445648194423	5469.321394353086	717.41437839019	470.0885941664022	5745.248821099861	4.0341849444578495	3830.334197732618	154.37244301239053	478.21722934815085
322.75	9100.023682694531	22.157661349698234	1120.5229692844368	220.12466768987912	477.1780441422202	7545.6711264668165	23.44744780395371	1909.613581825013	373.6515659643439	477.42109125449497	6143.693089212951	25.276266167769343	2630.290162400294	510.5146797585311	473.7305451758819	1713.7666359768461	13.886067674716417	5469.493732000361	717.3221597969731	470.06908305694856	5744.979320174175	4.030872752850798	3830.6223869425176	154.26884447518304	478.2870647573403
325.25	9099.941749288062	22.16050452872169	1120.6372133210673	220.1366994059511	477.0754798972683	7545.701123391977	23.454069936501163	1909.6608049250106	373.6616188137587	477.23175061390214	6143.413200530237	25.287734726715698	2630.5180983889777	510.58633863523636	473.53895702100755	1713.36475727163	13.875211123446684	5469.721895226988	717.2690755359955	470.06976352226127	5744.833087742393	4.023749565181809	3830.7639394331663	154.2101492492163	478.1762833717361
327.75	9099.937999616262	22.16627566788687	1120.7143203500634	220.11710322028475	476.97478023629924	7545.612312774597	23.22362071769779	1909.5982199439698	373.62009877469114	476.8418529780701	6143.224316971154	25.29514131181675	2630.729357957271	510.60031000304326	473.47878581659813	1713.1752127537547	13.875250069531383	5469.939993081409	717.2037714298826	470.1297811604147	5744.946687230022	4.024922213048122	3830.5693323591995	154.24071476827683	477.9950037821233
330.25	9099.824926641188	22.167316535505652	1120.7439330890854	220.1750962578193	477.00243972422095	7547.123316492021	22.682474708845696	1908.4648138969342	373.18118732860876	476.6327064600205	6142.9923035023785	25.281559101380562	2630.9555150352294	510.6580592790285	473.5048079342071	1713.2605278069898	13.876971952081506	5470.1027143129	717.1521397237632	470.03863019517183	5745.226687830445	4.0232810565033725	3830.287694031231	154.39921580472068	478.01330647156306
332.75	9099.564650070713	22.176142155443316	1120.6845195427923	220.15345771315452	476.9238107261625	7549.067453294132	22.683613106614363	1907.0643378268387	372.6440118373413	476.45532221556675	6142.786276661006	25.280890728303454	2631.063983871689	510.69409826256424	473.46368941101554	1713.0733988962056	13.869490676304094	5470.317210588642	717.0850236497448	470.02565479325114	5745.386314493496	4.0318520821841295	3830.0911725142164	154.52737645852977	477.96408300753524
335.25	9099.879527121357	22.182038601694348	1120.6532097951842	220.15271698771213	476.81762842694263	7551.004947533357	23.124287466357767	1905.68922192331	372.16657858847657	476.2998145381029	6142.7230604491915	25.28426165925687	2631.192627186307	510.68138613861873	473.4364849148613	1712.9391836636435	13.873023012616372	5470.490462147487	717.0015375978521	470.17167958999687	5745.242188405334	4.027380676800327	3829.9311163637935	154.59184667789572	478.0664950470339
337.75	9099.991702299772	22.18017624034503	1120.5957981909269	220.16141080605905	476.9270733121729	7550.2278030544385	24.111900154176645	1906.2805917665332	372.3834863460941	476.60092407898316	6142.50362822531	25.309507785145527	2631.302360832129	510.6697121086905	473.3258738296242	1712.7046920015212	13.864946584834515	5470.675925684956	716.9266550959875	470.1118019214777	5745.335587756233	4.025586607903036	3829.8527953085995	154.57050542123682	478.0089815098528
340.25	9099.918814558228	22.18301651851608	1120.630728034747	220.13153278484504	476.86996192040255	7548.430185258282	23.759534404487074	1907.6037741810205	372.9214200277572	477.00322894121473	6142.392462739668	25.308132380714017	2631.4364922444984	510.7210008466872	473.54808564817586	1712.6093754394656	13.859980778132806	5470.885224619619	716.8873665927032	469.99372574905277	5745.398922862461	4.033646025417013	3829.7419356466494	154.62243848840356	478.02119734348156
342.75	9100.056235051723	22.181126170449865	1120.6489171079209	220.15231212456206	476.8795329175866	7549.648905410234	22.682274357746465	1906.868681952575	372.66222287015927	476.82116823956574	6142.189673268225	25.290539904417674	2631.578586132648	510.7890810846761	473.4687938711139	1712.463401298598	13.866348056014075	5471.098523918944	716.8114075561847	470.22416705679575	5745.518049397457	4.033200785257596	3829.6913035421676	154.66035203126057	478.1335938294351
345.25	9100.156929388773	22.171761818165216	1120.6534562168374	220.16203072356893	476.9898364597451	7551.4825631856875	22.67378519436453	1905.5781223632225	372.1853285258625	476.5073886634307	6142.200768504196	25.291851930835232	2631.6117638097107	510.79637377360694	473.37056855032966	1712.3889871790757	13.8736367861401	5471.173139669223	716.7530964091873	470.1862824935229	5745.337093015359	4.035220317855449	3829.6266052933265	154.70903719323985	477.9259184644919
347.75	9100.157167550537	22.173311178121196	1120.6325923117033	220.1800470300933	477.0255315495011	7553.122378588296	23.03112763574976	1904.3648358134772	371.7223586909525	476.36210700796266	6142.338636799496	25.276486137570448	2631.665348298667	510.79294094768096	473.68191096097684	1712.3116714296161	13.877453969625252	5471.343982031006	716.6807119587272	470.44733062627665	5745.2120467186305	4.038044896099757	3829.520278554867	154.75887481556302	478.1655845129407
350.25	9100.285305029673	22.157691454678876	1120.6398738857176	220.16720538985547	477.20105986521435	7552.518771319995	23.830961748338602	1904.5885573254177	371.8330639117047	476.7666571844308	6142.3899004472005	25.297528064279625	2631.6476940537154	510.78511695570256	473.39777976399165	1712.2124406543223	13.873275765669812	5471.570083982728	716.6123700074577	470.5511115508195	5745.252701203558	4.040869251886462	3829.702124771058	154.70474489467202	477.9965166570722
352.75	9100.41659016547	22.15416197724024	1120.664268414733	220.17929438307635	477.1885014666554	7551.249464780292	24.014583491165972	1905.5410390381362	372.17530559728414	476.678970698584	6142.409408195557	25.299031929050983	2631.6661506192922	510.78493921771303	473.55113714945406	1712.019322430361	13.875885879675792	5471.708715600663	716.5802002121237	470.6558517981209	5745.375158638739	4.046740871178129	3829.4935726508174	154.80979761112673	477.95067822672036
355.25	9100.418855497326	22.156262573275736	1120.6673733883588	220.16638911949747	477.160017226537	7550.0574731870365	24.053329206171096	1906.7503127275286	372.61794728301913	476.9230557342196	6142.32810186848	25.28990526549923	2631.8344213611213	510.7769681759514	473.62402559969297	1711.9069970566397	13.87485773204504	5471.911989939006	716.5095138111019	470.7216744848267	5745.311628575847	4.049248461418884	3829.254525791895	154.9400598080361	477.80512473036123
357.75	9100.49496311146	22.161527771797214	1120.7296392369008	220.2050870544535	477.1299266404397	7548.4585956143255	23.946887632287392	1907.7178485833497	372.9837637390548	477.3021404850932	6142.441494488093	25.272826996164103	2631.995231391878	510.81954602283776	473.7324423651939	1711.7466617694988	13.876661551357277	5472.000904960876	716.4325759441908	470.5518125768954	5745.486038061135	4.046912781005892	3828.8274502343934	155.12470023930743	477.85960210230536
360.25	9100.242352269825	22.16058087611615	1120.7162658341226	220.20210047652301	477.2256098085295	7547.264721639013	23.773759526648345	1908.6920868561403	373.30297228681667	477.49042692118536	6142.164973895423	25.277541024714882	2632.0442287953124	510.8848967192723	473.7055138779032	1711.694973461302	13.880130137252891	5472.148106206618	716.353801947434	470.5337283260412	5745.317282389651	4.05115737091429	3829.362134899533	154.89318756478252	478.48707176540034
362.75	9100.390731729001	22.17314911415785	1120.6956868613931	220.20582433491873	476.96150448944786	7547.161990872762	23.43735459726776	1908.9387856556102	373.3595950863481	477.48980296105896	6141.831130766621	25.28418110233823	2632.283470599617	510.9160027696085	473.4973273999256	1711.7062022073364	13.882543149352484	5472.337554806508	716.3455926175704	470.51119835722267	5745.052055616204	4.04990681291721	3830.2157367809345	154.47439962569112	478.31494469748486
365.25	9100.304751013402	22.164086575564475	1120.7575833208152	220.20484671646798	477.16424305158097	7547.245996161166	23.328549557072684	1908.9824352164237	373.3474690340334	477.3970827505248	6141.6280317104965	25.30145787928769	2632.466940038387	510.9520470155861	473.4424314446908	1711.4991242019623	13.87885522748578	5472.504665253302	716.266877746543	470.4674295249982	5744.829675482277	4.043296167214754	3830.1644536552585	154.5082961530067	478.0105254334862
367.75	9100.139794346547	22.164699304680422	1120.7743097447778	220.20135525805006	477.05145938866644	7547.908981362456	23.182342247245533	1908.4599031551115	373.1613633176362	477.107351953951	6141.517966144309	25.279492904215974	2632.56195065729	511.02026304956047	473.6924578544257	1711.400989796914	13.882901840223644	5472.82902292112	716.2383484900467	470.5208193355254	5744.7735457502295	4.0498628782937915	3830.1385384178743	154.52081460120237	478.1136950310275
370.25	9100.094455729362	22.158521432989097	1120.8419764259725	220.1955361992469	477.19688480170765	7548.1986390869515	23.401413957764383	1908.2965818104321	373.0810937102639	477.04884422298437	6141.420384346501	25.29960825274243	2632.6561904417204	511.0410933580251	473.386618162835	1711.3423427659238	13.881986415188353	5473.00784330405	716.2060528334399	470.6282280402565	5744.731206053416	4.034352314610468	3830.1868970679725	154.51058764605676	478.1063891404429
372.75	9099.9712220591	22.15162126108243	1120.905485482611	220.20609666077456	477.2441824768776	7548.118461387811	23.408643487289332	1908.2062563408078	373.06766080736594	477.0690694532223	6141.343823419723	25.290480011847965	2632.728114042887	511.09414850526224	473.565433520471	1711.112159155316	13.873446321228814	5473.171552080417	716.130201698319	470.75214365099754	5744.657812946028	4.037240998613031	3830.1227760790507	154.5672654419572	477.9818447291259
375.25	9099.699662059726	22.159888168853094	1120.8574407318974	220.20417579903537	477.1832176619309	7548.251111531352	23.408658260535546	1908.209631329909	373.04716868714974	477.0227245219383	6141.23403571261	25.275351280450668	2632.753995810955	511.13408777254324	473.7743887242708	1710.9213521065792	13.862324166923454	5473.46056863616	716.1025964779924	470.7110551357816	5744.649073786174	4.039128282835366	3830.026369899638	154.6661974830321	478.0797815651425
377.75	9099.63708652008	22.16858689422012	1120.9182881353272	220.1742387564707	476.89224935635445	7548.231138281772	23.407088182252917	1908.2073961189017	373.03052694390976	477.115788367225	6140.993507298165	25.270940296795935	2632.8873270145864	511.1422626752263	473.8155748328999	1710.9987119946038	13.8602357562157	5473.652536516954	716.0532908158543	470.52315984106383	5744.479333413349	4.036478744324673	3830.235383247203	154.63460821699462	478.1805687054007
380.25	9099.512342114866	22.17107126201418	1120.934511156341	220.15859565587013	476.993544535944	7548.426444868324	23.40738192432806	1908.1475796865775	372.99288215768115	477.08942167109814	6140.806893739392	25.270795869089426	2632.968343260245	511.1498106912401	473.7781023210511	1710.8475007791933	13.850492661603248	5473.7275555155375	716.0166498747114	470.56291757781065	5744.1772744358595	4.037175852041604	3830.558000490266	154.54856325580812	478.18047761137325
382.75	9099.65568451613	22.18677620205321	1120.8887741154508	220.1343831059255	476.70193326251393	7548.545468749059	23.397511610299073	1908.0951000007187	373.0057384966145	477.0137041026184	6140.639909600995	25.262720156114487	2632.997106407279	511.15829879547755	473.8685133700103	1710.6942781135058	13.848576609664887	5473.811359679914	715.9641674163338	470.4727395074057	5744.001188776164	4.039360045543999	3830.7371015659323	154.50905530955572	478.15414150432395
385.25	9099.539447514959	22.17471451670833	1120.888538706625	220.1853827655599	477.0372226642946	7548.795192191861	23.479009562542608	1907.9662322797055	372.9638069191994	476.9890423999858	6140.451973909777	25.27836863170002	2633.1047969352144	511.1703541047063	473.681369627347	1710.662159413853	13.845701746392534	5473.994751382536	715.9489690946547	470.33300502703776	5743.93184917325	4.0410485917372	3830.7872048653476	154.52140753248082	478.1050893471614
387.75	9099.601139850718	22.17447524832182	1120.952412564194	220.1578237107818	477.04892977870776	7548.242736296658	23.777504544786385	1908.437348484919	373.1419849994006	477.0549186546047	6140.4539670085815	25.285760520432216	2633.232004121234	511.18709879378014	473.6050486919753	1710.5326774618377	13.847662355431344	5474.16139793632	715.9052553705668	470.2402488506774	5743.843427705505	4.035499508446013	3830.934313715531	154.4861654293346	478.2541660241674
390.25	9099.45891389689	22.164024049938075	1120.9011572481675	220.2067996143295	477.1826638870842	7547.509766549491	23.69555518135443	1909.0652067042063	373.3553472459685	477.3121701475939	6140.289738918001	25.298728155646454	2633.3462025850035	511.15799153163135	473.4972767944124	1710.4437907363904	13.843683572762364	5474.362353446493	715.862722813084	470.3565583317045	5743.576681797104	4.034605929707925	3831.283898068009	154.33529679633529	478.37063297999646
392.75	9099.461039997495	22.14704710734254	1120.9143728078636	220.20346118184298	477.3114992050963	7547.009045073499	23.532140615824087	1909.3232940214875	373.4517617194068	477.39712241160464	6140.136027910717	25.281300774315632	2633.4530856724687	511.18382476666307	473.5830675174461	1710.204896089918	13.839662162126766	5474.543834515386	715.793191522574	470.2828061251162	5743.663186232506	4.036313042518305	3831.044009723706	154.52968157468572	477.76099966446174
395.25	9099.467086907545	22.159696427506848	1120.887937655339	220.23810692727898	477.1221915368786	7546.824613564164	23.542119979376047	1909.6070497131166	373.47759053582485	477.1871754303625	6139.85897196557	25.322029111029007	2633.509360056529	511.22525119664607	473.114457581812	1710.0779743204603	13.833196135890873	5474.687629183526	715.7814306050338	470.47035317893847	5743.895877271721	4.034073621010557	3830.591141198051	154.79399771986218	477.9005696596846
397.75	9099.389870828702	22.161351384363233	1120.8480909747236	220.25976670647043	477.1794849763508	7546.442177022265	23.542084536610567	1909.8280458394997	373.5182320386205	477.24625575810074	6139.566214890156	25.318671290061555	2633.610031187211	511.2865916981885	473.3365516368643	1709.9212350856249	13.835582479418859	5474.858545360242	715.7536368837373	470.46019385443486	5743.978456338323	4.035329947761553	3830.0836422551056	155.0453484795335	477.8608698876355
400.25	9099.188542310616	22.159327801668454	1120.827106860922	220.27596227976233	477.1553310493325	7546.2677030817395	23.54568942265696	1909.974236028275	373.56074362113134	477.0993263186669	6139.407510409175	25.30351740362066	2633.7888911471364	511.3418944562924	473.5106217364096	1709.7913799034566	13.831027001680058	5475.050837888036	715.6654645083526	470.1841883288928	5743.931820379005	4.041303817776595	3829.9480205489554	155.07890636463927	478.0239332600684
402.75	9098.984954335383	22.16637957292115	1120.847034086192	220.26652822037542	477.08263879874727	7546.170567235896	23.281852261904294	1910.1832020994984	373.5925082608372	476.9127439901573	6139.395602214946	25.30423922717661	2633.919677682961	511.4004657498438	473.4660445772594	1709.6167814472258	13.828212681167283	5475.299531881817	715.6763246473324	470.26705354370546	5743.854995686039	4.04367851774307	3830.089759978822	155.0541626741916	477.97467857200223
405.25	9099.017506641416	22.171658808943533	1120.8255221606971	220.25982692951823	477.0432745016398	7547.483643462686	22.685070419320972	1909.0861163213867	373.19209748646756	476.632394444603	6139.3711597698675	25.269973205723563	2634.00329452799	511.402131908922	473.73677148494573	1709.4836108905172	13.832832807225408	5475.47216387825	715.5908801177629	470.2854923876198	5743.773898050889	4.036945583510004	3830.1677589566525	155.07694265014518	477.9796396627647
407.75	9098.86085523352	22.16771425816835	1120.8498272191205	220.27809596317593	477.13912176541186	7549.3676056248705	22.68192532413071	1907.7315592393359	372.7131712709286	476.51293136909413	6139.485045775212	25.295004555450834	2634.0094093634775	511.36183801133467	473.2671060921065	1709.269892683086	13.828092378625458	5475.604597244324	715.5124476979685	470.1546866743572	5743.79353715675	4.04169585422515	3830.164350233412	155.0575217104398	478.03852886140385
410.25	9098.850157580162	22.15264953623233	1120.9001411937636	220.2635336651546	477.23721605129003	7551.053938645391	22.989748583617214	1906.415008392876	372.2264531610434	476.2772703539842	6139.341695499145	25.282614348461774	2634.050689052439	511.3627815232838	473.5119959375065	1709.2858347615352	13.83352450558074	5475.776581438063	715.4930425399407	470.1485140497374	5743.722509829098	4.042367286465756	3830.2779773829666	154.99425022333284	478.03745401710734
412.75	9098.932198446792	22.152597599866123	1120.9498917266362	220.25593645049764	477.2038121859404	7551.027837270567	23.861687520474923	1906.5021616624776	372.2707400694733	476.2761740301988	6139.580448858648	25.31795135195997	2634.1296712159	511.3316339228322	473.148086846216	1708.882658283705	13.830525318631386	5475.893027640431	715.4807917044462	470.12938611588095	5743.785402794909	4.0370753988404156	3830.299100946632	154.94670726832166	478.02568195327535
415.25	9098.81618929491	22.166044681239303	1120.9136393261224	220.2623962310741	477.0941690085623	7549.262291215099	24.292021265479136	1907.750297562244	372.6973064411092	476.3527527242549	6139.6358596637565	25.330944136107227	2634.0312574322616	511.34842087670273	473.3158634614432	1708.6583233274257	13.830553618402703	5476.109549262067	715.4188643025366	470.2451345663701	5743.760684885214	4.032821624260183	3830.3435713386243	154.94574355922353	478.03446270014126
417.75	9098.63510127465	22.16793781430015	1120.9856922578263	220.22849890462348	477.0863074450525	7547.006137266179	23.786971783421016	1909.16315049731	373.2616803494235	476.62309472891917	6139.663207171718	25.310884734070488	2634.1306372004715	511.36001628496996	473.4518874038366	1708.7694946000286	13.831587552515238	5476.253299131707	715.376105279934	470.38358639007885	5743.59288315782	4.033291709033563	3830.4213404167476	154.9185175962642	478.05019373479985
420.25	9098.796190424173	22.172391216561916	1120.9284530648201	220.253550565508	477.0528414986586	7548.091010792804	22.77283848930884	1908.3534405418957	373.00600067954247	476.51968033336357	6139.56390838897	25.284170497981307	2634.236153191523	511.43187565740914	473.5609456990384	1708.882206405994	13.829888167217758	5476.419568489575	715.3787349861922	470.48985848528076	5743.6868484521	4.0409753286230705	3830.3770124171388	154.9357631782108	478.07937794830485
422.75	9098.6829490035	22.175366086347125	1121.000715668151	220.2857715579957	476.9423797188755	7549.7027715467575	22.88831914105165	1907.213138274199	372.62867709338695	476.5537310732933	6139.434390654186	25.304984460122462	2634.2504278117444	511.4463841088455	473.274889538376	1708.581763957388	13.833581207439996	5476.616222609805	715.3573042301613	470.59381786248036	5743.671476999145	4.0368716919508065	3830.4730856609613	154.9145222736168	478.03465224633885
425.25	9098.831358856822	22.17039424444121	1121.003299326486	220.28074207508297	477.0032852183336	7551.153988621422	22.88665952527348	1906.2009524133598	372.2375610178185	476.5091366866255	6139.569943887409	25.311160920307852	2634.2267372789206	511.47078793529687	473.1732978509317	1708.5227908570328	13.829101730439973	5476.695820666453	715.3212172692314	470.885973422038	5743.508789075655	4.0343388631496095	3830.6126480344674	154.8390175529632	478.1109127167986
427.75	9098.815807893967	22.174729485218563	1121.0905229842494	220.25477393526342	477.0203625882378	7552.256742170896	22.951827538046967	1905.2395845020985	371.92597674689574	476.3037762073091	6139.690733831883	25.32250087674333	2634.1382005544197	511.4206897676766	473.1181488795554	1708.4015196837938	13.830574865214546	5476.78442044472	715.2909719475842	470.8851030529277	5743.171699796811	4.038386746564321	3830.8387330241153	154.74119617819045	478.146404098026
430.25	9098.692175541342	22.169658225226847	1121.0457421734536	220.24699331709147	477.1433750866062	7553.1826504501	23.072973044598445	1904.5411497120672	371.69086344591653	476.2554960867902	6139.732003340197	25.31467207043404	2634.0497514511026	511.372003272265	473.30048575283007	1708.1080293489042	13.83046683610638	5476.936860098662	715.2825236492475	470.84756690986865	5742.9207177990165	4.03708111255413	3831.204242459803	154.56213647286842	478.1531285067219
432.75	9098.674003583892	22.155817774421443	1121.1260780573657	220.25881877245814	477.2369224306134	7553.857065671289	23.114329030126207	1904.0107572412373	371.51382274095056	476.42436538957054	6139.817096256491	25.30215109567519	2633.9582912581354	511.36714675532505	473.3970901278117	1707.9318914136898	13.83185118614143	5477.004162867173	715.2280909818987	470.72788645443137	5743.1845978887095	4.040880282763051	3830.7769862904966	154.78477693974563	477.7641626809214
435.25	9098.608580499656	22.139606419080437	1121.2139529917422	220.2910607177416	477.4657873899064	7554.382097775822	23.271828382956542	1903.5926836883928	371.3099776267659	476.3473823861639	6139.980265801736	25.281375206368136	2633.8057581220846	511.32051730400417	473.5872428637053	1707.9282365031784	13.830406991416654	5477.16210555084	715.1772299272367	470.8581148741057	5743.173598038797	4.0387790855167465	3830.4206166997806	154.9921210712687	477.92316844721756
437.75	9098.674128229582	22.149600795318378	1121.2757361592155	220.2717834251917	477.2258561221518	7553.931272178559	23.807696010415047	1903.849167186188	371.4054820174245	476.5950705166801	6140.27468501343	25.3205721780649	2633.5942408220794	511.2614312871768	473.10672944615146	1707.7709509105755	13.82660181787834	5477.301048707965	715.1369153468256	470.76949869667123	5743.286833189157	4.032624471913604	3830.394859764822	155.01832518793964	478.0071212938501
440.25	9098.710886714434	22.154084791259024	1121.3352960604927	220.2756655268296	477.31601240423197	7552.18327890768	24.24695949768923	1905.10671371206	371.8968924982467	476.90047790088386	6140.2857517266975	25.322071988213345	2633.537111795926	511.22767345297956	473.43840049280107	1707.7871313243475	13.831215993904879	5477.422928394766	715.0975828095618	470.6429514944276	5743.4890442870865	4.032634951212759	3830.4462373875213	155.08578460319958	477.9461655440163
442.75	9098.7508932524	22.141125416333747	1121.4102037457992	220.27814205789105	477.4171621596256	7549.963068386401	24.05851733296329	1906.7100613158289	372.5036123973479	476.94861129447986	6140.199815642288	25.303057361721084	2633.6204102192187	511.2573451976623	473.6491042397923	1707.8722073578294	13.832989535537994	5477.543323550232	715.0879473709837	470.7198221241997	5743.527702291388	4.02963563730772	3830.3141742851963	155.17152064233733	477.9693229357192
445.25	9098.766979436024	22.150440411723398	1121.4237403493728	220.26485186430685	477.29741254489653	7549.081497131912	23.677009598279785	1907.405160004721	372.7456891904984	476.94651757655134	6140.227157362165	25.291559696721546	2633.6353012376944	511.3013921275083	473.40971255883363	1707.8038696399403	13.835673532139683	5477.661505731936	715.0186997744912	470.73067028932405	5743.716246350115	4.033720326865282	3830.3615911277625	155.14959661652173	477.95102052589334
447.75	9098.835490265112	22.143088593638872	1121.367369795359	220.26262236782654	477.4350445936113	7548.265897467444	23.440652434545484	1907.9228416936464	372.951046975838	476.7797625192524	6140.424742107005	25.3230321924576	2633.613419487954	511.29706640893755	473.1114072868231	1707.6021777461276	13.83153485532621	5477.857663523031	714.9787438203391	470.7955899217164	5743.7502922423755	4.034265417333756	3830.4816486329887	155.099183791675	478.1361112889589
450.25	9098.672269066286	22.131422238706815	1121.2843045397628	220.29321422637196	477.5521520696321	7549.293887821358	22.811049540606955	1907.1794368877893	372.6349786574108	476.610745382316	6140.45261006349	25.30492131936324	2633.6484293089097	511.2928431569684	473.24834235184136	1707.70834061171	13.830952854238323	5477.94151793887	714.925442298425	470.82429291837116	5743.784071871227	4.0375347839508295	3830.6781215851784	154.99046545555797	478.01644205613366
452.75	9098.732354092748	22.130822210638687	1121.3258910302661	220.27743103017406	477.52860276624904	7550.841169345604	22.805260664464576	1906.1324860725751	372.2459771390576	476.3850493422397	6140.559293596659	25.293531383008922	2633.6366164443916	511.2815089039445	473.51732163879944	1707.501542830782	13.829676460303569	5478.023625830967	714.870228982325	470.8916498669328	5743.8821809236	4.037500316718394	3830.6653995493903	155.04644704168155	477.8578514809723
455.25	9099.03497441559	22.147649460619448	1121.3380369621134	220.23640553272213	477.4218984954549	7552.119816154126	23.292740050367282	1905.0433290835883	371.85128431367156	476.10798473421414	6140.561762579205	25.278576759385768	2633.619566958687	511.2782507279431	473.5779884734366	1707.2965834705403	13.83673083641379	5478.122599167518	714.8877367801811	470.6875983022391	5743.846115572834	4.037108525110404	3830.6082192652366	155.08166509615782	478.0968384489935
457.75	9099.062175934496	22.151575299425662	1121.37666151352	220.2451943265431	477.2312142707257	7550.724654474017	24.276931672211955	1906.0034597490676	372.2353939132534	476.48172402732337	6140.584010563153	25.310954974653477	2633.5989123085956	511.23427520739284	473.3148422896084	1707.058406136224	13.836524676900902	5478.2169791349515	714.8798709212272	470.5628439023654	5743.750598925687	4.04269375470442	3830.895102048067	154.9751802091806	478.0761033011955
460.25	9099.134425520162	22.15966080314135	1121.3547432506832	220.23390994815807	477.22826921171014	7548.476926761968	24.254450953603385	1907.46604819112	372.8307430192073	477.055506412733	6140.440503407061	25.299712253283392	2633.6387246569952	511.23092174547594	473.57777437829736	1707.01872844627	13.836987460928517	5478.372389418665	714.8546173733462	470.5976486110052	5743.71800515727	4.045323931289831	3830.8383365597415	155.00664098429905	478.00445748533554
462.75	9099.252286765268	22.150000217955952	1121.4228819317782	220.24340034899964	477.3581465888659	7546.525367184989	24.24354373493665	1908.885666655517	373.394284973321	477.2636422137084	6140.127809535329	25.298817154027756	2633.7555692849496	511.22435225984185	473.4441815533539	1707.0171337308338	13.83981038108312	5478.597311779163	714.8171935187697	470.53470574513074	5743.580708473585	4.049696275344139	3830.833478263344	154.97609610063733	478.05567083536266
465.25	9098.971110221859	22.159584204862846	1121.360793484718	220.25456646648664	477.13263594202175	7544.843421959355	24.069436273547982	1910.3153033013523	373.88818516132216	477.31386329650394	6139.945731187913	25.32903446192642	2633.970758176915	511.2533910909331	473.0365072802764	1707.01924979984	13.840867376601183	5478.772221915133	714.7367996912516	470.60544832026153	5743.549175676342	4.05454976598382	3830.920838312906	154.93707255873423	478.0373765838483
467.75	9098.95274573834	22.16131650055166	1121.33279000231	220.22794408481533	477.1885383513385	7543.974716282757	23.715824458835076	1911.0077429758917	374.09852334306146	477.2886130596801	6139.760696771015	25.33197189371547	2634.1379621730903	511.30921254121625	473.1736943229333	1707.0808060596025	13.835657698035982	5478.965782900499	714.714902370177	470.48227770023266	5743.582551734729	4.059010480432851	3830.7902821585153	154.9496891500759	478.10695470947934
470.25	9098.754492741438	22.15064703693558	1121.3640598477725	220.2099419888669	477.32027867244375	7543.560288644375	23.46730221477872	1911.4727456206028	374.2807047912428	477.38605704215206	6139.407423742312	25.318233582469247	2634.3562358436157	511.36039317776715	473.4172209479969	1706.955432607687	13.836050478602711	5479.1349100631915	714.7017569903547	470.64440150001275	5743.387313802166	4.055136104425559	3830.648663688603	154.99830812353443	477.83339325734175
472.75	9098.532618232402	22.140236630141427	1121.37272734967	220.20663116789427	477.3433939419085	7544.196356988788	23.02993652289939	1910.8512662999337	374.08021507963616	477.2795117342851	6139.405793270695	25.282769198698933	2634.6035830582578	511.42630518589095	473.54735266546	1706.6344370090533	13.834319079149699	5479.379257137153	714.6676021174134	470.65745087225434	5743.569676239371	4.054618186165513	3830.2635988749225	155.18915208277753	477.8391467592553
