0.0	9099.418066063323	22.25731802665025	1120.6933888360566	220.22955860160326	475.83155697097334	7532.238992647228	23.328030473719508	1920.2574150551195	376.3915273644486	477.03904651828964	6142.372839484403	24.829793275532577	2633.2967253844545	509.80603074750763	472.759987078265	1711.7896954696919	13.58832167829073	5446.177791241422	743.0687074360393	467.8036244905155	5755.297940884698	4.186472360382533	3807.2857401239567	166.3907589063491	475.82727561466896
0.25	9099.448757048749	22.257547681974597	1120.66980458523	220.23498453564903	475.8212094158132	7532.270981610529	23.125356436977928	1920.1891300218333	376.37543549684	477.0727957067692	6142.462893998708	24.74703437979537	2633.238330312119	509.7902441972746	472.8139547847142	1711.7754768759019	13.587524258322343	5446.212380546958	743.0550621539555	467.8084804116715	5755.223448206471	4.18636378015699	3807.3305761076326	166.34643142918273	475.87246609105165
2.75	9099.575510511519	22.24872698662173	1120.7091075525263	220.26380160514893	475.97709726783467	7534.184729205965	22.71201025500326	1918.7076654806688	375.83244845781877	476.9351927634004	6143.463869032817	24.501097270744285	2632.422421002176	509.5172539856348	472.84364941160754	1711.9220227381495	13.587195445487922	5446.467739489146	742.8203243122878	467.80719581166545	5755.170641627755	4.1767717488742075	3807.7824750007244	166.15093855841977	475.81602063384224
5.25	9099.593064806837	22.250693189257877	1120.6812076037927	220.26502048890964	475.9139668169656	7536.278885967449	22.863492484846276	1917.0979113556057	375.2276481191442	476.6642088185054	6144.667046497041	24.39969520147551	2631.3543778039707	509.1717558297633	472.70109597902854	1712.1242561940016	13.584715293665003	5446.7490603489405	742.5766673912935	467.82902962115793	5754.796246909566	4.155919787790512	3808.3176161312126	165.9180443376074	475.91937078412985
7.75	9099.707433866926	22.25828966823653	1120.7358324520335	220.2971081909681	475.80332252930884	7537.910047029802	23.038531924162516	1915.7821340115747	374.8182676608191	476.40971041419743	6145.958569794158	24.3277362071918	2630.15267738521	508.79471919545944	472.65570794614547	1712.0942911197317	13.58759830712869	5447.077806698713	742.3520226596313	468.0509527486167	5754.7161017635335	4.145500765971398	3808.8195748878456	165.68042654883877	475.74788886574544
10.25	9099.758928198826	22.249689738733853	1120.7425915328492	220.34703210001067	475.8956331914771	7539.302579233918	23.21317927730959	1914.8049669119173	374.49800463726154	476.10955791738036	6147.772659122656	24.229185570358492	2628.76560793061	508.3239936747325	472.58609733885555	1712.033632826775	13.589363862525664	5447.338267424022	742.1011180654469	468.31086435973765	5754.575258913279	4.1386113215427285	3808.947443325454	165.68000725033082	475.77010388795634
12.75	9099.785823658945	22.26013834706858	1120.6526737644529	220.28595044106936	475.78750431227144	7539.923125694935	23.219591776445736	1914.30528786709	374.3254955794228	476.0922476960849	6149.974532868283	24.22738598220669	2627.2114467393158	507.8100982298073	472.3401603628573	1712.1909189771627	13.58626194746453	5447.631339544007	741.8371515430406	468.37031445452	5754.719336508795	4.123741098915472	3809.1743612477244	165.5222354805905	475.773164726617
15.25	9100.012137588154	22.255554698465932	1120.6706811364759	220.31480770527196	475.9286662698483	7541.5153667674285	22.928984286759217	1913.0649143649805	373.9163039888133	475.905052542222	6151.374755771528	24.454440567876404	2626.1425085657697	507.50085881376015	472.24321582677555	1712.1645517509482	13.581835483481347	5447.899346473466	741.511487766746	468.411236536126	5754.670056285527	4.125505398281428	3809.1993899720455	165.49877773229366	475.7584276173626
17.75	9100.042035158587	22.25352795181262	1120.664727008522	220.28662845776861	475.8272427293716	7542.64491406916	23.042792034491313	1912.0600134039528	373.5930367124193	475.91400875532815	6152.8813211429615	24.42043627651553	2624.912555962804	507.103422310237	471.96564726951084	1712.233114708677	13.577330920187407	5448.118471874145	741.1878183339571	468.64882658820846	5754.561613569841	4.1255061403608115	3809.25843005849	165.4455359036595	475.83526550899023
20.25	9100.124407221767	22.25506831553141	1120.5671320470117	220.2774979800594	475.8471551928795	7544.437187535776	22.970002950084037	1910.7461170541592	373.1646748713024	475.8561684343059	6154.449800730834	24.489116623185442	2623.83893920704	506.81872167001217	472.0144818620505	1712.2103928895324	13.575845414315355	5448.392245563422	740.8962740015195	468.58378341429756	5754.548969327671	4.126849732227996	3809.6106604061265	165.27769951747524	475.99521719416384
22.75	9100.349491873158	22.26230600559374	1120.4938658512212	220.26557758272313	475.76310952281415	7545.344489900446	23.28677428211747	1910.1062844119476	372.983062327923	475.75684124055874	6156.030257190484	24.410028256083343	2622.7160730177807	506.4822319466899	471.75618462616177	1712.336023320169	13.578530656396898	5448.6177872908465	740.6499899392936	468.44364966163414	5754.127970826243	4.117214102461458	3810.0670487179477	165.00956467772806	476.1250452182185
25.25	9100.582654802616	22.264345245988228	1120.4685255393615	220.29835701135585	475.7403990718929	7546.245785717059	23.265505240088835	1909.6043150484102	372.836062272782	475.70961019380917	6157.484584887611	24.436115175477525	2621.480405375091	506.0954858499218	471.4840326171652	1712.5296851637256	13.580906249628987	5448.779754978381	740.3908795744037	468.72330938782864	5753.948748254761	4.118855918540158	3810.4567764617295	164.7746446410752	475.9774328381422
27.75	9100.62762012302	22.269026025182765	1120.444333413837	220.28935333847426	475.62327304707395	7546.83261148063	23.350747277221558	1909.192506925238	372.74027454928296	475.73635580555873	6158.954217531458	24.44240387096566	2620.3293943090716	505.72883209285834	471.2237156028864	1712.665376185175	13.575077035017477	5448.957825181675	740.1206864473393	468.758938773489	5754.012516975107	4.116135211539641	3810.692631333637	164.62316278958937	476.10918521817916
30.25	9100.526223626772	22.265321277344142	1120.4547401927925	220.3003198715997	475.68012842296196	7547.297554143809	23.37706399101442	1908.759772632613	372.65959898991406	475.7234487005593	6160.389930491671	24.447785557861966	2619.252116143929	505.37727071708605	471.069297212951	1712.6779798000637	13.571394623728166	5449.205019848603	739.826112005654	468.7146725521308	5754.12676436664	4.110183178276548	3810.8344949573816	164.51056700121327	475.9657164918943
32.75	9100.518817677792	22.27891645398267	1120.4967281474355	220.26222247009207	475.5967964637188	7547.61127218699	23.43510948314232	1908.525958507348	372.61749760570694	475.74438947776116	6161.902959272417	24.457470687042104	2618.1559317833544	505.04400975919344	470.9184302874829	1712.8241376231213	13.586088537559794	5449.297351820592	739.5167453341286	468.6147125254603	5754.165901474761	4.099035946420457	3810.9871281978662	164.44825748821336	476.0466081465998
35.25	9100.620178505827	22.276543117720898	1120.4798840881288	220.26920408241378	475.5124710917441	7548.010605714681	23.535740483466853	1908.2779272821563	372.6080688338093	475.68281124573116	6163.232189177747	24.87279749354249	2617.146213010911	504.7202111483798	470.7548704372032	1712.6107166241761	13.58404344923419	5449.45043644387	739.231507010636	468.418236135989	5754.096625404967	4.0990145004804885	3811.1355624220996	164.31738367993103	476.10965327834856
37.75	9100.577542780931	22.285201910751073	1120.416631207392	220.24540689293812	475.5726802424783	7547.970085787776	23.70298782920795	1908.4188890485475	372.70136644816273	475.89047439390913	6161.964435353147	25.788904263622147	2617.8103445520087	505.04026306220493	470.92569844738057	1712.9404059608573	13.590596857973589	5449.585368667027	738.9664464529205	468.4980573218722	5754.18627556513	4.116335935062072	3811.295104280841	164.16075806057486	476.0702620504907
40.25	9100.698209966185	22.277774936562395	1120.3525976659032	220.22890168005398	475.6007646234495	7547.453941863309	23.7218608283048	1908.6923933934995	372.8537450675242	475.8493128330803	6160.318739788289	25.79763608040146	2618.9994609145056	505.5075124323195	471.1706943001761	1713.2310311059373	13.599581825040309	5449.762279455232	738.6536210047686	468.531162242261	5754.111627777707	4.125758862951485	3811.387276066123	164.03934881566528	476.2131698480569
42.75	9100.667322760866	22.284177922931036	1120.3454799192698	220.22767536810713	475.4866690434567	7547.077586753674	23.771388780382686	1908.9104828402833	372.9784158496063	475.88610071427894	6158.853696524419	25.756534088996084	2620.184799099168	505.98609222173303	471.6533175756575	1713.3513800754306	13.592600160885286	5449.955292634114	738.3981403124326	468.57910877525353	5753.882536337745	4.137138402438147	3811.807734272099	163.8160682236921	476.2265886273766
45.25	9100.771836941885	22.2789545744292	1120.3404139510014	220.24315637510745	475.69793435033984	7546.416597737217	23.8655371316761	1909.405224460879	373.1855981555656	476.03166187198946	6157.268210768207	25.7010647362701	2621.2357971774913	506.37979746204314	471.8875924396643	1713.1960242144178	13.607550972534511	5450.185771537584	738.1235930049617	468.4901604482542	5753.8978634003315	4.141503240170455	3812.302265424155	163.5821985821322	476.3522496975965
47.75	9101.014105328744	22.267607536428816	1120.3578901132416	220.24472604052124	475.7960561563797	7545.646247381233	23.95885897035869	1909.9724415949374	373.4270486827345	476.01791953761153	6155.761146432093	25.63694972875862	2622.3507403424583	506.82846627995445	472.2863120243518	1713.3176777384888	13.613508805243745	5450.315756772642	737.886066588003	468.49102511889856	5753.70321418053	4.141349929275371	3812.6909960248777	163.34021267644744	476.3668627435408
50.25	9100.861221606527	22.26674422933575	1120.2988043107744	220.18821456248628	475.73538939304376	7544.264750951937	24.223984853119696	1910.9582593520697	373.80787759637127	476.25063959092347	6154.812631654091	25.48590139099729	2623.2154254270877	507.15488667053404	472.5904246322453	1713.286636537561	13.617053600557036	5450.581331259483	737.638638031707	468.5245297266173	5753.477954547041	4.134746415908536	3813.2650541340363	163.04717092775755	476.47016619299677
52.75	9100.895512023284	22.27307640298041	1120.3663168019716	220.17408023069535	475.6891308141096	7542.792064788516	24.18554904234144	1912.1524176207406	374.283043776614	476.4299142714667	6153.878749064229	25.49094293173326	2623.9102060466075	507.47965224752	472.7090092908547	1713.264458832424	13.623563318446102	5450.824590299074	737.3633604223392	468.5641968720439	5753.206789183685	4.143152353417942	3813.8293467748667	162.74809262155185	476.59291102907787
55.25	9100.711301320542	22.247509019451105	1120.4004363516517	220.17245236711008	476.14426829378345	7541.5917653973	23.556834367270127	1912.903119536058	374.5593462058166	476.42207127212106	6152.600209557038	25.167777807236753	2624.9757891167696	507.852893101941	473.020056158745	1713.3442091475706	13.629580531228605	5450.975479690048	737.136502280514	468.60864350893604	5753.0300448663975	4.1443150537410585	3814.4448960172917	162.4382273898946	476.58404689471234
57.75	9100.523371109593	22.221932278507072	1120.3971716084086	220.17915248426692	476.28623131059544	7542.995123121666	22.722401793601133	1911.8403608354554	374.1684893890598	476.35130525264117	6153.942902700052	24.069100822566334	2623.991731178408	507.5331733911636	472.84215007165756	1713.3906262134817	13.625158495641427	5451.138258123263	736.8803425890335	469.0138796252066	5752.7111370513985	4.130649633993924	3815.282357660356	162.00162060936944	476.9263822993411
60.25	9100.396104896356	22.2208353841358	1120.4151592762967	220.13378583615255	476.27135808142526	7545.091506102585	22.723715066127138	1910.3297274642798	373.6389334763099	475.9377816739295	6155.917584382433	24.044933832548914	2622.3715005361637	506.98731414742383	472.62377791100124	1713.311324648107	13.624422077237732	5451.374699065923	736.6540629472372	468.86956361975507	5752.125899447898	4.1082572724090385	3816.0696203221537	161.56452233097238	476.888506918132
62.75	9100.426932569602	22.220658371797754	1120.4438257896174	220.11885756138088	476.26496887078764	7547.2746074456645	23.09532038308192	1908.8642704042413	373.0940286935755	475.6371526828075	6158.085735421291	24.091205135121204	2620.7070172008584	506.4045831071111	472.16804896317444	1713.4152944682946	13.627880501198238	5451.618050394152	736.4448079970441	469.1101351372204	5751.780054170487	4.09808579533334	3816.6746121150586	161.25005122952123	476.8402306003298
65.25	9100.434386278946	22.223561616259556	1120.3481471679056	220.16102924287014	476.28642909973274	7547.0933669128	23.694008235144572	1908.9830203431036	373.15263475020413	475.628537735889	6160.227631524823	24.28408685493341	2619.1145461412293	505.88228096687055	471.9673745801879	1713.4561351879427	13.619710065515221	5451.855671533043	736.1722354073903	469.15269126179874	5751.773236355409	4.090007649887959	3816.985111777644	161.0879099991846	476.8133182691103
67.75	9100.536540678804	22.223777670149893	1120.3172306407284	220.14891394281537	476.3942412571967	7547.253102487508	23.36450106379094	1908.7359271026492	373.0791383510043	475.60986047070776	6161.319168644192	24.603967051861126	2618.2295231543817	505.60372914772177	471.80883852599106	1713.5255627738327	13.620720383494415	5452.042251403247	735.9582149393228	469.2358705165263	5751.602364101533	4.07804364363477	3817.113989860823	160.98939480531405	476.8523994122716
70.25	9100.655359512724	22.207495176636737	1120.3086672267762	220.1570785082586	476.5851714615862	7547.585196685777	23.445080676653994	1908.4200786406418	373.0059223959932	475.5238504671245	6162.323016504485	24.61408927607165	2617.5988167616974	505.38389086687533	471.5684254632501	1713.7091771867545	13.611562074828084	5452.177520253605	735.7054561227674	469.282980144656	5751.58746324842	4.076303658284056	3817.379310579261	160.89917270362162	476.71688954602047
72.75	9100.775403674146	22.200380143280764	1120.229351276455	220.14260747090174	476.5863603905441	7548.036454814497	23.53917126517216	1908.1304269897967	372.9012037148216	475.54321809625196	6163.138520374418	24.858371357806433	2616.8213075845924	505.1744599251221	471.4591592702724	1713.7344705790842	13.612258365033837	5452.367251058118	735.4419679908775	469.1235033619326	5751.681927255753	4.080187100263299	3817.3265935247377	160.89528251535287	476.72079281988056
75.25	9100.833391163616	22.204457600665954	1120.1833099444018	220.1739861612013	476.55505181777204	7547.973678032869	23.71463686506922	1908.3159015728602	372.97631935390734	475.68679803897993	6162.6622575341435	25.39347192025261	2617.186071832951	505.29434137773904	471.4398393663424	1713.819969197184	13.617616366498346	5452.528284086271	735.1534250542504	469.3464802264537	5751.676907150282	4.086784806031434	3817.412122821758	160.8624090283187	476.77884258352225
77.75	9100.576468441537	22.21717076095977	1120.068422554815	220.15242431868714	476.47615861397145	7547.652850897491	23.677627998163047	1908.546725660319	373.0866867961178	475.664940682269	6161.729362800838	25.440032805779925	2617.696301244479	505.51799171655847	471.3119386177278	1713.8833232546212	13.621888544436306	5452.652940718306	734.8853625880084	469.25373766070584	5751.8173601323815	4.091319266745459	3817.29584153526	160.85137972142465	476.7317572890953
80.25	9100.658873673568	22.211089437444986	1120.0492157396793	220.162429221601	476.4803487988574	7547.581864147849	23.674450194826882	1908.6521739865084	373.157684267845	475.71422533572564	6160.800773435957	25.42330675655905	2618.4058352786465	505.77050404277594	471.64420886685224	1713.859030382568	13.620051799523957	5452.826119423705	734.6522498579934	469.31620510859165	5751.785617208878	4.097608162893889	3817.3578207288965	160.79079943058883	476.79251021426205
82.75	9100.673041917897	22.20079880134243	1119.9997559897965	220.19155659005014	476.57046759599973	7547.178345634938	23.70594722174403	1908.993389794454	373.28568565759133	475.91406291170483	6159.877610550504	25.405530488887397	2618.9874690157094	506.02603775994925	471.61476202716443	1713.9715471058948	13.628211616604625	5452.923482752147	734.3827651921099	469.1900596206031	5751.723805910934	4.102124507646642	3817.570663237783	160.6661505365954	476.9307560921685
85.25	9100.553224158042	22.20906912034557	1120.0115318335206	220.17641236340228	476.406472099004	7546.832092541234	23.615584089574792	1909.1492871042592	373.3585119154735	475.87806885933014	6158.832763783952	25.427798102151073	2619.56139302973	506.24879135628726	471.846326873031	1713.854815402513	13.623361493543506	5453.0883109892875	734.0993514154165	469.1759594728809	5751.445796720766	4.101981823299046	3817.9969227418037	160.4431867083905	476.8856722569981
87.75	9100.632474017928	22.214262090953316	1119.9904150442055	220.19946638022338	476.4148704032373	7546.514753110327	23.664975633711812	1909.3153696551092	373.4506588247392	475.93247103419225	6157.937954787248	25.409038781078163	2620.124095059883	506.49178359040366	471.8203437182074	1713.8073505340633	13.62478099236317	5453.1971801887985	733.8379418353517	469.26008219305675	5751.39160836542	4.105487482013933	3818.2804967457705	160.3431105906761	476.90478154068325
90.25	9100.73428045715	22.21604119052915	1120.0007330011297	220.16720114123507	476.44140638293885	7546.07577297593	23.65293426480279	1909.5186277967614	373.5014431963229	476.00187597774266	6157.096567583809	25.401964313496915	2620.7133731685767	506.71856489580796	472.06525818718393	1713.7060123271497	13.63560853923532	5453.431566634776	733.6029515656757	469.28166450176826	5751.197555843831	4.107839082752131	3818.511732048095	160.23953965093423	476.8568640048176
92.75	9100.777683419059	22.208199665608063	1119.9406911295744	220.18438556412815	476.6128084131072	7545.499194728804	23.658175564328904	1909.726905984426	373.5714447707063	476.04184407640855	6156.416765805825	25.3909018302191	2621.243768038835	506.92450887540105	472.10323743920975	1713.7102397386727	13.635106262223912	5453.622574265889	733.384963952676	469.24551175242345	5751.181198671342	4.103222866778178	3818.6960935314173	160.12831338225752	477.1114017987649
95.25	9100.667028182133	22.20232938612075	1120.0353990680057	220.2176395493652	476.72363252732697	7545.315145476696	23.64095692034721	1909.8126969157229	373.6118615345542	476.17899850044284	6155.591533724822	25.38289546283577	2621.896425649702	507.1017169351726	472.2434359692728	1713.7188376204665	13.639030954133615	5453.860886837349	733.1415017579789	469.26472012559327	5751.047105213527	4.101534260127571	3819.156457635186	159.89711016761453	477.1050945203438
97.75	9100.758657397519	22.2037235899856	1120.0856026138572	220.22026447519912	476.63236974221394	7544.977155017083	23.714087018875208	1910.0441140105008	373.72201013796763	476.0892030384641	6154.905937717817	25.361853846604987	2622.379159494553	507.31131867123923	472.27476152954404	1713.9817440752538	13.653247489644905	5453.987891532777	732.8973692850664	469.49511555522304	5750.845141525327	4.105908113734008	3819.614397625997	159.70188522605088	477.1621863379683
100.25	9100.720547007899	22.204606941365395	1120.1126898830344	220.20236646320544	476.6141227334006	7544.7642151849	23.753399964362437	1910.3426192692693	373.8186374552763	476.2151700679176	6154.166139690207	25.328280376208333	2622.9199077128887	507.5039685992959	472.45078777859857	1713.9308981709023	13.665767909600175	5454.1354913598025	732.6705909961923	469.67480599348664	5750.64216264231	4.102581916977643	3820.1421593835703	159.5026792592235	477.09298564054393
102.75	9100.729352273433	22.196436170291637	1120.2588429844038	220.23722873998852	476.73847749090373	7544.1484813398865	23.84013405554711	1910.7927524444679	374.01204597569307	476.2429326952075	6153.425721842917	25.284393011211943	2623.345540638098	507.65490509014967	472.4960997941844	1714.0565311903492	13.670828690201084	5454.356520732119	732.4412873873546	469.84295942360416	5750.8148523587015	4.10079008699844	3820.2323578460455	159.44764336425504	477.02602337177433
105.25	9100.684335738888	22.187410736254627	1120.2671928861187	220.2430040229379	476.75932827240973	7543.299130793905	23.75297541264102	1911.2305003222157	374.1699006703891	476.16317764579554	6152.827227414599	24.909587068818848	2623.747557978396	507.8264563153683	472.86933046350254	1714.0462521307877	13.669029043202993	5454.56733683692	732.2200896025731	469.9610102421002	5750.770160792738	4.101044971246446	3820.2304474037333	159.39712834820642	477.0779501936905
107.75	9100.725957979892	22.182421637819658	1120.2443005629918	220.23635820149102	476.9171665523734	7543.275219169993	23.382045784815126	1911.3512597126576	374.16371055068925	476.2730497604719	6154.012040396593	24.173175629554066	2622.545924840019	507.4473504636822	472.7271058214251	1713.9887604486396	13.661875442126657	5454.785530903544	732.0024305760292	470.1442962612416	5750.445172021759	4.0953169254300406	3821.0213180547084	158.9790710927132	477.7656110724821
110.25	9100.745695345322	22.184953141336216	1120.1976919671908	220.27656974173408	476.78051195268694	7544.308504218684	23.084277958996758	1910.5602471965194	373.9006932121298	476.18794130663116	6155.5960143183875	24.337079989486885	2621.452629736588	507.07153623268493	472.7654353794179	1714.196801430836	13.657019843058576	5455.030487016242	731.7374326105662	470.02388058716076	5749.754124638854	4.08955149126767	3822.177968480452	158.38640642552724	477.5553874277425
112.75	9100.721562785937	22.185182663376256	1120.1920535389436	220.2785772765806	476.7409575642614	7545.253010446211	23.2149036083722	1909.8492091858839	373.62875320322775	476.15857582942	6156.919453441664	24.292316284119178	2620.361182928949	506.6823528017017	472.63932741337356	1714.0681112454538	13.651601698984914	5455.271714569897	731.5035023205651	470.1061188664963	5749.454843316801	4.084352209174461	3822.844816389387	158.0020816253582	477.5893910886681
115.25	9100.86089859774	22.18544181505644	1120.2076338563409	220.29406651163973	476.77391536329424	7546.101653330926	23.25231730180985	1909.349071344135	373.43741945209774	476.00981142111067	6158.606727006668	24.28315512132876	2619.19351105669	506.2918802599477	472.60996702715005	1713.9250297123353	13.651834321361974	5455.482931478254	731.2999391493101	469.9057498250796	5749.376873135152	4.066837620201953	3823.331399436558	157.73878157984814	477.4558903928321
117.75	9100.905566776792	22.186933108726848	1120.1964909675805	220.27241691281242	476.78105513588804	7546.855932224608	23.28979629311346	1908.7602552308103	373.2917486514886	475.8657898202879	6160.2154285829265	24.290922148296403	2618.0115606103946	505.93033323939324	472.26953499622624	1713.796937132469	13.653972502916687	5455.723824713394	731.0238280014823	469.8046645090149	5749.25037844627	4.0560243869995745	3823.49649868731	157.6307912197252	477.4806881925726
120.25	9100.819385016988	22.185795734099774	1120.2554680876847	220.27213777584882	476.6927272772409	7547.430710243755	23.36192558164946	1908.2539879946992	373.1691065044346	475.9030366922896	6161.81967500812	24.441888854484375	2616.9616528576075	505.53689913482566	472.1447918058009	1713.7556449979147	13.654012501646207	5455.973899061737	730.8076102575119	469.9070692964362	5749.233879887033	4.0494470513368155	3823.7215296961776	157.51842671562332	477.5017962147305
122.75	9100.64217447115	22.197943892765455	1120.167392416145	220.26073026306076	476.5566729755477	7547.644942961456	23.479179635372162	1908.094793261506	373.1043886898184	475.9052464226698	6162.318636059007	24.78398387234984	2616.5416413454504	505.3658052951622	472.1738920049475	1713.6406785998429	13.65646632289717	5456.074897641569	730.5738979090564	469.8523606902891	5749.066925972148	4.049704675524219	3823.923489271647	157.44468211895426	477.61031607451844
125.25	9100.52510532401	22.190107258190704	1120.1527826382255	220.26100424407076	476.7135789349543	7547.823806283102	23.51304965448582	1908.00560317459	373.1079634101555	475.9784936120934	6162.720410720131	24.80938890141755	2616.346632214791	505.2908532207897	472.20587411649063	1713.7582113317123	13.650541833096746	5456.339851667701	730.3173180142721	469.9050379843778	5748.588881644118	4.049591024407924	3824.494005396148	157.18288619604388	477.7658918261906
127.75	9100.484417568177	22.18807380173469	1120.0499769553464	220.20024817584329	476.788879303552	7547.602477745197	23.527181181099525	1907.9986218077536	373.1365415593593	476.1335160279199	6163.145668821331	24.94832624273736	2616.1698732477635	505.19258337380626	472.15286143765195	1713.8614476244609	13.650709326363222	5456.491061420239	730.0686527463641	469.9933399491628	5748.288356642093	4.044971454550984	3825.1079602397485	156.8421138319884	477.8854591355481
130.25	9100.681321344033	22.183972916204816	1120.0967127620042	220.16317074552146	476.82106727140615	7547.664305272917	23.4835871213213	1907.960162277171	373.081521015463	476.1793694739077	6162.955498938123	25.14117173907984	2616.4037852601355	505.2615896604409	472.02811385458534	1714.2129931975671	13.64335047801494	5456.662903292639	729.824660246745	470.0327372457089	5748.199136608441	4.049642784410516	3825.583527477285	156.58917156415134	477.76506662068675
132.75	9100.817152372476	22.187066443822317	1120.1832344240242	220.113883119369	476.7443336374931	7547.5406466637705	23.53015319519264	1907.9299202399625	373.0838576853731	476.34521144069913	6162.54599852238	25.145135415509618	2616.7159124318573	505.3864297976806	472.03498648267396	1714.1673918126628	13.645295434839085	5456.69415946895	729.5684561651967	469.8273096876898	5748.200756533738	4.046958243778658	3825.6978090304056	156.510553364436	477.7688965007397
135.25	9100.981170414361	22.185146528215476	1120.1536152424858	220.10730842815897	476.8649116607569	7547.557398361082	23.49240481588326	1907.9465797492342	373.07908414118685	476.4588051228924	6162.273644456401	25.156232127352418	2616.950079812586	505.5397240845432	472.01026939297407	1714.1780223073854	13.647536683959126	5456.84743387161	729.3518181268191	469.98251958012924	5748.142852811017	4.039859202427439	3826.054611132799	156.3447085767993	477.8786949875362
137.75	9101.02557700116	22.1813324253125	1120.0975202052086	220.07273483648677	476.8521952680962	7547.51102527862	23.45679897395939	1907.8443714440846	373.0369074865693	476.63561587261484	6161.67314239547	25.16233897216748	2617.1608160652545	505.69767012345307	471.94655020180994	1714.2305980881229	13.650115279634226	5456.980535348981	729.1272648915425	469.89265172378254	5748.069988643407	4.038119825063198	3826.489406104224	156.1379388858215	477.83979835023524
140.25	9100.899156208941	22.175691208439922	1120.0426894347702	220.0625063259853	476.97076017985637	7547.692401874319	23.527021223405143	1907.8140565212932	373.0064095043941	476.38691766820307	6161.240192903497	25.13405708246482	2617.4127050838747	505.80416228424906	472.2575827146692	1714.4275202146932	13.649423343985676	5457.156727578888	728.8625810169136	469.7584214562207	5748.087583589967	4.039739798185249	3826.7498440632066	155.98109316736753	477.8631104047008
142.75	9100.984022092121	22.1731505810789	1119.9459500464984	220.0790702405402	476.9711134467735	7547.388967868189	23.646130001151185	1907.9937843309285	373.0692572799408	476.33513346715336	6160.9151749610555	25.114035976835034	2617.6310044714037	505.9392534118956	472.47826436836584	1714.6682423181098	13.655196070919622	5457.292703802271	728.639355937325	469.870645980372	5747.928958940158	4.037411056203309	3827.0628688846136	155.81022390373684	477.9154271178436
145.25	9100.9258637052	22.177507067968445	1119.9411740968874	220.08430083198087	476.8907818799372	7547.162222392534	23.5437275789973	1908.236531093662	373.16197264754175	476.5407048140838	6160.463994021472	25.12897196462099	2617.8382223791077	506.0135004861784	472.53657750178456	1714.7760248764318	13.651345528088106	5457.43574357159	728.4287931325335	469.8167060450705	5747.787347912422	4.03484547256444	3827.3245469882913	155.65187063050652	477.8613178222953
147.75	9100.964697722808	22.16812645258605	1119.985553552385	220.1080821830346	477.0360855721595	7547.3879109059	23.44381019624471	1908.1710885175546	373.1477724853024	476.55897309886365	6160.16248807565	25.15626311687774	2618.112242290182	506.12940532826036	472.5345947610779	1714.7993169505626	13.657694113885	5457.6007753441445	728.2200012451361	469.84312765558514	5747.842470319084	4.03437985152298	3827.370341276674	155.62410025352978	477.90109568208237
150.25	9101.040958435087	22.163827774118804	1119.9915780469548	220.11134681496267	477.0649540722125	7547.352570014064	23.445027361928638	1908.1820083981147	373.17187771336296	476.8493440813426	6159.851721266084	25.155867139348743	2618.4191227174106	506.2518929711893	472.4803828816041	1714.8248608631807	13.664427296462136	5457.824287453579	728.0384373951207	470.1103951856628	5748.084857730471	4.0321338972837815	3827.158503169187	155.71730672726775	477.63500256241474
152.75	9101.08301560426	22.156885135283357	1119.967175994264	220.11669728392724	477.1868971252994	7547.757657571773	23.390043159121497	1907.8979433845686	373.10774430023395	476.88692645773364	6159.559154515584	25.172535598071452	2618.7325439164956	506.39143703930085	472.5426738273079	1714.7611837498007	13.658822632356978	5457.938953521613	727.8169208534863	470.0510238259184	5748.096757740013	4.038426040252399	3826.723231904779	155.90712455824095	477.6379767663715
155.25	9101.070848356867	22.146900545631375	1119.9440631189896	220.12393711214057	477.2067737934488	7547.633738894223	23.489078864437744	1907.9113939580566	373.08018757546864	477.0006554391541	6159.18287821726	25.182941245651925	2618.9782043338455	506.53141544334113	472.50826848184346	1714.806982556366	13.66480321248689	5458.064593736835	727.6595561523843	470.2551572482066	5748.358366154478	4.041896337487574	3826.398349646957	156.0545627508137	477.6212385656066
157.75	9101.063004777197	22.144985483223554	1119.9123504575196	220.1095896731706	477.38365512353806	7547.703156834601	23.41299163018442	1907.824894435305	373.03776031973143	476.88254168736756	6158.858890630903	25.176569675176637	2619.2668921003897	506.63495053036087	472.73355692180786	1714.720433543151	13.665034461345076	5458.212532225608	727.4624081918971	470.0412240967152	5748.750982597859	4.041843275532057	3826.1113487890257	156.20379234833268	477.66109876612876
160.25	9101.0625913227	22.13524280114285	1119.9175815789724	220.12769688075437	477.5434347987069	7547.758716486932	23.447722098944688	1907.8331744016748	373.0622444266143	477.0451262384142	6158.610051066677	25.14945822196199	2619.5905942698514	506.766039791074	472.9443005858155	1714.7805103879236	13.66876208392082	5458.361309251817	727.308503293798	470.03410090414815	5748.631388593419	4.039689233681749	3826.2208393017186	156.14900625330054	477.6538118927165
162.75	9101.006527893853	22.11915349614486	1119.930050163877	220.13769927183728	477.73636599392256	7548.080210744084	23.289026402065932	1907.7721480033554	373.02791683987783	477.10290405410075	6158.09251101456	25.133427288178915	2619.840221047801	506.8788982689638	473.0986720663192	1714.8318026775485	13.677603848724834	5458.589002149667	727.1438025255708	470.1554542212614	5748.664903059717	4.039118755220142	3826.2367671808283	156.16966374545206	477.71067516184814
165.25	9101.097323446415	22.11722238588757	1119.8823714990208	220.14449611956826	477.67349942740566	7548.67866225944	23.19031490729435	1907.3254504111542	372.867750762161	476.9969481180789	6157.832871394025	24.96829495450217	2620.0760717371772	507.00860762507887	473.3511916385824	1714.8912151534958	13.680779840634477	5458.758318435067	726.9561163251069	470.28446736689847	5748.794029092277	4.038292041686302	3826.2125104116108	156.17285945443166	477.8160498708737
167.75	9101.097218511464	22.12233446974843	1119.865487126183	220.11822331128838	477.61958266187673	7549.030183224884	23.174990726280818	1907.109296874012	372.77926962495036	477.0781515275961	6158.462909965463	24.58186252480684	2619.7536545133844	506.88977324403777	473.48555826643513	1714.7454954120026	13.674894815228472	5458.912900773905	726.7545306792055	470.30292583237235	5748.803477039555	4.033815948819274	3826.3728188138916	156.04665514898645	477.82029677730634
170.25	9101.112170432863	22.11684970520378	1119.8625643559517	220.12345887882316	477.68785942110003	7550.172537697166	23.313879196543457	1906.1791535793682	372.44508540969093	476.7730290494071	6159.445126696767	24.54882321484046	2618.9424185533408	506.5972330655239	473.36721081399094	1714.845320455158	13.67571046329769	5459.048478442435	726.5460702626397	470.2209426258581	5748.781282863906	4.022521102208581	3826.5621417878388	155.9543829773173	477.9136952305612
172.75	9100.953125549488	22.11448864864952	1119.8940638040228	220.12200394011023	477.63115106184074	7549.097936795212	23.873599100451685	1907.153205198521	372.79971286502706	477.1375925988053	6159.753013339516	24.89852254858345	2618.635413162831	506.47950174593484	473.1337322303732	1714.754932293246	13.67529543960543	5459.198385729466	726.3657270189989	470.25209993228526	5748.536620836835	4.025321714437644	3826.7619402148393	155.83293465914252	477.7532483532548
175.25	9100.927612941397	22.12168033350259	1119.915773160325	220.1104974877129	477.60120459474274	7549.2670494746035	23.2666554940905	1907.0748618836965	372.7359641629324	477.10541868043657	6160.053683558778	24.94497692012205	2618.476784360587	506.41842920759564	473.10664646687866	1714.846047718055	13.67367759679773	5459.322732265432	726.1303261761476	470.2960322479256	5748.587940744938	4.021329979142432	3826.591203859802	155.90127802651068	477.7551713922254
177.75	9101.089707623149	22.12892934318493	1119.9924686810434	220.09492823518195	477.5069278175929	7549.211715142642	23.59009969087615	1907.1639945499267	372.77056474161964	476.91910852000467	6159.78971953208	25.094712036579597	2618.572707808577	506.4529340809311	473.06080340026233	1714.6674722453852	13.667365017926745	5459.472805865038	725.8748029636791	470.10351487156504	5748.65366925841	4.027012374699255	3826.496399506721	155.98292667840985	477.7542854083334
180.25	9101.194737304482	22.132441129852637	1119.9670102953357	220.10392967457872	477.4003280398467	7548.628767280156	23.55084058827778	1907.6403949466742	372.91015300585894	477.03976345710316	6159.331298874838	25.107541355759768	2618.8517346760727	506.56805474629357	473.11308317861784	1714.7238908008385	13.664327999434601	5459.657327659789	725.666398623737	470.01876388591444	5748.5065451492355	4.032241302489811	3826.660772283089	155.91605237990993	477.88512785149453
182.75	9101.224185575575	22.146307529028487	1119.9880842949092	220.110165348609	477.2847555141772	7548.771835209177	23.34756439206557	1907.494943217512	372.8692158656219	476.9215102854158	6159.127976169126	25.09247916049019	2619.0922746575097	506.6908155309208	473.0987936008684	1714.7145290508847	13.664859708425546	5459.8273200992935	725.4615659090085	470.1727985192527	5748.395165662534	4.037480599987084	3826.8687810487177	155.78966031226383	477.76496747149986
185.25	9101.007665997364	22.15776908833758	1119.9818668237194	220.07016315879576	477.1071873414318	7548.519225490169	23.45872954439374	1907.5238578118704	372.9322928741413	477.00731175832334	6158.546091623597	25.051772670946395	2619.295134025979	506.79127118305377	473.33041728498506	1714.732301042199	13.663308944055924	5459.992363217335	725.2470640981925	470.2412135057019	5748.308320898867	4.037245878427594	3826.9097724928047	155.73152366261007	477.9376092962344
187.75	9100.953422058372	22.167108562682827	1120.0772739776394	220.059106259337	477.0900161737037	7548.724060134661	23.425561831312134	1907.3770085654944	372.8598564094761	476.9430362947683	6158.659705725994	24.809207607064195	2619.2709770636206	506.7227882972361	473.34598192033263	1714.6780450737492	13.663680028453092	5460.118265318388	725.0481754462149	470.37548522465204	5747.95746264719	4.043876397274978	3827.297639639827	155.5488404242429	478.10704364207896
190.25	9100.930982532012	22.17144257080517	1120.0386843740132	220.06791769513018	476.9528866317707	7548.413226484133	23.720260238844013	1907.7203850524795	372.9760909749165	476.7764825217171	6158.957050353503	24.729219870729963	2618.97375676791	506.59952242311795	473.05630108042004	1714.7609741789022	13.661531120234534	5460.289800553844	724.8610089725835	470.4025745353714	5747.81227281221	4.039679097373607	3827.8446971632875	155.24187231583363	478.1666339529172
192.75	9100.802308809461	22.1746081085064	1120.0213871249714	220.10623616971412	476.90857349688935	7547.851677264874	23.688056260422876	1908.2335391730458	373.13864979454956	476.76865537048644	6159.446807011474	24.735118826126826	2618.605236423927	506.4989185767912	473.1295900211796	1714.8550886823123	13.6652585823338	5460.440440281184	724.6740054138248	470.3639328182838	5747.658229115619	4.036371332170976	3828.275827883596	155.02915405035498	478.198611418205
195.25	9100.759212960167	22.182249668740617	1120.041529495996	220.12199468758504	476.87843568645286	7547.557483017469	23.523800632899317	1908.4750708438366	373.2472508388133	476.9166872172492	6160.0532629546915	24.76833263040911	2618.350948537345	506.394743233842	473.05656401157717	1714.8053158568448	13.657268605524377	5460.61373243437	724.5157893790571	470.2913089190044	5747.235354508841	4.029298798411411	3828.781595896111	154.80627778538548	478.26196137962603
197.75	9100.796536252	22.17984797503216	1120.0742982639006	220.10171996575806	476.92083436126006	7547.657064899022	23.36926888388166	1908.378701749041	373.1922412765873	476.84257814530355	6160.443479845802	24.81077347254302	2618.1045074037247	506.33407790952725	473.11960637828554	1714.7875482169775	13.656096206959191	5460.77514551528	724.3131689526683	470.18884807525717	5747.006972100218	4.022728235655133	3829.01777886513	154.64929363700466	478.1740440337932
200.25	9100.879988452964	22.18715112862066	1120.1257237129678	220.11042205539928	476.81572796076404	7547.828645365314	23.40166177617554	1908.2640661124653	373.1350638239187	476.96019157343864	6160.71851568851	24.79571959633267	2617.869085359051	506.28094315925534	473.2573720904233	1714.7633451449738	13.662891839874368	5460.959301477876	724.1129596568425	470.2955704437306	5746.829276691974	4.02424485231448	3829.4510133227163	154.4006355072658	478.43998300330884
202.75	9100.830119795492	22.183295456817632	1120.1258982953455	220.0783219719375	476.7572053417026	7548.1232738209255	23.407905844665322	1908.1186041164863	373.09136056333153	477.0041088854073	6161.9680150733775	24.02729796426452	2616.8253603467942	505.93777968282774	473.22767663715007	1714.7224696776557	13.655837678917603	5461.106843300598	723.9061331151605	470.4763199496312	5746.569054072394	4.019443385201464	3830.03206806173	154.12609594315987	478.3598702528676
205.25	9100.94833946001	22.1668892243375	1120.1859589638054	220.05726500869162	477.0515671575748	7548.07297229587	23.26935302979965	1908.1572668166964	373.1049647100978	477.2035800304398	6163.9043797989925	24.01648604387119	2615.3894828050707	505.4404813678043	472.9564283510866	1714.6948481325842	13.655401587301837	5461.2540674061165	723.6919330433262	470.30851751771695	5746.6406946272555	4.001195067768328	3830.202402460175	154.02712958408185	478.3365665218222
207.75	9100.925307630987	22.15890445944954	1120.1428220622113	220.07452244686812	476.99994918411886	7549.254447763164	23.27800342869579	1907.3912270940245	372.7839718191992	477.06009997017054	6165.854162704925	24.020464525376447	2613.947545765504	504.93928339371985	472.91818251507254	1714.8137227829743	13.650836625921768	5461.377300799319	723.4760233632778	470.23533037122576	5746.3637191858215	3.9914159175888777	3830.393855520303	153.90356560445724	478.36815409590076
210.25	9101.16371600762	22.169108082008183	1120.1271444008619	220.04129525321028	477.00583914438835	7548.030173444459	24.206551468079653	1908.3543528968082	373.1307773027679	477.2168290475131	6167.931597047567	24.043877920431353	2612.6062930680373	504.41027915711305	472.6503910288202	1715.0463602851803	13.641322999922977	5461.426437919024	723.2855242523688	470.3911281879066	5746.032730541187	3.9872986053621005	3830.744115574141	153.71699618806292	478.3416094302605
212.75	9101.188922614618	22.16071113402867	1120.1076768427868	220.03359541043224	477.0253770791753	7546.060157612178	24.236694684249134	1909.7271813983157	373.6322814080409	477.15321104798363	6169.772628687859	24.04792978592712	2611.323080530863	503.9913881250292	472.76220184992	1715.2438476060577	13.641309484248419	5461.520231240071	723.0669407682445	470.6103347394476	5746.14405369752	3.9793943215047465	3830.598734673341	153.8238692648357	477.9762519408982
215.25	9101.18361369794	22.162544800579685	1120.0670355500904	220.01052929173716	477.0270491749554	7543.9528145009	24.24053233998144	1911.0548374156629	374.12311513202496	477.1866573988971	6171.344734384301	24.041628098995837	2610.1534885705532	503.64015628214867	472.7610691631771	1715.2985055735846	13.63736138523454	5461.524562602476	722.8492536453188	470.652937024839	5746.557487583156	3.97312087580024	3829.9067275475	154.1112751092436	477.8958271351022
217.75	9101.244652852627	22.170555261836554	1119.9904825818976	219.91773141264488	477.04369881986014	7542.121631107777	24.099329289456	1912.4042816547412	374.60384314577186	477.3531981315768	6172.97310960251	24.04750968082278	2608.9930164692655	503.3162364272884	472.6818825114058	1715.4159403608542	13.631798301476943	5461.48301954488	722.6139856034962	470.66056527992254	5746.618487594225	3.9717718407694123	3830.0126538975514	154.06194233793465	478.5731725534621
220.25	9101.365627742729	22.164264422780093	1119.9669466734222	219.91194830471187	476.981345972035	7541.234109383024	23.82961796158386	1913.0183386270412	374.8421757826758	477.3350792001884	6174.344989864399	24.03282176783015	2607.951540207889	502.97741447636935	472.824944117291	1715.5774646925126	13.626831359007465	5461.475334187096	722.3816523456466	470.88368327751664	5746.282008487516	3.972328359733748	3830.703540259617	153.72371580704583	478.4840519963798
222.75	9101.389706335774	22.154023766363352	1119.962402318621	219.87676031664716	477.20305298893044	7540.551646426866	23.836097999271725	1913.479557398519	375.01579536825676	477.215607089192	6175.651136350613	24.011549419487903	2607.05772199742	502.6593146744145	472.99223902336405	1715.7743063551363	13.618949376429546	5461.564751413944	722.1263142437734	470.8733901573256	5746.176956594785	3.9657378476877816	3830.6658464092875	153.72826713932884	478.00624407762655
225.25	9101.377440500875	22.155063577776815	1119.9151027170221	219.90160196435244	477.1260749232497	7539.995553166645	23.839739654728675	1914.0511808475476	375.211349067363	477.1510668723297	6176.911488121279	24.00663885018516	2606.185638857294	502.3686585716502	473.00034419787124	1716.036224846127	13.622356298134042	5461.490727778044	721.8885027125212	470.9880920725591	5746.56720420577	3.9591770347352515	3830.311619272847	153.91544182022085	478.0430488297728
227.75	9101.417651647938	22.16169966829865	1119.8198989429407	219.87297179766222	476.975343176378	7539.4431791850675	23.489648707522395	1914.538874919938	375.3685756984986	476.8313264473857	6178.162900402829	24.00884024386755	2605.326092775414	502.1154880084854	473.01884168490596	1716.2339753323893	13.616598455152058	5461.453194487381	721.6612564573217	470.94898980831914	5746.876064428887	3.953491183210547	3830.1084366027944	153.97719883217388	478.2185519476852
230.25	9101.332044340756	22.16645869447313	1119.7217081087053	219.90804597891497	476.9952146439208	7541.298068103866	22.69142650831384	1913.3746051198282	374.92422307232556	476.78617402919525	6179.242579563733	23.99992277330009	2604.4580680560125	501.84580859783375	472.8855669481586	1716.5247174186425	13.60641672447796	5461.434286502081	721.4482680345839	470.93569596679896	5746.812064658974	3.948720960762023	3830.070817926462	153.89411045904527	478.39141375927835
232.75	9101.547855784327	22.160323798278	1119.6724541263036	219.89911715978351	477.03316922931936	7543.537617824464	22.695841103813216	1911.8271264283737	374.32596089323926	476.30087141802346	6180.343385650065	24.014684891366407	2603.5803547740816	501.545892585851	472.6751826482317	1716.868010637826	13.601662569738933	5461.424991993945	721.206879913957	471.0042726398487	5746.68046175205	3.9468472075568974	3830.2722307151566	153.80247710617186	478.3674854613858
235.25	9101.618689706862	22.160910900741523	1119.543274258345	219.88712694636854	477.0592484892824	7545.640134637429	22.705501695197857	1910.2917005988977	373.7900779058666	476.15746628568667	6181.5102971610695	23.991615250764674	2602.8075156575633	501.25413215179947	473.0646235203485	1717.2585947480118	13.599773082931753	5461.477792596492	720.985838841423	470.74609242072273	5746.318918236312	3.942390856150163	3830.608790280434	153.6015605192057	478.3164375950231
237.75	9101.703146240052	22.152570598273122	1119.494824234045	219.8831612957893	477.2146626787641	7547.5752885380625	23.215291800904055	1908.7033446910107	373.26523753924045	476.12249255654905	6182.766747734193	23.960168534557223	2601.918564387109	500.959896176943	473.4722357079747	1717.4610015156263	13.597368397563153	5461.433149377714	720.7997926926365	470.826469645527	5746.429311649171	3.940228499285566	3830.6303767758277	153.55973165535605	478.3456434453843
240.25	9101.836061603912	22.139847461065997	1119.4490333528279	219.87132419452325	477.274027916639	7546.36474598589	24.02270098131807	1909.433343135661	373.58486483054844	476.36355601882934	6183.914011126426	23.97001040178209	2600.9976571867387	500.6663436705282	473.31475926951464	1717.7735286777204	13.589072192600801	5461.4784530178695	720.5843976804316	470.91260496092366	5746.373432684537	3.9444767241342795	3830.7141458060564	153.47233190738675	478.3671097030027
242.75	9101.774368038632	22.149439718742226	1119.333891451845	219.85866956921126	477.2039312557607	7546.231110066087	23.448641409450314	1909.588083831718	373.6649797392732	476.5694879754348	6185.003288423417	23.954345448183314	2600.1534532523547	500.4248131910668	473.5006475156658	1718.0298132940145	13.576966279145529	5461.470697486242	720.3547218609318	471.013396317084	5746.3224203545815	3.9411251234293125	3830.734432236447	153.41174742088637	478.337018328759
245.25	9101.828297071892	22.139848366999303	1119.4184544046093	219.83327432468332	477.3110070588537	7546.318509141118	23.22465256245477	1909.4037519334636	373.6104151849733	476.6003062640364	6186.167719961273	23.967636014761865	2599.427774464026	500.1869360480918	473.20282083711584	1718.2477287328713	13.576400258295196	5461.362944186048	720.1427442174845	470.9747991507628	5746.391652403194	3.932582169394086	3830.650389011618	153.46354291318	478.2281498499334
247.75	9101.953406727936	22.145583989116357	1119.3273398820756	219.84057570004353	477.2130497414812	7547.6032720791645	22.764855327422744	1908.4171945473126	373.2341819173593	476.5526529602759	6187.119570079396	23.95465319080916	2598.622696512945	499.9607778014704	473.341694759252	1718.4174702542552	13.576854001353142	5461.244825187111	719.9012880184492	471.0357184927291	5746.5540589238535	3.9303164490177034	3830.432517599733	153.54428982281615	478.27069119378035
250.25	9102.049165934175	22.151927441066185	1119.2612213266789	219.8638487326705	477.1253220478134	7549.327969693541	23.040806166617084	1907.0708744465144	372.7647946569444	476.3574184047315	6188.069268517083	23.94301426420764	2597.7945892031676	499.6964915961198	473.4853897126076	1718.7287127272682	13.573401743904236	5461.159842979063	719.6284113051635	470.8614209281642	5746.560770487773	3.930990096625077	3830.385409830493	153.51840196924277	478.4633881004785
252.75	9102.055912960543	22.15614964004697	1119.2224279893392	219.8707058851207	477.1376849408527	7549.6707628541035	23.58020209702001	1906.99835891588	372.78302771253357	476.5477831119793	6189.0527467667725	23.951744016232585	2596.9786839147537	499.4418354860837	473.4264167002871	1719.0433149186356	13.566558199919076	5460.999827873378	719.414715159937	470.93260057735034	5746.408940655678	3.931034820512113	3830.625281418998	153.36899806821242	478.5129600827621
255.25	9102.266702239689	22.1559139632603	1119.1742229275785	219.85091295342238	477.06434203967217	7549.564962050204	23.57968299418265	1907.1476875955589	372.8388860283338	476.7791465587382	6190.237274761633	23.937483490344675	2596.268538711388	499.19524898882327	473.6767990453855	1719.275669381294	13.570751096865013	5460.826644169841	719.15341943865	470.6229997432034	5746.598510319148	3.9335651695672684	3830.3075345532866	153.46419772918745	477.98403726934777
257.75	9102.260442382363	22.151646485790163	1119.0212931675912	219.86758140727315	477.066072292486	7549.386920600677	23.56767929434504	1907.3928094689784	372.9132972860633	476.94246213431825	6191.022869937687	23.956753662251515	2595.4914287102706	498.9563342303372	473.3128799477082	1719.6007181956543	13.565200767308967	5460.746671921185	718.9398463593191	470.6029993466155	5747.04831305568	3.934482240926881	3829.87784591119	153.64319765471157	478.2570118602777
260.25	9102.312181629073	22.15299000032077	1118.960159279825	219.82943111495385	477.1880904248441	7549.218080362866	23.562482198043824	1907.5167449625096	372.9692566690374	476.99915104033096	6192.152231573719	23.95044154250613	2594.8546611200445	498.73547538282855	473.44176177017255	1719.571055235864	13.55442161551189	5460.6180237673125	718.7365828740612	470.62250932917334	5746.869100572502	3.9254296752720106	3830.2307194238506	153.44667042894645	478.55223729386097
262.75	9102.497119195492	22.137285077990153	1118.9764552636575	219.76962899955865	477.3511798112176	7548.988047695631	23.560277827994494	1907.6874650343798	373.0427538324379	476.8841452558801	6192.857350467885	23.96458513767835	2594.1719279727004	498.5089588567682	473.28356150467874	1720.0149722596784	13.550067528592669	5460.4661436614715	718.514864534027	470.53878178376345	5747.024002941341	3.9239593645421196	3830.6602529093034	153.1987447028154	478.5805059940433
265.25	9102.567924453087	22.132861925652374	1118.8875058597237	219.7930463617446	477.3717736477217	7548.707582414521	23.555627216007256	1907.862584843846	373.08112216691603	476.9396924185122	6193.587026860229	23.960808462876756	2593.4576322842436	498.2700400770605	473.1762645745499	1720.4353566136056	13.55062962301575	5460.346390126788	718.313058924951	470.61900269279107	5746.980535359502	3.922242240475296	3830.7926030233907	153.08902944190848	478.3825513070555
267.75	9102.599325564988	22.125784746141715	1118.9482531346046	219.79714979424722	477.5234195157313	7548.405509672003	23.75323472093283	1908.038166943302	373.120863738025	477.1177657975523	6194.314470178888	23.955376470097082	2592.8928584256964	498.1042665792591	473.37624534817894	1720.7141867683843	13.54842738725927	5460.196745387842	718.0865722181729	470.727678005959	5747.139697049731	3.926425179013152	3830.5339199260843	153.1701662552292	478.1707392818621
270.25	9102.556719568081	22.13054671999333	1118.9080471564635	219.81595931899577	477.4637065427431	7546.911404090977	24.177071174213317	1909.0783623098039	373.52515674415037	477.26625301973996	6195.010664798121	23.933534763067453	2592.2658529564924	497.9570969905927	473.58565227112274	1721.011692566657	13.547664739721215	5460.072662554839	717.8543038474769	470.7259849713476	5747.435926858627	3.92842356958707	3829.9396509044764	153.3816894828121	478.15469311761086
272.75	9102.832243713267	22.127679850752134	1118.819385173698	219.75842813052753	477.3885075915175	7545.081449304638	24.006788661461677	1910.2444490883918	373.9888341383779	477.57776578591796	6195.830354034625	23.95631621863508	2591.7337347626412	497.8624176701506	473.36486396876586	1721.1641159736896	13.544160668779512	5460.0100995446	717.6358783527633	470.5716184989531	5747.548476563813	3.9247456783725143	3830.1242300169774	153.29013505350898	478.67560592774555
275.25	9102.963745480512	22.135564825788162	1118.6880470849712	219.74118390563052	477.3171678442297	7544.304563600174	23.672929223803525	1910.7177259533544	374.1249287037136	477.4778431253696	6196.411071372065	23.927329285451783	2591.2568235109416	497.76447302367905	473.6899361913244	1721.5232109325825	13.54031915977462	5459.8867209277105	717.4113048169511	470.56318028430235	5747.275750784712	3.9130595382219386	3830.7815808115893	152.94416421723753	478.7082010946181
277.75	9103.267089060697	22.15107426725826	1118.5761633803136	219.74438053296765	477.1544284070631	7543.900058270362	23.661863091970226	1910.9774618598858	374.2382965802127	477.4985808333478	6197.076982176624	23.94265269601472	2590.790730703381	497.6347946140947	473.4804458645735	1721.8333823263226	13.532491166532472	5459.730106790659	717.1837781294176	470.59302869847915	5747.148963825118	3.905848052627201	3830.815044596502	152.83445416223495	478.3412407122652
280.25	9103.508691431744	22.148413572288963	1118.5346482627722	219.73988394629154	477.20064851041997	7543.415105648715	23.672093288111768	1911.2491646130316	374.3645668044615	477.2901309872089	6197.691650409541	23.919719743156318	2590.3458511490326	497.547343794802	473.7684210923293	1722.013716274913	13.530493483744852	5459.576608941352	716.9482903772497	470.5301284972534	5747.403939759926	3.907758403298883	3830.6778220557962	152.8185466400889	478.4933796567514
282.75	9103.52603370262	22.146667135729505	1118.4250714172952	219.71767420436646	477.1648466850516	7543.136017878895	23.68026686006691	1911.4918153352055	374.4530763969246	477.2532298775308	6198.191445322901	23.93720967165671	2589.930959302733	497.4464580215701	473.41570961887413	1722.5102726590926	13.522755292522774	5459.46086919647	716.6697321301715	470.5897184407132	5747.491576506444	3.902116865277001	3830.705674364346	152.73578277129974	478.5362457338318
285.25	9103.54206541639	22.142694407418603	1118.3723636802536	219.7224850731474	477.29881614574816	7542.922438186753	23.68247410229314	1911.8238750231828	374.5135668071678	477.26775027417267	6198.6724312966	23.93840068162031	2589.6331847575907	497.37665841471113	473.4299940509396	1722.8838586218972	13.521028427762198	5459.438050916207	716.434205407533	470.5658748244171	5747.476823654457	3.898085534428431	3830.9001804413597	152.60641669721394	478.62510491011767
287.75	9103.571485196946	22.152634309241225	1118.2799430491546	219.7211935164672	477.13698675011443	7542.504637856726	23.67250438142836	1912.1196118846458	374.6126879355347	477.3894749795827	6198.9944587797	23.958253072690564	2589.207415226411	497.297379763591	473.24273275213534	1723.202171610514	13.518025273868824	5459.235647724825	716.2151823912856	470.71724730472494	5747.733786674862	3.9057547812012987	3830.5905561276036	152.71633888343547	478.19806278001084
290.25	9103.667647212907	22.149742137475258	1118.3202724286855	219.6854623083832	477.1251225091155	7542.219246200487	23.69166463371715	1912.415554323239	374.6630249367467	477.1815948332879	6199.555555723511	23.945911548245014	2588.9326290722324	497.2230894643387	473.40131481096006	1723.399247688404	13.515894024183263	5459.091604017342	715.9889202253635	470.6755950171838	5748.039405314785	3.9117150212735146	3830.18112227329	152.90501784451223	478.37613820982534
292.75	9103.738155353038	22.159022591390674	1118.3062042642423	219.68848115508607	477.0432066740498	7541.80956530229	23.693021267791423	1912.5805834519406	374.7399687847395	477.19162104867456	6199.799232686381	23.934563430272938	2588.6132123001476	497.1389624727295	473.55055593095454	1723.9995574729967	13.510264680903871	5458.985887318736	715.7380173668352	470.51645049282774	5748.039681528136	3.911508106583592	3830.1807675749574	152.88261491737495	478.38699947124616
295.25	9104.00068152065	22.16152016074979	1118.197130832632	219.68706631379925	476.95420969341376	7541.515416837344	23.69539819027116	1912.8339506042446	374.8527301734376	477.1128409008049	6200.149147014683	23.956113316064055	2588.311729554336	497.0571852877372	473.26322568836906	1724.1986390347986	13.50521453527397	5458.802454136812	715.5279614166797	470.6226536113063	5748.087686170873	3.9076815452742526	3830.00740157604	152.95366675760596	478.4184781783481
297.75	9103.944992458051	22.163628327435976	1118.1887995052386	219.66565175561345	476.96593276359863	7541.191711115605	23.69498316956778	1913.1391843930608	374.9011222291074	477.12345278424107	6200.168586483678	23.942948089072857	2588.0017492879447	497.04596626348535	473.54948318549975	1724.6932101333844	13.503761601938894	5458.602820151602	715.2935748680951	470.71033317781394	5748.292642636298	3.9089738454186658	3830.0573913123726	152.899811081279	478.5524058274471
300.25	9104.022078645557	22.155639838259304	1118.1355471832744	219.66142376565006	477.06000693631995	7540.895871599814	23.703694269388567	1913.3459820031455	374.971965701334	477.0538947073892	6200.270685526164	23.913298888775447	2587.813132756544	497.0292206616684	473.85569909380496	1725.0922580745284	13.497529353288263	5458.4235342455395	715.132148484832	470.55094887524007	5748.35248985158	3.907295382620678	3830.274760997133	152.75016958560838	478.59475851538247
302.75	9104.177917919531	22.162229856874376	1118.1140652800286	219.64782772737448	476.98880106698607	7540.8229344032825	23.696488600023265	1913.5151191237787	375.008962531311	477.0759303796149	6200.636351459869	23.919681886796035	2587.6621877334273	496.9719263230941	473.61824957608434	1725.6866146126608	13.501049477447818	5458.291896603309	714.9444101637945	470.3686225358381	5748.10444970354	3.9076291009674686	3830.58229219465	152.57261471086332	478.64511017826794
305.25	9104.288941101982	22.165291660163433	1118.0292857847585	219.62631219286777	476.9392882926435	7540.570020533451	23.69351507044125	1913.7207923806463	375.0891754739196	477.17193823771515	6200.844703291597	23.947162254115117	2587.497847688173	496.89910543091634	473.2880207633191	1726.2458207941193	13.498726263507578	5458.158565853121	714.7021757802069	470.43918209808066	5748.356207435422	3.910880853627455	3830.506751038126	152.53042030571055	478.4590022260947
307.75	9104.479405145315	22.163365312027047	1118.0511580885625	219.63446619425864	477.04472919396466	7540.306056188625	23.703729560025227	1913.8601055350202	375.0975923795937	476.99049061952314	6201.005352103284	23.927874890062665	2587.2740299587354	496.8528781421686	473.68322277262075	1726.687180444367	13.50003988706205	5458.031939522029	714.5034911167791	470.2666847230734	5748.520691918388	3.9128604154766515	3830.369548786421	152.5876483930389	478.4491244460714
310.25	9104.489413154082	22.156793782097026	1118.0971544538875	219.65160130755376	477.13148487868955	7540.218047192891	23.697639716116388	1913.994582908996	375.1974651727676	477.11447641010164	6201.070804887249	23.93739219231097	2586.9986710019202	496.8416004759852	473.48645461650364	1727.052733645988	13.495885951615701	5457.907516686281	714.2936104077737	470.1362350399892	5748.475518267234	3.905839500358742	3830.2782814909237	152.58035580998788	478.5010236277792
312.75	9104.476519832184	22.151749186862048	1118.1117009132242	219.63049131605365	477.07056626574575	7540.062883046143	23.42959927402779	1914.0769504258446	375.2779144102014	476.8058753046801	6201.1764810130935	23.918631798113616	2586.826779598328	496.77835839252225	473.7662056207289	1727.5218090992912	13.488024246904944	5457.781859145188	714.0861099907023	470.1056863700754	5748.776132474669	3.906607906499433	3829.9698283550406	152.63411666610563	478.2965497656431
315.25	9104.280801331908	22.155691634844047	1118.043214935065	219.62632957724193	477.04187661002163	7541.65569102238	22.78666143713946	1913.092962316853	374.84873389182076	476.9937603358869	6201.617034477704	23.9276647430203	2586.694911102618	496.719902884056	473.2349257708562	1727.8704850552012	13.490105319431786	5457.689235569574	713.8481934247831	470.04429093170006	5749.180848847557	3.9095516569341298	3829.5108900584446	152.8178373706347	478.32321825190184
317.75	9104.359473516099	22.16284820356008	1118.1099228929081	219.6260130689019	477.03619958469034	7543.578546970602	22.780183961354883	1911.7502821281525	374.3220938812542	476.77620176981185	6201.737267553128	23.957265192653107	2586.435909369749	496.6444934639639	473.0105698595561	1728.251745570512	13.48894521528735	5457.583287719359	713.6620101810649	470.2062915598966	5749.488594137453	3.907130852547082	3829.2253566114373	152.92838389247825	478.3781374901468
320.25	9104.449218641315	22.15018054218785	1118.0691901065077	219.62600036792517	477.16796577029663	7545.375238650157	22.782265368515812	1910.3658952017408	373.8044795007474	476.68949023823217	6201.957955251222	23.94046091235397	2586.193069249458	496.5736389223668	473.3408932156533	1728.7800190352084	13.484874965961177	5457.417672160493	713.4506002707647	470.19926564815114	5749.598839089692	3.9090904109300797	3829.1055406232226	152.93004225440626	478.3924492683675
322.75	9104.46956479052	22.139396160239986	1117.9930046842771	219.61686375513818	477.3038175333289	7547.221767842264	23.11109116161171	1909.0509125507047	373.3102335476642	476.6095977567972	6202.352597450801	23.906383034503964	2585.9215610335787	496.47756102568945	473.7466496192236	1729.0280806187288	13.476374513740032	5457.211764554731	713.225265779446	470.1961108334965	5749.563856009866	3.9059089934033664	3829.1322701145496	152.89872653679677	478.4807687818075
325.25	9104.490444362122	22.140970851423955	1118.0466109343008	219.6185728948925	477.21423281317226	7547.045533264274	23.52920375159278	1909.2500985113313	373.39982324197223	476.63918420904434	6202.81970512952	23.942131480576247	2585.5848152584113	496.38109939025736	473.37739666218926	1729.1142467046889	13.463484201668818	5457.05775304154	713.0387610104061	470.21156069114255	5749.619090776347	3.8990054483555463	3829.078420458916	152.87925174290532	478.3820145567222
327.75	9104.588702335093	22.145145990833985	1118.0633959927047	219.5889170569273	477.13013788403134	7548.1184029491915	23.32328249569754	1908.3402066475096	373.06936581642384	476.28044734763466	6203.334649132879	23.92621346524621	2585.263014474104	496.23887377707604	473.520458111322	1729.416619248156	13.461546928536283	5456.890364952315	712.8396639251479	470.3107744127044	5749.9135244986355	3.900375925554618	3828.7294743070147	152.9285492759005	478.26967978851786
330.25	9104.578270015292	22.147418990157767	1118.0321754781883	219.63626697071516	477.1364621228393	7547.011023327603	24.06821447520119	1909.1197879740123	373.3614399330736	476.4631366482114	6203.777735761756	23.950736384565147	2584.9772408058166	496.148391457793	473.31152546831595	1729.9973027275776	13.461347803809906	5456.665620662861	712.6531207133783	470.4490047276154	5750.032353986065	3.898156273348741	3828.9754129148664	152.76557141244285	478.77042231964987
332.75	9104.41651589928	22.155442668676393	1117.9149630973477	219.60435703216396	477.07379717843685	7546.568528319627	23.639745927501405	1909.4764267087528	373.47949515299973	476.55920814962695	6204.069519515895	23.925307136138212	2584.7037268453846	496.083898887793	473.57732334929904	1730.305796624165	13.452045082991757	5456.495818037636	712.4482043105926	470.4488405354599	5749.929248254316	3.905458344588865	3829.506429115555	152.47329005819563	478.63185413866836
335.25	9104.828326730978	22.1608817719739	1117.8270635300178	219.59322707533428	476.9650850504501	7546.5077711666145	23.50209504135305	1909.5806726487779	373.54676599681795	476.6671672802211	6204.44672937491	23.94907633290899	2584.4930441380634	495.98573172435397	473.1988909030082	1730.6661824456091	13.453718781432643	5456.288037742699	712.22507207144	470.6057102240461	5749.689312584354	3.8994721079321857	3829.7381532961977	152.28579308132421	478.6792448281145
337.75	9105.03769517684	22.16138968665463	1117.712904450647	219.59089440832486	477.03606928292106	7547.140734553734	23.375017304770996	1909.1625647573778	373.38893551338487	476.548087360492	6204.608191768596	23.91985527244628	2584.307940000361	495.9039844713501	473.64523387971093	1730.9254106572103	13.443775129415034	5456.094570500565	712.0097584917139	470.55830424622127	5749.787498866251	3.8961183221264513	3829.8485054526377	152.11458662739196	478.5875807111746
340.25	9105.059162267034	22.164523201748874	1117.6930829335631	219.5505122266335	476.98480645514735	7547.219328013567	23.45047744833787	1909.1388006601976	373.4235580776624	476.76759459171166	6204.9939877259985	23.93733970416658	2584.0631077018465	495.85358715501957	473.46862543643994	1731.323554110111	13.436811908732256	5455.925826936433	711.8297098884855	470.44346654313813	5749.916054712682	3.9024233579970695	3829.8042119455886	152.07812672919647	478.55470098057344
342.75	9105.28834806435	22.160991810711792	1117.6579746126542	219.5615054269038	477.00557827632286	7548.36143480152	23.20504357412398	1908.4715128492405	373.1991685076052	476.6714908378796	6205.264560059957	23.910477042315396	2583.844453418916	495.82568283297235	473.79832946781534	1731.6720607134719	13.441290834496137	5455.760420633765	711.6130057616887	470.6050419689605	5750.26373322658	3.900919418137317	3829.492909134007	152.1912460194913	478.4679256613948
345.25	9105.486258801902	22.158186094010542	1117.6052942763286	219.55965017627415	477.01088672203036	7548.498587260177	23.81981725981707	1908.4372623567194	373.1885022657611	476.47761968550105	6205.687935918738	23.911945243867365	2583.561470448418	495.75379119309775	473.62970784928797	1732.093345345441	13.446658785847303	5455.454198725524	711.4151370130807	470.56132016951557	5750.368531886015	3.9022260475138246	3829.05275190987	152.37256768403728	478.23990075322615
347.75	9105.578791875261	22.161189523961113	1117.5302777855716	219.5675568314283	477.0452822132505	7546.999334834841	24.01286154244768	1909.531100160444	373.58352809563644	476.7619535326644	6206.148913431488	23.935551401616998	2583.3658731881574	495.69366230122677	473.51156962058724	1732.5124155749124	13.448664929654225	5455.242090183256	711.2049891708178	470.6446783165637	5750.730214002305	3.9053471679872422	3828.1688171734836	152.75592431782871	478.1818372382195
350.25	9105.79911604443	22.14845096832633	1117.482884292544	219.54474122326897	477.1809042132253	7546.4557081713165	23.284104796592434	1909.7326258938485	373.68250565492633	476.88579460725947	6206.4351643963	23.943563444401992	2583.1648862115344	495.65169996519467	473.2432138793855	1732.9098396744446	13.44278710934285	5455.082622884973	711.0016786485219	470.7610495748267	5750.97686866351	3.9086262766498963	3828.1329293289705	152.75576202112074	478.5637330871714
352.75	9106.016913528982	22.14285858219566	1117.4564324569724	219.54815856086768	477.2144117096788	7548.141465855777	23.015620877406317	1908.5472054582804	373.2336290098448	476.4965247183638	6206.764881024495	23.927394485357564	2582.9460476239765	495.5963984718911	473.46043182794364	1733.2113344202075	13.44363367546399	5454.838130114979	710.8346230935636	470.88070657445587	5751.059493975354	3.914069174723418	3828.1952307008605	152.671563844326	478.4750193662542
355.25	9106.102413517165	22.140584820245696	1117.4107052920565	219.52736296824799	477.24134494663883	7548.667403111664	23.76274428670962	1908.5213011149672	373.2195330424269	476.67444405166884	6207.078903689216	23.919392294695022	2582.8156542087313	495.5098149531793	473.5861153258688	1733.5924962891504	13.440829861333798	5454.660269991964	710.6286394575461	470.9619495940204	5751.031955654055	3.9160076995188247	3828.0733600583353	152.69001762809384	478.302519540734
357.75	9106.262838805327	22.144874905467425	1117.4231103818922	219.5576050626819	477.2163113291817	7547.674835873847	23.886361118036238	1909.058187114615	373.43565611408224	477.0384973132991	6207.626384673865	23.935636348516812	2582.6506163021377	495.4624556216621	473.29707886852367	1733.9255465938975	13.440946065455432	5454.368827800177	710.4162079651851	470.7949014352085	5751.2874011066	3.913233639088166	3827.6715438760643	152.80927411565406	478.3405123806258
360.25	9106.092285932606	22.14156407527009	1117.3611686234149	219.54670467130268	477.3473974902087	7546.895796220573	23.869481962605263	1909.7392357079273	373.65912487871395	477.3002460963149	6207.744828724487	23.92447698303069	2582.403022639805	495.4479752474369	473.61006360201486	1734.367263298553	13.442837049257504	5454.136069544987	710.2019524260734	470.70751266387043	5751.222517366254	3.917297010033808	3828.184499903342	152.5361586589236	478.9635624989673
362.75	9106.322649337751	22.15278847354863	1117.291894238027	219.5424424180568	477.1004266003399	7546.248610117819	23.84874869999522	1910.388191662667	373.88378057286775	477.52935224339757	6207.800167137805	23.939032134301392	2582.349658777991	495.4012755330069	473.30103860356996	1734.8716221445804	13.443638735689731	5453.945939785045	710.0584880923786	470.69864512613947	5751.078128678857	3.9158005421790127	3828.981321532781	152.09362912744933	478.8124579460788
365.25	9106.315327742814	22.13963378069952	1117.3071444960844	219.53435456328233	477.3599243062026	7545.571499357396	23.854509436681035	1910.993630834223	374.09673549336816	477.50536244552086	6207.912159890829	23.92415615897338	2582.2943394055787	495.3800030073313	473.69675705732277	1735.1570007770165	13.438336342176525	5453.73447202192	709.8446137850235	470.6652431796386	5750.822899336525	3.908475780750164	3829.1785244415246	151.9518482937143	478.7414816331228
367.75	9106.229939877983	22.139481448773616	1117.276579381547	219.5230328752162	477.24236230995587	7544.8094405839765	23.8459680060925	1911.5204665448337	374.3119702423095	477.45859757526455	6208.103906379712	23.926852609499903	2582.1605772421444	495.3943706825972	473.49238676110286	1735.549208354636	13.44071685973257	5453.68354501257	709.68021086893	470.7370676490791	5750.694143646819	3.913809007506536	3829.4781584448638	151.7509840395238	478.79079781115246
370.25	9106.263247897323	22.134327056573813	1117.2974583435741	219.50908865882428	477.37411306572994	7544.114764086867	23.84831421131538	1912.0873126378397	374.5114237582181	477.5793484591933	6208.248345507614	23.964235542745055	2582.0708936415435	495.3764876008903	473.00349851797455	1735.978963914383	13.438289681528099	5453.489927108919	709.5117780517642	470.8575988009371	5750.670358787114	3.897408509744499	3829.6670592935347	151.62051482099145	478.7488990685294
372.75	9106.215719183745	22.12720195602168	1117.3160376955743	219.51199402288142	477.42884871912645	7543.248089757258	23.84888784728376	1912.5848640601375	374.7220398396947	477.58530231367314	6208.359169266217	23.951495581360568	2581.9998505317235	495.40469044106203	473.3069951419833	1736.2349712913872	13.428298271989267	5453.28360099849	709.3001824291023	470.9936564680278	5750.669534012967	3.8995127957857	3829.63287741164	151.61294381137702	478.60143622744346
375.25	9106.017597932227	22.134579936196406	1117.2244105266761	219.50279791878614	477.3783690769198	7542.631937482225	23.85058718791978	1913.1507339595332	374.91314238414867	477.5363516300655	6208.39784200853	23.92797372238255	2581.911775407897	495.4298614403971	473.5783913124658	1736.5278301552357	13.415704396991243	5453.204828594309	709.1376527979826	470.9657303428968	5750.7643965940515	3.900631967242663	3829.5018951399984	151.68057886520327	478.68347169658136
377.75	9106.027087147246	22.143112257422352	1117.2423434848397	219.4656802190628	477.09430150692793	7541.885671729188	23.727794100085514	1913.6960945548706	375.10032846592713	477.7412530848419	6208.296143851653	23.944851438472952	2581.939248970684	495.4249566888477	473.3345522550344	1737.0862677059808	13.412175931175756	5453.031134126498	708.9544792700361	470.7883624271571	5750.716518947412	3.8973650914297133	3829.637177601818	151.63797608851908	478.7728039952333
380.25	9105.969215209972	22.14104672250737	1117.2188075145948	219.44427105977454	477.2605552741814	7542.0779063817245	23.505565499933333	1913.6597899279836	375.06720209562087	477.42605146853714	6208.1969621924545	23.917110301667027	2581.952817521906	495.4325590889381	473.7095794953993	1737.4133836887718	13.401034254450725	5452.742632172812	708.785188046655	470.83958110563066	5750.5464651709035	3.8976033993221395	3829.863068902581	151.5531398610376	478.7640243465217
382.75	9106.181460618736	22.156886861347253	1117.1316463495007	219.41345325563597	476.93856370694107	7542.367050136585	23.51282521241576	1913.5044081080528	375.03761470566894	477.40625073242285	6208.145608002263	23.91417655801379	2581.89408752084	495.4330824800698	473.597120877104	1737.7354855929607	13.397638206139998	5452.4650998242605	708.6013878445988	470.76160915751416	5750.507431279033	3.899215335913827	3829.9328913235354	151.52185782448532	478.73074087585593
385.25	9106.136855170147	22.15124025013203	1117.0880518112476	219.45644496136504	477.1916093391481	7542.644909685522	23.503445158356445	1913.3752919789977	374.9923729576784	477.39827035503566	6208.071546806477	23.935042082239367	2581.916655777324	495.4366790956177	473.42757182117487	1738.1760951535343	13.393348817793584	5452.289090855789	708.4561417154254	470.63207981284336	5750.576757488658	3.9005452989578413	3829.867852096187	151.54605403325752	478.675775215862
387.75	9106.260323856184	22.146587442794047	1117.115164920858	219.42365176162102	477.2888205311284	7542.928030282475	23.52550358027986	1913.2577599698218	374.9479914235009	477.16537586449004	6208.176543488117	23.91187704632514	2581.9672059832865	495.4474800893228	473.7049034304682	1738.5165791601469	13.393860901600355	5452.098325732275	708.2836836529643	470.5520917714739	5750.627243303341	3.8945872915224293	3829.896875412498	151.52484433422313	478.81966550503887
390.25	9106.181707180143	22.135720281734447	1117.02559768848	219.4667238429896	477.4086108507383	7543.212981354183	23.512540541088068	1913.1622997549966	374.8909046736546	477.3733498959425	6208.178449574375	23.93216506709807	2581.9589594591775	495.39518396994447	473.3614063068829	1738.8951134640329	13.38835849484663	5451.943652062336	708.113638949183	470.66336490545837	5750.499206616881	3.8931920992199442	3830.126643135182	151.38951412746331	478.99245843294455
392.75	9106.246165781853	22.118305463316695	1117.0012926232625	219.45757109096857	477.55354852535214	7543.285922328253	23.50402460953364	1913.0174210475313	374.84055428854583	477.3749457968316	6208.209486556291	23.921493279599584	2581.9310870166332	495.39161079037007	473.46674674839227	1739.1208753212964	13.382885065599604	5451.772320515377	707.9170214866045	470.4444116396611	5750.397135688281	3.893837617589025	3830.4190314220255	151.274192306384	478.8524062178226
395.25	9106.310351895925	22.127216832808173	1116.9404002989277	219.48708684523464	477.41734263111186	7543.535024340051	23.507303984266738	1912.9985209821791	374.75920992022156	477.3192968067728	6208.119307320967	23.95924471636832	2581.8509996650705	495.4031825283544	473.00421684720413	1739.4541249180756	13.374978906689835	5451.569969981903	707.7765054976409	470.65065880828513	5750.350101413382	3.88983151644096	3830.677815338571	151.14008552766978	478.8893955700046
397.75	9106.291638961655	22.127882583341826	1116.865909371758	219.50296092671388	477.4753560326256	7543.5795965335765	23.508771334834194	1912.9203145188528	374.6955145424424	477.2956967328882	6208.0225033443885	23.95383731439419	2581.8093298406106	495.43163413393654	473.2693887479799	1739.7539756447693	13.37592589500581	5451.399924154071	707.6188935817466	470.65834217533774	5750.326637256146	3.889285769996038	3830.5321383164446	151.1686321535367	478.7833006609001
